0 32.6215 20.0634 -2.59963
1 32.6194 20.0635 -2.59988
2 32.6183 20.0652 -2.60013
3 32.6173 20.0672 -2.60036
4 32.6153 20.0674 -2.6006
5 32.614 20.0687 -2.60083
6 32.6111 20.0675 -2.60107
7 32.6094 20.0681 -2.6013
8 32.6073 20.0681 -2.60153
9 32.6078 20.0721 -2.60174
10 32.6064 20.0731 -2.60195
11 32.6046 20.0735 -2.60217
12 32.6011 20.0709 -2.60233
13 32.5857 20.0494 -2.60237
14 32.5617 20.0093 -2.6033
15 32.5227 19.9452 -2.60391
16 32.4795 19.8723 -2.60488
17 32.4236 19.784 -2.60458
18 32.3647 19.6805 -2.60643
19 32.3046 19.5732 -2.60856
20 32.2529 19.4959 -2.60718
21 32.1897 19.3961 -2.60651
22 32.1141 19.2586 -2.60949
23 32.0315 19.1259 -2.60868
24 31.9566 18.9931 -2.61074
25 31.8782 18.8509 -2.61341
26 31.7855 18.6961 -2.61339
27 31.7335 18.6239 -2.61058
28 31.6618 18.5222 -2.60701
29 31.6104 18.4389 -2.60714
30 31.547 18.3361 -2.60704
31 31.4654 18.2024 -2.60687
32 31.3859 18.0623 -2.60882
33 31.2921 17.9121 -2.60761
34 31.2105 17.7571 -2.61191
35 31.1508 17.6535 -2.61309
36 31.0518 17.4894 -2.61257
37 30.9511 17.3126 -2.6141
38 30.8988 17.2214 -2.74187
39 30.8645 17.1516 -2.74507
40 30.8239 17.0659 -2.7462
41 30.7934 16.9901 -2.74778
42 30.757 16.8992 -2.74799
43 30.7288 16.8169 -2.74704
44 30.3521 16.3607 -2.60009
45 30.305 16.2787 -2.74495
46 30.1601 16.0515 -2.59756
47 30.0399 15.8648 -2.59443
48 29.9843 15.7712 -2.73334
49 29.9414 15.6877 -2.73084
50 29.8902 15.5829 -2.72687
51 29.5383 15.0992 -2.58103
52 29.4581 14.9844 -2.57849
53 29.2872 14.7158 -2.57677
54 29.1226 14.4624 -2.57465
55 29.0509 14.357 -2.5736
56 29.0053 14.2834 -2.71865
57 28.9551 14.1956 -2.71776
58 28.9123 14.1098 -2.71859
59 28.8699 14.0166 -2.71876
60 28.8342 13.9267 -2.71754
61 28.8047 13.841 -2.71826
62 28.7766 13.7546 -2.71798
63 28.7519 13.6717 -2.71796
64 28.7254 13.5847 -2.71823
65 28.6989 13.4967 -2.71847
66 28.6725 13.4085 -2.71833
67 28.6502 13.3279 -2.71898
68 28.6348 13.2632 -2.71702
69 28.6066 13.1768 -2.71732
70 28.5833 13.1 -2.71801
71 28.5537 13.0135 -2.71617
72 28.5255 12.9313 -2.71515
73 28.4973 12.8507 -2.71434
74 28.4673 12.769 -2.7128
75 28.4361 12.6867 -2.71176
76 28.4031 12.6021 -2.71181
77 28.3684 12.5142 -2.71271
78 28.3398 12.4399 -2.71251
79 28.3099 12.3625 -2.71497
80 28.2712 12.2674 -2.71542
81 28.2406 12.1884 -2.71754
82 28.2122 12.1152 -2.71768
83 28.1756 12.0238 -2.72023
84 28.148 11.9504 -2.72289
85 28.1183 11.8724 -2.72459
86 28.0921 11.8017 -2.72644
87 28.0618 11.7227 -2.72763
88 28.0312 11.6424 -2.72983
89 27.9992 11.5588 -2.73102
90 27.9673 11.4753 -2.73262
91 27.9348 11.3901 -2.73385
92 27.9022 11.305 -2.73459
93 26.0898 9.19118 -2.5266
94 25.9395 8.9514 -2.526
95 25.8203 8.76936 -2.52659
96 25.7139 8.61751 -2.52671
97 25.607 8.4652 -2.5275
98 25.4845 8.29121 -2.52829
99 25.3618 8.11698 -2.52941
100 25.2357 7.93878 -2.53051
101 25.1077 7.75985 -2.5313
102 24.9825 7.58488 -2.53217
103 24.8305 7.36889 -2.53348
104 24.6929 7.17575 -2.53434
105 24.5555 6.98139 -2.53548
106 24.4166 6.78404 -2.53673
107 24.2811 6.5912 -2.53796
108 24.1337 6.38145 -2.53896
109 23.9986 6.18827 -2.54022
110 23.8619 5.98784 -2.54248
111 23.7136 5.77333 -2.54381
112 23.5793 5.57585 -2.54582
113 23.4365 5.36889 -2.54689
114 23.2957 5.167 -2.5473
115 23.1615 4.97566 -2.54744
116 22.9376 4.63659 -2.55479
117 22.8321 4.49768 -2.55141
118 22.6822 4.28511 -2.54955
119 22.4863 3.99179 -2.55463
120 22.3395 3.77751 -2.55647
121 22.171 3.53758 -2.55576
122 22.0562 3.38296 -2.55167
123 21.9043 3.14979 -2.55724
124 21.7612 2.94591 -2.55751
125 21.6602 2.7804 -2.56403
126 21.4897 2.55036 -2.55904
127 21.3511 2.35021 -2.55879
128 21.2155 2.15318 -2.55893
129 21.0764 1.95149 -2.55886
130 20.937 1.74562 -2.55963
131 20.8482 1.59454 -2.56609
132 20.7023 1.41617 -2.54619
133 20.6431 1.33017 -2.7199
134 20.5913 1.23958 -2.71765
135 20.5419 1.13782 -2.71572
136 20.5006 1.03369 -2.71421
137 20.4602 0.920456 -2.71061
138 20.4247 0.806241 -2.70967
139 19.9437 0.369023 -2.53121
140 19.8836 0.28072 -2.70426
141 19.8318 0.187266 -2.70082
142 19.785 0.0851505 -2.69946
143 19.3246 -0.504342 -2.52821
144 19.0651 -0.853369 -2.52351
145 18.8501 -1.14524 -2.52155
146 18.669 -1.39217 -2.52087
147 18.4891 -1.63618 -2.52024
148 18.3243 -1.86547 -2.52139
149 18.1596 -2.09387 -2.52242
150 17.8477 -2.4884 -2.51048
151 17.6805 -2.71799 -2.51
152 17.5249 -2.92883 -2.50939
153 17.353 -3.16115 -2.50906
154 17.2054 -3.36137 -2.50915
155 17.0761 -3.51791 -2.50543
156 16.9355 -3.70152 -2.50494
157 16.767 -3.9339 -2.50644
158 16.6174 -4.133 -2.50635
159 16.4885 -4.29623 -2.50505
160 16.3455 -4.48565 -2.5052
161 16.1906 -4.69235 -2.50555
162 16.0396 -4.89694 -2.50642
163 15.8853 -5.10411 -2.50692
164 15.735 -5.30762 -2.50779
165 15.5745 -5.52157 -2.50754
166 15.4156 -5.73519 -2.50767
167 15.2509 -5.95153 -2.5065
168 15.1008 -6.14725 -2.50523
169 14.9502 -6.34221 -2.50377
170 14.7987 -6.53124 -2.50042
171 14.6634 -6.69856 -2.49748
172 14.5127 -6.88166 -2.49348
173 14.3633 -7.0574 -2.48827
174 14.1898 -7.25239 -2.48025
175 14.0398 -7.41646 -2.4729
176 13.8856 -7.57448 -2.46321
177 13.7057 -7.7431 -2.44852
178 13.6219 -7.81212 -2.4407
179 13.517 -7.89404 -2.42966
180 13.3865 -7.98542 -2.41327
181 13.2389 -8.08462 -2.39418
182 13.0987 -8.17131 -2.37483
183 12.958 -8.25243 -2.35459
184 12.8112 -8.3344 -2.33374
185 12.5581 -8.49932 -2.30275
186 12.4089 -8.56976 -2.27964
187 12.3136 -8.60428 -2.26541
188 12.1268 -8.69224 -2.23902
189 11.9787 -8.74768 -2.21607
190 11.8845 -8.76554 -2.1995
191 11.7686 -8.78718 -2.1782
192 11.6139 -8.81816 -2.15069
193 11.4476 -8.85708 -2.1244
194 11.274 -8.89901 -2.09908
195 11.0967 -8.93982 -2.07433
196 10.9002 -8.9767 -2.04605
197 10.7278 -9.0147 -2.02541
198 10.544 -9.04581 -2.00184
199 10.3284 -9.0712 -1.97215
200 10.1192 -9.10335 -1.9491
201 9.94939 -9.12963 -1.93271
202 9.88195 -9.15781 -1.9719
203 9.81061 -9.18803 -1.94451
204 9.73971 -9.21629 -1.9072
205 9.66902 -9.24062 -1.86825
206 9.60285 -9.25718 -1.83237
207 9.53672 -9.26602 -1.79355
208 9.47494 -9.26686 -1.77142
209 9.41402 -9.25952 -1.73413
210 9.35509 -9.24309 -1.70072
211 9.29518 -9.21939 -1.67059
212 9.2337 -9.19114 -1.64886
213 9.17989 -9.15217 -1.61113
214 9.12476 -9.11142 -1.5945
215 9.05952 -9.07013 -1.57063
216 8.99761 -9.0215 -1.54033
217 8.93905 -8.96973 -1.52228
218 8.86664 -8.91759 -1.49639
219 8.79386 -8.85925 -1.46695
220 8.71977 -8.79572 -1.44082
221 8.64235 -8.72994 -1.42194
222 8.56178 -8.65975 -1.39489
223 8.48006 -8.58287 -1.3623
224 8.39526 -8.50385 -1.34451
225 8.31261 -8.4205 -1.31926
226 8.22549 -8.33379 -1.29489
227 8.13833 -8.24382 -1.27159
228 8.05462 -8.15136 -1.24989
229 7.97304 -8.0583 -1.22969
230 7.88985 -7.96511 -1.2128
231 6.66881 -7.0404 -1.11771
232 6.06507 -6.88299 -1.09096
233 5.78512 -6.74332 -1.07675
234 5.60111 -6.64778 -1.06611
235 5.39073 -6.53656 -1.05817
236 5.15441 -6.38179 -1.05397
237 4.95465 -6.26365 -1.04901
238 4.76303 -6.11679 -1.04687
239 4.56132 -5.97398 -1.04505
240 4.25774 -5.80958 -1.0401
241 4.10035 -5.70795 -1.03968
242 3.89363 -5.58148 -1.03746
243 3.67309 -5.44472 -1.03552
244 3.45479 -5.29984 -1.03436
245 3.28986 -5.19659 -1.02989
246 3.02298 -5.02714 -1.03101
247 2.79589 -4.88495 -1.02896
248 2.58569 -4.7456 -1.02653
249 2.33679 -4.57658 -1.02425
250 2.11736 -4.43416 -1.02242
251 1.88567 -4.28449 -1.02025
252 1.66725 -4.1411 -1.01777
253 1.45797 -4.00268 -1.01584
254 1.24449 -3.85964 -1.01396
255 1.00026 -3.6928 -1.01169
256 0.785457 -3.55234 -1.00903
257 0.588798 -3.41878 -1.00525
258 0.425705 -3.3062 -0.999176
259 0.20385 -3.17425 -0.99527
260 -0.00945291 -3.04311 -0.997264
261 -0.225465 -2.90013 -0.995754
262 -0.382271 -2.78397 -0.98855
263 -0.561912 -2.65605 -0.980946
264 -0.71477 -2.54142 -0.978378
265 -0.87897 -2.43177 -0.977727
266 -1.04519 -2.31649 -0.977688
267 -1.27495 -2.15797 -0.97551
268 -1.46313 -2.02926 -0.97429
269 -1.52418 -1.98909 -0.982523
270 -1.57182 -1.95533 -0.983977
271 -1.65563 -1.89926 -1.08379
272 -1.98111 -1.67442 -0.9845
273 -2.24863 -1.48697 -0.983173
274 -2.32887 -1.43329 -1.0815
275 -2.66353 -1.20119 -0.982526
276 -2.74648 -1.14589 -1.08011
277 -2.83078 -1.09481 -1.07952
278 -2.91617 -1.04781 -1.07938
279 -3.44216 -0.685668 -0.986869
280 -3.73872 -0.476565 -0.983969
281 -3.98561 -0.307278 -0.983541
282 -4.06913 -0.251689 -1.07756
283 -4.14786 -0.204371 -1.07735
284 -4.23914 -0.152906 -1.07674
285 -4.26241 -0.0789898 -0.970909
286 -4.34108 -0.0258758 -1.0763
287 -4.42346 0.024571 -1.07589
288 -4.50316 0.0680536 -1.07592
289 -4.58616 0.109847 -1.07549
290 -4.66961 0.148388 -1.07642
291 -4.75344 0.184607 -1.07692
292 -5.5665 0.798589 -0.968629
293 -5.89731 1.00539 -0.972572
294 -5.98 1.06111 -1.07802
295 -6.30644 1.27433 -0.974846
296 -6.54262 1.42686 -0.976865
297 -6.75199 1.56416 -0.978125
298 -6.95018 1.69564 -0.978876
299 -7.15184 1.82822 -0.980026
300 -7.34439 1.95656 -0.980502
301 -7.55377 2.09922 -0.97977
302 -7.64358 2.15856 -1.07886
303 -7.73524 2.2142 -1.07928
304 -7.83132 2.26806 -1.07938
305 -7.93195 2.32044 -1.07923
306 -8.03254 2.36885 -1.07893
307 -8.13768 2.4175 -1.07806
308 -8.36101 2.64148 -0.979789
309 -8.60748 2.80886 -0.978078
310 -8.77541 2.92527 -0.976434
311 -9.01951 3.08807 -0.976267
312 -9.21623 3.22406 -0.974889
313 -9.4157 3.36302 -0.973394
314 -9.6021 3.49505 -0.971441
315 -9.92966 3.71509 -0.973351
316 -10.127 3.85741 -0.969917
317 -10.3435 4.00652 -0.969062
318 -10.6482 4.21066 -0.971178
319 -10.8763 4.37063 -0.970477
320 -11.0654 4.50834 -0.966688
321 -11.2499 4.63778 -0.965342
322 -11.4662 4.78398 -0.965935
323 -11.745 4.96917 -0.969108
324 -11.9586 5.11886 -0.968202
325 -12.1549 5.25452 -0.967648
326 -12.3803 5.4088 -0.9676
327 -12.5906 5.55265 -0.967743
328 -12.7948 5.69178 -0.967977
329 -13.0204 5.8454 -0.968084
330 -13.2482 6.00197 -0.967722
331 -13.4856 6.16396 -0.967625
332 -13.7158 6.32653 -0.964519
333 -13.9245 6.46553 -0.963341
334 -14.1392 6.60894 -0.962859
335 -14.3806 6.77025 -0.96261
336 -14.5838 6.90594 -0.962718
337 -14.7555 7.02647 -0.960622
338 -14.9197 7.13781 -0.960454
339 -15.1461 7.28995 -0.961148
340 -15.3648 7.43754 -0.961578
341 -15.5288 7.56413 -0.957179
342 -15.7228 7.7003 -0.956855
343 -15.9364 7.84877 -0.957257
344 -16.1356 7.98547 -0.958049
345 -16.3343 8.12184 -0.958848
346 -16.5388 8.26113 -0.959997
347 -16.7475 8.40155 -0.961715
348 -16.9732 8.55237 -0.963714
349 -17.1912 8.69451 -0.966714
350 -17.4017 8.82912 -0.970276
351 -17.6206 8.965 -0.975039
352 -17.8533 9.1046 -0.98148
353 -18.0556 9.22341 -0.987277
354 -18.2683 9.34079 -0.995463
355 -18.4953 9.45594 -1.00709
356 -18.7057 9.55741 -1.01879
357 -18.9229 9.65403 -1.03277
358 -19.0725 9.71242 -1.04374
359 -19.2627 9.77854 -1.06025
360 -19.4831 9.8484 -1.08086
361 -19.7147 9.91911 -1.10211
362 -19.9435 9.98101 -1.12447
363 -20.1851 10.0341 -1.15105
364 -20.4222 10.0791 -1.1778
365 -20.7527 10.1522 -1.20693
366 -21.0243 10.1881 -1.23715
367 -21.2617 10.2057 -1.2663
368 -21.5093 10.2078 -1.30027
369 -21.7384 10.2144 -1.32632
370 -21.9265 10.217 -1.34646
371 -22.1429 10.1859 -1.38228
372 -22.3749 10.1545 -1.41694
373 -22.6154 10.1184 -1.45093
374 -22.841 10.0862 -1.47876
375 -23.049 10.0477 -1.50543
376 -23.2613 9.99723 -1.53496
377 -23.466 9.9474 -1.5612
378 -23.6763 9.88418 -1.59086
379 -23.8699 9.82391 -1.61629
380 -24.0525 9.76062 -1.64085
381 -24.232 9.69351 -1.665
382 -24.2762 9.64646 -1.68352
383 -24.3879 9.57664 -1.70861
384 -24.5269 9.49637 -1.73572
385 -24.682 9.40658 -1.76442
386 -24.8519 9.30683 -1.79438
387 -24.9337 9.28793 -1.9662
388 -25.0132 9.26294 -1.99977
389 -25.0933 9.22933 -2.03388
390 -25.1682 9.18549 -2.06846
391 -25.238 9.12973 -2.10355
392 -25.3009 9.06105 -2.14604
393 -25.3576 8.9809 -2.17806
394 -25.4034 8.89167 -2.20959
395 -25.4528 8.79209 -2.24048
396 -25.4922 8.68724 -2.26323
397 -25.5207 8.57936 -2.29331
398 -25.552 8.46626 -2.3221
399 -25.5793 8.34974 -2.35016
400 -25.6059 8.22983 -2.37679
401 -25.6218 8.11216 -2.40211
402 -25.6379 7.99369 -2.42664
403 -24.7296 7.87467 -2.28216
404 -24.8212 7.75865 -2.30611
405 -24.9282 7.63041 -2.33037
406 -25.0234 7.51391 -2.35026
407 -25.1209 7.3859 -2.37138
408 -25.2135 7.24877 -2.39331
409 -25.2911 7.12008 -2.41511
410 -25.3956 6.95886 -2.43659
411 -25.482 6.80563 -2.45877
412 -25.5645 6.65644 -2.47872
413 -25.6611 6.48933 -2.49731
414 -25.7493 6.32909 -2.51484
415 -25.8272 6.18122 -2.53085
416 -25.9019 6.02907 -2.54776
417 -25.9852 5.8588 -2.5648
418 -26.0681 5.68135 -2.58219
419 -26.1481 5.50289 -2.59916
420 -26.2245 5.32846 -2.61493
421 -26.3054 5.14478 -2.62967
422 -26.386 4.96691 -2.64183
423 -26.4584 4.79648 -2.65422
424 -26.5363 4.61046 -2.66677
425 -26.6151 4.41547 -2.67954
426 -26.6923 4.22168 -2.69146
427 -26.7718 4.01361 -2.70411
428 -26.8414 3.81567 -2.7174
429 -26.9077 3.61343 -2.73164
430 -26.9635 3.41492 -2.74813
431 -27.0099 3.21571 -2.76714
432 -27.0572 2.99721 -2.78774
433 -27.0895 2.79436 -2.81009
434 -27.116 2.58015 -2.83477
435 -27.1261 2.36796 -2.86374
436 -27.1392 2.15785 -2.88898
437 -27.142 1.94322 -2.91661
438 -27.1411 1.73674 -2.94251
439 -27.1315 1.54584 -2.96818
440 -27.1127 1.33984 -2.99684
441 -27.0949 1.16608 -3.02014
442 -27.108 1.10291 -3.18157
443 -27.1173 1.04592 -3.21613
444 -27.1229 0.988496 -3.23665
445 -27.1224 0.940605 -3.26382
446 -26.8729 0.435176 -3.16137
447 -26.8746 0.386225 -3.31795
448 -26.8738 0.344876 -3.34458
449 -26.8701 0.308811 -3.3702
450 -26.8634 0.279447 -3.39457
451 -26.8536 0.24769 -3.41743
452 -26.8405 0.227894 -3.43853
453 -26.8247 0.21453 -3.45861
454 -26.8063 0.200183 -3.48195
455 -26.5107 0.0313067 -3.32228
456 -26.4379 -0.258755 -3.34676
457 -26.3786 -0.433232 -3.36571
458 -26.3255 -0.561173 -3.3825
459 -26.2691 -0.676993 -3.40017
460 -26.2101 -0.778347 -3.4187
461 -26.2028 -0.823745 -3.6037
462 -26.1072 -0.899759 -3.45497
463 -26.0263 -1.00561 -3.47898
464 -26.015 -1.05368 -3.66605
465 -26.002 -1.10224 -3.68858
466 -25.8072 -1.24435 -3.54491
467 -25.7903 -1.29581 -3.73319
468 -25.7715 -1.34548 -3.75419
469 -25.7503 -1.39306 -3.77374
470 -25.435 -1.6296 -3.63879
471 -25.4103 -1.68192 -3.80626
472 -25.3816 -1.73577 -3.82546
473 -25.0969 -1.98095 -3.70424
474 -25.0666 -2.03379 -3.86585
475 -25.1501 -1.77173 -3.72353
476 -25.1515 -1.73386 -3.73451
477 -25.1237 -1.73976 -3.74763
478 -25.0673 -1.76725 -3.76624
479 -24.995 -1.82404 -3.78277
480 -24.9008 -1.90116 -3.80119
481 -24.7874 -1.9979 -3.82018
482 -24.6713 -2.09911 -3.83755
483 -24.5587 -2.19456 -3.85392
484 -24.4457 -2.29484 -3.86781
485 -24.3254 -2.40337 -3.88077
486 -24.1883 -2.52744 -3.89358
487 -24.054 -2.65246 -3.90387
488 -23.9107 -2.7886 -3.91272
489 -23.7673 -2.92361 -3.92081
490 -23.6275 -3.05683 -3.92744
491 -23.4914 -3.18643 -3.93321
492 -23.3541 -3.31926 -3.93771
493 -23.2144 -3.45421 -3.94171
494 -23.0654 -3.59615 -3.94578
495 -22.9158 -3.73759 -3.94968
496 -22.78 -3.86669 -3.95285
497 -22.6346 -4.00279 -3.9563
498 -22.4915 -4.13565 -3.95968
499 -22.3489 -4.26783 -3.96276
500 -22.1943 -4.41092 -3.96553
501 -22.054 -4.53614 -3.96945
502 -21.9011 -4.67677 -3.97177
503 -21.7503 -4.81189 -3.97492
504 -21.5946 -4.95052 -3.97795
505 -21.4411 -5.08632 -3.98094
506 -21.3694 -5.15089 -4.11655
507 -21.2958 -5.21152 -4.11888
508 -21.2163 -5.27181 -4.12154
509 -21.1292 -5.33291 -4.12316
510 -21.0371 -5.39232 -4.12514
511 -20.942 -5.44868 -4.12759
512 -20.8425 -5.50408 -4.12976
513 -20.7908 -5.78147 -3.9571
514 -20.6203 -5.94521 -3.95556
515 -20.4687 -6.08575 -3.95672
516 -20.3275 -6.21691 -3.95828
517 -20.1633 -6.36901 -3.95996
518 -19.963 -6.5517 -3.96245
519 -19.7648 -6.7328 -3.96479
520 -19.5635 -6.91487 -3.96756
521 -19.3441 -7.11296 -3.97032
522 -19.129 -7.30402 -3.97373
523 -18.8982 -7.5117 -3.97603
524 -18.5304 -7.80409 -3.9895
525 -18.3492 -7.98618 -3.98399
526 -18.1503 -8.16456 -3.98502
527 -17.9223 -8.36648 -3.98659
528 -17.697 -8.55966 -3.98997
529 -17.4765 -8.74934 -3.99278
530 -17.2627 -8.92947 -3.99641
531 -17.0224 -9.1341 -3.99915
532 -16.7905 -9.33038 -4.00182
533 -16.5544 -9.52624 -4.00541
534 -16.3323 -9.71039 -4.00848
535 -16.1069 -9.89736 -4.0111
536 -15.8848 -10.0793 -4.01408
537 -15.6769 -10.2464 -4.01764
538 -15.5851 -10.3216 -4.18359
539 -15.2997 -10.5551 -4.02131
540 -15.0608 -10.7458 -4.02434
541 -14.823 -10.9345 -4.02734
542 -14.604 -11.1083 -4.02981
543 -14.3763 -11.2928 -4.0307
544 -14.161 -11.4667 -4.03151
545 -13.9471 -11.6399 -4.032
546 -13.7457 -11.7967 -4.03447
547 -13.5398 -11.9646 -4.03408
548 -13.3485 -12.1126 -4.03639
549 -13.2587 -12.1801 -4.18441
550 -13.1647 -12.2435 -4.18368
551 -13.0671 -12.3023 -4.18242
552 -12.9657 -12.3577 -4.18223
553 -12.8665 -12.4062 -4.18158
554 -12.7682 -12.4509 -4.18067
555 -12.6639 -12.4985 -4.17918
556 -12.7743 -12.6042 -4.02962
557 -12.6193 -12.7279 -4.0312
558 -12.5475 -12.7822 -4.17731
559 -12.4657 -12.836 -4.17652
560 -12.3769 -12.8863 -4.17645
561 -12.2863 -12.9304 -4.17574
562 -12.192 -12.972 -4.17501
563 -12.0944 -13.0125 -4.17532
564 -11.9973 -13.051 -4.1744
565 -11.8974 -13.0912 -4.17408
566 -11.7975 -13.1318 -4.17361
567 -11.6979 -13.1732 -4.17316
568 -11.5992 -13.2155 -4.17254
569 -11.5051 -13.2564 -4.17234
570 -11.4115 -13.2986 -4.17239
571 -11.3199 -13.3411 -4.17233
572 -11.2282 -13.385 -4.17257
573 -11.1383 -13.429 -4.17286
574 -11.0475 -13.4747 -4.17291
575 -10.9553 -13.5224 -4.17265
576 -10.8675 -13.5681 -4.17282
577 -10.779 -13.615 -4.17332
578 -10.6888 -13.6634 -4.17389
579 -10.5996 -13.7117 -4.17402
580 -9.38314 -15.1662 -4.00317
581 -9.1182 -15.365 -4.00472
582 -9.0362 -15.4348 -4.17502
583 -8.77809 -15.6488 -4.00405
584 -8.58901 -15.8075 -4.0038
585 -8.39074 -15.9714 -4.00487
586 -8.21186 -16.1242 -4.00508
587 -8.03109 -16.2787 -4.00557
588 -7.84999 -16.436 -4.00544
589 -7.66358 -16.5974 -4.00555
590 -7.57327 -16.6745 -4.17755
591 -7.47776 -16.7456 -4.17759
592 -7.03745 -17.103 -4.01775
593 -6.84069 -17.2718 -4.01806
594 -6.63351 -17.4481 -4.0188
595 -6.42808 -17.6241 -4.0193
596 -6.23222 -17.7904 -4.02045
597 -6.02627 -17.9639 -4.02128
598 -5.83227 -18.1259 -4.02234
599 -5.62672 -18.2966 -4.02359
600 -5.45037 -18.4447 -4.02416
601 -5.25954 -18.6016 -4.02534
602 -5.06912 -18.7571 -4.02719
603 -4.85865 -18.9254 -4.03047
604 -4.6549 -19.0837 -4.03443
605 -4.45168 -19.2376 -4.03924
606 -4.23695 -19.3978 -4.04495
607 -4.0273 -19.5494 -4.05146
608 -3.82612 -19.694 -4.05763
609 -3.62836 -19.8349 -4.06337
610 -3.43052 -19.9707 -4.07034
611 -3.23364 -20.1026 -4.07767
612 -3.09041 -20.2015 -4.08212
613 -2.89295 -20.3258 -4.09101
614 -2.68212 -20.4535 -4.10135
615 -2.4584 -20.5827 -4.11309
616 -2.24785 -20.6994 -4.12515
617 -2.04064 -20.8044 -4.13932
618 -1.92822 -20.8589 -4.14668
619 -1.79191 -20.9166 -4.15816
620 -1.6242 -20.9858 -4.17217
621 -1.45306 -21.0506 -4.18788
622 -1.2865 -21.0958 -4.20898
623 -1.16436 -21.1392 -4.22023
624 -1.00264 -21.205 -4.23092
625 -0.825077 -21.2223 -4.2625
626 -0.652235 -21.2518 -4.28702
627 -0.482362 -21.2738 -4.31249
628 -0.317337 -21.2861 -4.33939
629 -0.124597 -21.2952 -4.37082
630 0.0792172 -21.2957 -4.40533
631 0.282584 -21.2987 -4.4362
632 0.479114 -21.2976 -4.46547
633 0.681004 -21.2933 -4.49399
634 0.883972 -21.2621 -4.53152
635 1.11095 -21.232 -4.56819
636 1.34491 -21.183 -4.61016
637 1.58365 -21.1417 -4.64494
638 1.67338 -21.1526 1.39111
639 1.98998 -20.9834 1.55104
640 2.07679 -20.9856 1.30364
641 2.15833 -20.9771 1.26327
642 2.23439 -20.9559 1.22358
643 2.30709 -20.919 1.17368
644 2.37143 -20.8643 1.12413
645 2.42991 -20.792 1.08451
646 2.48205 -20.7029 1.0369
647 2.53165 -20.6004 1.0009
648 2.57577 -20.4836 0.956943
649 2.6196 -20.3558 0.922266
650 2.65965 -20.2194 0.889858
651 2.70203 -20.0758 0.860169
652 3.37333 -19.4641 1.05981
653 3.78439 -19.2642 1.025
654 4.0207 -19.1059 0.995502
655 4.22159 -18.9516 0.968961
656 4.40486 -18.7979 0.945222
657 4.62409 -18.6158 0.926469
658 4.79954 -18.4583 0.906438
659 5.05633 -18.246 0.895027
660 5.22082 -18.1052 0.883232
661 5.3858 -17.9616 0.873033
662 5.65282 -17.738 0.870171
663 5.81549 -17.5917 0.86004
664 5.97808 -17.4501 0.853089
665 6.16394 -17.2875 0.846671
666 6.33415 -17.1344 0.840315
667 6.59079 -16.9077 0.840582
668 6.79327 -16.7188 0.835047
669 6.98332 -16.5397 0.829318
670 7.16848 -16.3645 0.823557
671 7.35401 -16.1873 0.817925
672 7.54606 -16.0035 0.812518
673 7.69841 -15.8585 0.808525
674 7.86676 -15.6939 0.803758
675 7.99157 -15.5852 0.805966
676 8.19806 -15.3623 0.793427
677 8.31482 -15.2556 0.79424
678 8.44399 -15.1236 0.790937
679 8.52582 -15.049 0.608201
680 8.59887 -14.9727 0.602076
681 8.66957 -14.8887 0.595454
682 8.73532 -14.7987 0.588882
683 9.24804 -14.1836 0.73809
684 9.42167 -13.9873 0.731892
685 9.59713 -13.7762 0.722308
686 9.74229 -13.5963 0.715329
687 9.91299 -13.3872 0.707795
688 10.047 -13.2079 0.695536
689 10.1636 -13.0698 0.691671
690 10.299 -12.8985 0.685204
691 10.4492 -12.712 0.680268
692 10.6113 -12.5119 0.676186
693 10.6754 -12.4335 0.554136
694 10.7344 -12.3514 0.554227
695 10.789 -12.2653 0.554173
696 10.8362 -12.1804 0.554024
697 10.8831 -12.0901 0.553879
698 10.9275 -11.9987 0.553776
699 10.9703 -11.9068 0.55379
700 11.0236 -11.799 0.553423
701 11.0641 -11.7072 0.553669
702 11.1072 -11.613 0.553519
703 11.1498 -11.5209 0.553494
704 11.1935 -11.4292 0.553659
705 11.2403 -11.3348 0.553966
706 11.2884 -11.2401 0.554117
707 11.338 -11.1446 0.554195
708 11.3868 -11.0513 0.553397
709 11.4352 -10.9601 0.553451
710 11.4852 -10.8683 0.553982
711 11.5352 -10.7773 0.553256
712 11.5835 -10.6896 0.552511
713 11.6321 -10.6021 0.551763
714 13.5023 -9.02439 0.764351
715 13.5799 -8.94079 0.550241
716 13.6514 -8.85087 0.549807
717 13.713 -8.75888 0.548872
718 13.7669 -8.66482 0.547866
719 13.8148 -8.56909 0.546966
720 13.8599 -8.47018 0.546284
721 13.8983 -8.37443 0.546202
722 13.933 -8.28104 0.545872
723 14.8095 -7.24692 0.697622
724 14.8741 -7.16901 0.545906
725 14.9319 -7.09089 0.545307
726 14.9839 -7.01227 0.545769
727 15.0312 -6.93305 0.546245
728 15.5359 -6.35275 0.691523
729 15.5974 -6.27782 0.547089
730 15.6539 -6.2019 0.547843
731 15.7061 -6.12466 0.54822
732 15.7553 -6.04526 0.548377
733 16.1886 -5.56692 0.690737
734 16.3769 -5.32824 0.688337
735 16.5299 -5.13697 0.686673
736 16.6547 -4.98318 0.685449
737 16.7945 -4.81103 0.68441
738 16.9428 -4.63396 0.684888
739 17.0778 -4.46781 0.683828
740 17.2044 -4.31863 0.684531
741 17.3527 -4.14392 0.685641
742 17.5061 -3.95683 0.685144
743 17.5765 -3.86972 0.553248
744 17.6428 -3.77876 0.55398
745 17.7048 -3.6845 0.554752
746 17.7606 -3.59042 0.555567
747 18.2297 -2.96355 0.651999
748 18.2876 -2.88693 0.556484
749 18.6084 -2.49169 0.651116
750 18.8255 -2.23121 0.653461
751 18.8857 -2.15224 0.559432
752 18.9412 -2.07215 0.560434
753 18.9965 -1.98571 0.561531
754 19.0499 -1.89593 0.562969
755 19.1021 -1.80287 0.563481
756 19.1543 -1.70628 0.564534
757 19.2047 -1.61004 0.565478
758 19.2573 -1.50957 0.565614
759 19.3087 -1.41024 0.565729
760 19.3601 -1.31204 0.56693
761 19.4132 -1.21221 0.566916
762 19.4684 -1.11074 0.567464
763 19.5249 -1.00913 0.568583
764 19.5812 -0.909205 0.568939
765 19.6386 -0.808763 0.568605
766 19.6986 -0.705649 0.569016
767 19.7598 -0.602457 0.570006
768 19.8188 -0.504049 0.57051
769 19.8795 -0.403778 0.570528
770 19.9425 -0.300863 0.570708
771 20.0061 -0.198339 0.571694
772 20.0681 -0.100005 0.573373
773 21.7339 1.7164 0.68102
774 21.8061 1.80672 0.575965
775 22.0763 2.13568 0.685872
776 22.3036 2.41702 0.687669
777 22.4867 2.64026 0.688562
778 22.6479 2.83515 0.68902
779 22.8318 3.05731 0.689268
780 23.0129 3.2752 0.689467
781 23.1874 3.48188 0.690288
782 23.3848 3.71795 0.690474
783 23.5911 3.96788 0.689741
784 23.7616 4.17331 0.689271
785 23.9297 4.37457 0.689121
786 24.1012 4.57846 0.689385
787 24.2625 4.77145 0.689237
788 24.4274 4.96746 0.689444
789 24.5781 5.14746 0.689318
790 24.7246 5.32147 0.689453
791 24.8731 5.49694 0.689863
792 25.0352 5.69078 0.689724
793 25.1756 5.86 0.689135
794 25.3259 6.04408 0.687782
795 25.4638 6.21499 0.686019
796 25.5946 6.37569 0.684851
797 25.7209 6.53028 0.683936
798 25.8415 6.67181 0.684764
799 25.9556 6.80998 0.684335
800 26.1008 6.98754 0.683578
801 26.2195 7.13068 0.683406
802 26.326 7.25456 0.684465
803 26.4399 7.39176 0.68434
804 26.5752 7.55811 0.683413
805 26.7122 7.72281 0.683552
806 26.8464 7.88284 0.684026
807 26.9799 8.04637 0.683312
808 27.1101 8.20436 0.683019
809 27.2351 8.35971 0.681777
810 27.3691 8.53007 0.679515
811 27.4995 8.69601 0.677387
812 27.6343 8.86906 0.674998
813 27.7708 9.04626 0.672247
814 27.8951 9.20234 0.671315
815 28.0152 9.35336 0.670473
816 28.1348 9.52211 0.664855
817 28.2618 9.67446 0.66641
818 28.3868 9.84184 0.6633
819 28.5166 10.0198 0.659171
820 28.6479 10.2003 0.655234
821 28.7806 10.3901 0.649644
822 28.8362 10.4655 0.586702
823 28.8894 10.5421 0.585815
824 28.9329 10.6097 0.587367
825 28.9914 10.7002 0.584773
826 29.0364 10.7771 0.583929
827 29.084 10.8593 0.583924
828 29.1335 10.9459 0.582522
829 29.1766 11.0249 0.581946
830 29.2245 11.1112 0.580794
831 29.2704 11.1949 0.579826
832 29.3164 11.279 0.578447
833 29.3646 11.3663 0.577091
834 29.4136 11.4542 0.576275
835 29.4626 11.5424 0.574723
836 29.5175 11.6395 0.572355
837 29.5714 11.7365 0.569068
838 29.6231 11.8304 0.567075
839 29.6706 11.918 0.565641
840 29.7208 12.0103 0.562183
841 29.7741 12.1072 0.560809
842 29.8386 12.2208 0.559463
843 29.8975 12.3262 0.55854
844 29.9595 12.4363 0.556945
845 30.0416 12.5772 0.556225
846 30.1099 12.6966 0.556233
847 30.1666 12.7972 0.555455
848 30.2338 12.9136 0.554493
849 30.2952 13.0204 0.553612
850 30.3556 13.125 0.552748
851 30.4088 13.2191 0.550298
852 30.4706 13.3263 0.549578
853 30.5378 13.4426 0.547979
854 30.5909 13.5375 0.545978
855 30.6453 13.6333 0.545549
856 30.7066 13.7403 0.544483
857 30.7564 13.8297 0.54233
858 30.7997 13.9079 0.541613
859 30.8333 13.9699 0.540625
860 30.8695 14.0368 0.538381
861 30.8938 14.0838 0.537431
862 30.9129 14.1217 0.536371
863 30.9201 14.1393 0.535751
864 30.9152 14.1363 0.53523
865 30.9111 14.134 0.534538
866 30.9098 14.1358 0.534329
867 30.9082 14.1368 0.533783
868 30.9068 14.1377 0.533638
869 30.9055 14.1384 0.533344
870 30.9043 14.1392 0.532865
871 30.9032 14.1399 0.532453
872 30.9021 14.1405 0.532026
873 30.9011 14.1411 0.531671
874 30.9001 14.1417 0.531242
875 30.8993 14.1423 0.531087
876 30.8984 14.1428 0.530427
877 30.8975 14.1433 0.530071
878 30.8967 14.1438 0.529792
879 30.8938 14.1408 0.529314
880 30.8851 14.128 0.529131
881 30.873 14.1092 0.528795
882 30.8537 14.0786 0.528029
883 30.8275 14.0361 0.528073
884 30.7969 13.9863 0.527602
885 30.7676 13.9386 0.527475
886 30.7383 13.891 0.527398
887 30.7074 13.8405 0.52738
888 30.6758 13.7889 0.527261
889 30.6404 13.7309 0.526735
890 30.6029 13.6692 0.526463
891 30.5674 13.611 0.526292
892 30.5234 13.5378 0.526905
893 30.4842 13.4725 0.527273
894 30.4341 13.3884 0.528313
895 30.3927 13.3185 0.529374
896 30.347 13.2412 0.530226
897 30.3153 13.1874 0.53074
