0 29.5781 19.4032 3.57872
1 29.5756 19.3988 3.57857
2 29.5771 19.403 3.57841
3 29.5766 19.4028 3.57826
4 29.5765 19.4033 3.5781
5 29.5741 19.3993 3.57794
6 29.5737 19.3993 3.57778
7 29.5712 19.3948 3.57764
8 29.5579 19.3663 3.5773
9 29.53 19.3114 3.57792
10 29.483 19.2163 3.57866
11 29.4472 19.1394 3.57833
12 29.3845 18.9948 3.57622
13 29.2634 18.7421 3.57747
14 29.1967 18.6047 3.57835
15 29.0811 18.3652 3.57962
16 28.9287 18.0484 3.58107
17 28.7655 17.7172 3.58387
18 28.6526 17.5236 3.59203
19 28.527 17.2847 3.59601
20 28.4141 17.06 3.59741
21 28.2847 16.8099 3.60042
22 28.1412 16.5178 3.6008
23 28.0577 16.3437 3.52237
24 27.9793 16.1562 3.52399
25 27.9165 15.9798 3.52601
26 27.8519 15.7899 3.52727
27 27.7889 15.5983 3.5284
28 27.7289 15.4156 3.53069
29 27.6817 15.2667 3.53132
30 27.6311 15.1177 3.53164
31 27.6722 15.6354 3.6132
32 27.6546 15.7124 3.62986
33 27.561 15.5583 3.63381
34 27.4429 15.3478 3.63573
35 27.3513 15.2012 3.63966
36 27.2706 15.0507 3.53232
37 27.2042 14.9039 3.53222
38 27.148 14.7581 3.53157
39 27.0942 14.6035 3.53125
40 27.045 14.4478 3.53103
41 27.0014 14.2984 3.5307
42 26.9533 14.1393 3.5307
43 26.9072 13.9853 3.5305
44 26.4405 13.8743 3.70621
45 26.4081 13.9107 3.71828
46 26.323 13.7607 3.71124
47 26.2446 13.6383 3.52968
48 26.1059 13.3968 3.70127
49 25.8833 13.0795 3.71049
50 25.7457 12.8716 3.7111
51 25.6163 12.6915 3.71448
52 25.4693 12.4708 3.71473
53 25.3216 12.248 3.71494
54 25.1595 11.993 3.71294
55 24.9321 11.6355 3.71127
56 24.773 11.3888 3.71069
57 24.5976 11.1192 3.71079
58 24.4407 10.8619 3.70719
59 24.268 10.5904 3.70646
60 24.1147 10.3527 3.70658
61 23.9312 10.074 3.70847
62 23.8259 9.90493 3.52489
63 23.7393 9.71925 3.52425
64 23.6756 9.52767 3.52272
65 23.6306 9.34111 3.52278
66 23.588 9.14871 3.52224
67 23.5501 8.96145 3.52077
68 23.5119 8.77855 3.51978
69 23.4718 8.59887 3.51838
70 23.4302 8.42393 3.51601
71 23.3863 8.251 3.51368
72 23.3424 8.08065 3.50863
73 23.297 7.91026 3.50468
74 23.2503 7.74098 3.50181
75 23.2029 7.57245 3.49854
76 23.1569 7.40977 3.49534
77 21.7992 5.91848 3.70906
78 21.5871 5.48109 3.69708
79 21.4248 5.19417 3.69212
80 21.2787 4.94409 3.6876
81 21.1332 4.70285 3.68475
82 20.9816 4.44868 3.68132
83 20.8288 4.18897 3.67754
84 20.6984 3.97239 3.67497
85 20.557 3.73923 3.6734
86 20.4072 3.4955 3.67306
87 20.1905 3.11168 3.66432
88 20.0613 2.91612 3.66843
89 19.8645 2.56862 3.66249
90 19.6967 2.28773 3.66143
91 19.5638 2.04812 3.65595
92 19.421 1.80976 3.65546
93 19.2717 1.54769 3.6527
94 19.187 1.39489 3.48365
95 19.1227 1.22634 3.48406
96 19.0722 1.03897 3.48553
97 18.7688 0.846706 3.68654
98 18.6732 0.688637 3.48751
99 18.6052 0.514492 3.48878
100 18.5613 0.331481 3.4905
101 18.523 0.129982 3.4913
102 18.4952 -0.0649506 3.49222
103 18.4641 -0.261367 3.493
104 18.4288 -0.455071 3.49401
105 17.5073 -1.43703 3.68482
106 17.2498 -1.83311 3.69159
107 17.0272 -2.18669 3.68728
108 16.8637 -2.43882 3.6839
109 16.6935 -2.69565 3.68202
110 16.5055 -2.97777 3.68179
111 16.3094 -3.27404 3.68144
112 16.1639 -3.51063 3.6802
113 15.976 -3.81653 3.67993
114 15.7931 -4.11089 3.68089
115 15.6032 -4.41459 3.68196
116 15.4383 -4.68003 3.68217
117 15.2394 -5.00376 3.68211
118 15.0737 -5.27398 3.68159
119 14.9154 -5.52928 3.68188
120 14.7233 -5.83489 3.68361
121 14.5482 -6.11486 3.68468
122 14.3856 -6.36997 3.68638
123 14.2141 -6.63297 3.68958
124 14.0336 -6.88962 3.69714
125 13.8565 -7.13266 3.70592
126 13.6659 -7.38173 3.71705
127 13.4663 -7.62395 3.73173
128 13.3076 -7.80347 3.7443
129 13.1201 -7.99647 3.76292
130 12.9309 -8.1792 3.78308
131 12.7186 -8.36967 3.80758
132 12.5109 -8.54495 3.83199
133 12.3002 -8.71159 3.85727
134 12.1129 -8.85309 3.87893
135 11.9195 -8.97577 3.9059
136 11.7279 -9.07783 3.93614
137 11.5282 -9.17059 3.96931
138 11.307 -9.26646 4.00495
139 11.1044 -9.35737 4.03338
140 10.8944 -9.43128 4.06672
141 10.6823 -9.4965 4.10062
142 10.5839 -9.57103 4.04721
143 10.2495 -9.59023 4.17421
144 10.1398 -9.66265 4.1285
145 10.0389 -9.72861 4.17207
146 9.93822 -9.78709 4.22048
147 9.81659 -9.84685 4.26525
148 9.71949 -9.87116 4.30854
149 9.63268 -9.87752 4.33674
150 9.5196 -9.88435 4.38422
151 9.40574 -9.87494 4.42031
152 9.27878 -9.85483 4.46685
153 9.15311 -9.8201 4.49945
154 9.01517 -9.77641 4.54342
155 8.88171 -9.71176 4.59241
156 8.73447 -9.64321 4.63253
157 8.5806 -9.55972 4.68391
158 8.44683 -9.46597 4.70795
159 8.28774 -9.3731 -1.5312
160 8.14196 -9.26687 -1.49379
161 7.99415 -9.1578 -1.45914
162 7.85184 -9.04556 -1.42825
163 7.71253 -8.93743 -1.40682
164 7.57393 -8.83028 -1.3809
165 7.43368 -8.72425 -1.35806
166 7.29751 -8.61626 -1.33186
167 7.1537 -8.51016 -1.31351
168 7.00988 -8.4047 -1.29754
169 6.86561 -8.30103 -1.28392
170 5.05717 -7.70491 -1.16274
171 4.75243 -7.59883 -1.15292
172 4.51263 -7.47961 -1.1406
173 4.21359 -7.317 -1.12926
174 3.96205 -7.18344 -1.11887
175 3.69517 -7.03421 -1.11394
176 3.44166 -6.89273 -1.10836
177 3.18574 -6.76246 -1.1038
178 2.92436 -6.62485 -1.10074
179 2.67714 -6.49868 -1.09895
180 2.3974 -6.3551 -1.09669
181 2.12981 -6.22135 -1.09483
182 1.81755 -6.04359 -1.09319
183 1.54372 -5.89774 -1.09065
184 1.26498 -5.74822 -1.08761
185 0.966656 -5.58501 -1.08408
186 0.630919 -5.40248 -1.08066
187 0.33292 -5.23884 -1.07728
188 0.0590254 -5.0906 -1.0739
189 -0.212015 -4.93568 -1.07181
190 -0.50519 -4.76603 -1.06851
191 -0.761948 -4.61572 -1.0626
192 -1.01402 -4.47285 -1.05834
193 -1.36083 -4.28566 -1.05771
194 -1.63455 -4.12342 -1.05279
195 -1.91543 -3.96364 -1.0513
196 -2.16542 -3.81569 -1.0477
197 -2.42885 -3.66536 -1.0478
198 -2.60033 -3.56685 -1.15996
199 -2.78466 -3.47928 -1.15884
200 -2.9745 -3.40441 -1.15751
201 -3.41399 -3.09133 -1.04783
202 -3.69329 -2.92655 -1.0481
203 -3.99682 -2.74426 -1.04794
204 -4.3874 -2.52726 -1.04824
205 -4.60522 -2.40211 -1.05011
206 -4.89299 -2.23844 -1.05276
207 -5.05434 -2.14782 -1.15257
208 -5.22766 -2.06702 -1.15215
209 -5.40597 -1.99774 -1.15144
210 -5.58371 -1.93725 -1.15137
211 -5.76678 -1.87707 -1.15202
212 -5.94375 -1.81994 -1.15219
213 -6.12259 -1.75968 -1.1526
214 -6.30474 -1.69593 -1.15393
215 -6.4768 -1.6346 -1.15436
216 -6.65033 -1.5698 -1.15467
217 -6.82512 -1.50332 -1.15641
218 -7.01492 -1.42869 -1.15745
219 -7.18687 -1.36082 -1.15768
220 -8.65235 -0.240835 -1.02791
221 -9.01127 -0.0744014 -1.03998
222 -9.32186 0.0926668 -1.04368
223 -9.4978 0.192141 -1.16062
224 -9.85532 0.394401 -1.04625
225 -10.1587 0.565794 -1.04728
226 -10.4545 0.73352 -1.04809
227 -10.7599 0.907503 -1.04843
228 -10.9509 1.01214 -1.15915
229 -10.954 1.00099 -1.05669
230 -11.0984 1.08963 -1.05512
231 -11.2741 1.19445 -1.05411
232 -11.4523 1.30055 -1.0532
233 -11.6786 1.43469 -1.05196
234 -12.0081 1.62024 -1.0533
235 -12.3288 1.80044 -1.0546
236 -12.5829 1.94765 -1.05409
237 -12.9077 2.13045 -1.05509
238 -13.1634 2.27849 -1.05445
239 -13.4235 2.42682 -1.05465
240 -13.8517 2.6618 -1.06113
241 -14.1771 2.8466 -1.0624
242 -14.4262 2.99302 -1.05925
243 -14.6697 3.13294 -1.05803
244 -14.978 3.30518 -1.05819
245 -15.3017 3.4882 -1.05754
246 -15.6423 3.67615 -1.05864
247 -16.1006 3.91562 -1.06773
248 -16.3429 4.03143 -1.07424
249 -16.7577 4.26738 -1.07417
250 -17.086 4.44644 -1.07601
251 -17.4007 4.62008 -1.07644
252 -17.7202 4.79438 -1.07652
253 -18.0231 4.96029 -1.07673
254 -18.3189 5.12291 -1.07678
255 -18.5899 5.26843 -1.07746
256 -18.8587 5.40962 -1.07869
257 -19.1115 5.54638 -1.07828
258 -19.3791 5.69024 -1.07825
259 -19.6662 5.84446 -1.07841
260 -19.9534 5.99985 -1.07799
261 -20.2278 6.1485 -1.07767
262 -20.4787 6.28245 -1.07805
263 -20.7663 6.4352 -1.07878
264 -21.055 6.58745 -1.07978
265 -21.3234 6.72623 -1.08157
266 -21.6039 6.86453 -1.0856
267 -21.7741 6.95116 -1.0862
268 -22.0019 7.05089 -1.09313
269 -22.2726 7.1532 -1.10682
270 -22.5541 7.24307 -1.12593
271 -22.8332 7.31808 -1.14832
272 -23.1286 7.38285 -1.1752
273 -23.4249 7.42972 -1.20622
274 -23.744 7.46872 -1.24048
275 -24.0545 7.4847 -1.27903
276 -24.3685 7.48518 -1.31927
277 -24.6284 7.47196 -1.35364
278 -24.7954 7.50925 -1.50297
279 -24.9746 7.52705 -1.54815
280 -25.1489 7.50788 4.6755
281 -25.3249 7.4541 4.62715
282 -25.5017 7.36754 4.57833
283 -25.667 7.25152 4.52866
284 -25.8355 7.11666 4.4789
285 -25.9951 6.96439 4.43005
286 -26.1544 6.7973 4.38051
287 -26.3014 6.62534 4.34259
288 -26.4487 6.44354 4.29114
289 -26.5817 6.25088 4.23992
290 -26.7146 6.04914 4.19077
291 -26.8374 5.84028 4.14363
292 -26.9551 5.63217 4.10883
293 -27.0628 5.41916 4.06205
294 -27.1597 5.19444 4.00513
295 -27.2483 4.96609 3.96041
296 -27.3272 4.74373 3.92852
297 -27.3977 4.52211 3.88995
298 -27.4685 4.3002 3.85647
299 -27.5288 4.08397 3.82641
300 -27.5891 3.87215 3.80091
301 -27.6435 3.66976 3.77995
302 -28.5079 3.3463 3.93681
303 -28.791 3.11972 3.91169
304 -29.0428 2.90273 3.88553
305 -29.268 2.70511 3.86435
306 -29.4886 2.48128 3.8394
307 -29.6922 2.25465 3.81387
308 -29.889 2.02757 3.79069
309 -30.0676 1.79253 3.76332
310 -30.2376 1.54723 3.73509
311 -30.4028 1.27942 3.70546
312 -30.5461 1.03285 3.67747
313 -30.6719 0.782238 3.64574
314 -30.81 0.466676 3.6091
315 -30.9434 0.304482 3.44847
316 -31.0606 0.130783 3.40863
317 -31.026 -0.293436 3.49297
318 -31.131 -0.45644 3.33138
319 -31.226 -0.637561 3.28501
320 -31.288 -0.815978 3.24892
321 -31.3126 -0.986838 3.20021
322 -31.3085 -1.1621 3.15063
323 -31.2734 -1.32949 3.10107
324 -31.2185 -1.49389 3.06374
325 -31.1417 -1.65559 3.0133
326 -31.0454 -1.81105 2.96277
327 -30.9341 -1.97016 2.91191
328 -30.8031 -2.12267 2.86041
329 -30.6578 -2.26734 2.80969
330 -30.506 -2.40302 2.77138
331 -30.3428 -2.53078 2.72087
332 -30.1699 -2.65707 2.67114
333 -29.9886 -2.76822 2.62361
334 -29.8026 -2.87063 2.57807
335 -29.6171 -2.95948 2.53608
336 -29.4319 -3.04498 2.4967
337 -29.2437 -3.12839 2.45873
338 -29.0535 -3.20391 2.42138
339 -28.8623 -3.27687 2.38607
340 -28.3405 -4.28916 2.53761
341 -28.1412 -4.57175 2.49545
342 -27.9419 -4.86632 2.45274
343 -27.7809 -5.11031 2.41956
344 -27.59 -5.35629 2.38731
345 -27.3491 -5.62857 2.35724
346 -27.1475 -5.85767 2.33553
347 -26.9321 -6.08845 2.31696
348 -26.7092 -6.32218 2.3031
349 -26.4681 -6.5632 2.29128
350 -26.233 -6.78819 2.27954
351 -25.9707 -7.02658 2.26847
352 -25.7191 -7.24429 2.25662
353 -25.4626 -7.46168 2.24647
354 -25.179 -7.69129 2.23612
355 -24.904 -7.90738 2.22641
356 -24.6332 -8.11955 2.21901
357 -24.3588 -8.33023 2.21269
358 -24.079 -8.54481 2.20835
359 -23.8265 -8.73175 2.20256
360 -23.6737 -8.8557 2.14552
361 -23.5201 -8.96893 2.14361
362 -23.3586 -9.07781 2.14182
363 -23.1991 -9.1773 2.14052
364 -23.0383 -9.27308 2.13899
365 -22.8737 -9.36899 2.13761
366 -22.7048 -9.46614 2.13536
367 -22.6029 -9.85058 2.24364
368 -22.407 -10.0218 2.24352
369 -22.1817 -10.2083 2.24064
370 -21.9476 -10.3999 2.23712
371 -21.6872 -10.6086 2.233
372 -21.4367 -10.81 2.22952
373 -21.1372 -11.0438 2.22499
374 -20.8501 -11.262 2.21915
375 -20.566 -11.4815 2.21547
376 -20.3032 -11.6786 2.21031
377 -20.027 -11.8869 2.20649
378 -19.7433 -12.0957 2.20166
379 -19.4605 -12.3011 2.19678
380 -19.1944 -12.4884 2.19063
381 -18.932 -12.6731 2.18543
382 -18.6466 -12.8733 2.18092
383 -18.3899 -13.0456 2.17438
384 -18.1005 -13.2383 2.16817
385 -17.8202 -13.4259 2.16341
386 -17.5194 -13.6212 2.15746
387 -17.2384 -13.8004 2.15148
388 -16.9368 -13.9901 2.14547
389 -16.6316 -14.1808 2.14019
390 -16.3238 -14.3739 2.13616
391 -16.1473 -14.4898 2.04775
392 -15.7262 -14.745 2.12944
393 -15.3842 -14.9479 2.12419
394 -15.0604 -15.1404 2.12008
395 -14.8893 -15.2468 2.03725
396 -14.7094 -15.3439 2.03568
397 -14.5316 -15.4267 2.03383
398 -14.351 -15.5033 2.03248
399 -14.1753 -15.5735 2.03147
400 -14.0024 -15.6416 2.03076
401 -13.8304 -15.7105 2.03001
402 -13.6606 -15.7792 2.0283
403 -13.4892 -15.8505 2.02721
404 -13.3242 -15.9198 2.02608
405 -13.1621 -15.9892 2.02516
406 -13.0005 -16.0594 2.02396
407 -12.8465 -16.1265 2.02235
408 -12.6876 -16.1971 2.0216
409 -12.5307 -16.2679 2.02158
410 -12.3716 -16.3401 2.02063
411 -12.2142 -16.4124 2.02093
412 -12.0594 -16.4851 2.02232
413 -11.9033 -16.5601 2.02433
414 -11.7412 -16.6394 2.02595
415 -11.5846 -16.7183 2.02928
416 -11.4247 -16.7998 2.03104
417 -11.2627 -16.8842 2.03428
418 -11.0961 -16.9715 2.03595
419 -10.9322 -17.0584 2.03823
420 -9.4371 -18.3465 2.15415
421 -9.12114 -18.5411 2.15131
422 -8.90615 -18.7014 2.15466
423 -8.66708 -18.8762 2.15711
424 -8.4277 -19.0531 2.15933
425 -8.16789 -19.2398 2.16022
426 -7.90926 -19.4277 2.16157
427 -7.75728 -19.5387 2.05536
428 -7.59307 -19.6415 2.05646
429 -7.42271 -19.7329 2.05784
430 -6.79109 -20.2323 2.16471
431 -6.53672 -20.4131 2.16505
432 -6.29106 -20.5893 2.16593
433 -6.00442 -20.7939 2.16567
434 -5.75118 -20.9734 2.16581
435 -5.46811 -21.1677 2.16616
436 -5.19433 -21.3599 2.16612
437 -4.90092 -21.5599 2.16607
438 -4.62711 -21.7491 2.16541
439 -4.36466 -21.9314 2.165
440 -4.08664 -22.121 2.16302
441 -3.7998 -22.3124 2.15867
442 -3.49225 -22.5016 2.15102
443 -3.23132 -22.6587 2.14292
444 -2.98065 -22.7927 2.1304
445 -2.70156 -22.9308 2.1144
446 -2.49151 -23.0239 2.10047
447 -2.26131 -23.1078 2.07906
448 -1.99677 -23.1959 2.05335
449 -1.73948 -23.2745 2.02758
450 -1.47289 -23.3378 1.9964
451 -1.17264 -23.3888 1.95697
452 -0.905976 -23.4329 1.9252
453 -0.759563 -23.499 1.74381
454 -0.471856 -23.4412 1.85493
455 -0.192992 -23.4618 1.82168
456 0.0642403 -23.4627 1.78797
457 0.298322 -23.4377 1.74891
458 0.576963 -23.4184 1.7119
459 0.826291 -23.3853 1.67612
460 1.07217 -23.343 1.6404
461 1.20888 -23.3629 1.47105
462 1.36178 -23.3696 1.43165
463 1.50379 -23.3522 1.40683
464 1.63632 -23.3104 1.37136
465 1.75944 -23.2474 1.337
466 2.38581 -22.8951 1.42794
467 2.5242 -22.8839 1.26331
468 2.65706 -22.8573 1.22706
469 2.792 -22.8074 1.19066
470 2.91721 -22.7312 1.15454
471 3.03735 -22.6292 1.11694
472 3.15427 -22.4999 1.06919
473 3.27069 -22.3484 1.03039
474 3.37927 -22.1787 0.992234
475 3.48103 -21.9961 0.952679
476 3.5767 -21.8046 0.914907
477 3.67184 -21.6065 0.880771
478 3.76065 -21.4069 0.849656
479 3.83742 -21.2064 0.811629
480 3.92033 -21.0025 0.780877
481 3.99253 -20.7958 0.742899
482 5.41019 -20.0535 0.889549
483 5.75441 -19.7419 0.850967
484 6.14898 -19.4186 0.80883
485 6.39967 -19.1751 0.781955
486 6.62556 -18.9123 0.76051
487 6.83736 -18.6741 0.744479
488 7.06108 -18.4191 0.730743
489 7.27898 -18.1552 0.719308
490 7.48923 -17.8942 0.708044
491 7.70236 -17.6229 0.696964
492 7.91397 -17.3415 0.685533
493 8.11234 -17.0696 0.676064
494 8.35155 -16.7514 0.66693
495 8.54476 -16.4925 0.660064
496 8.75119 -16.2041 0.651806
497 8.91832 -15.9783 0.650402
498 9.13912 -15.6517 0.641833
499 9.34711 -15.3494 0.630428
500 9.49611 -15.1382 0.627335
501 9.66206 -14.8961 0.62209
502 9.84912 -14.628 0.61825
503 10.0428 -14.3456 0.613683
504 10.2204 -14.0453 0.593997
505 10.3277 -13.8914 0.512637
506 10.5466 -13.5594 0.584207
507 10.6522 -13.4032 0.511453
508 10.746 -13.2437 0.511033
509 10.8365 -13.0714 0.509938
510 10.9231 -12.8927 0.509347
511 11.0065 -12.7131 0.508511
512 11.093 -12.5271 0.507525
513 11.1805 -12.3407 0.50645
514 11.2717 -12.151 0.505937
515 11.3642 -11.9628 0.505655
516 11.4605 -11.7709 0.504921
517 11.5592 -11.5776 0.504452
518 11.6595 -11.3831 0.503554
519 11.7649 -11.182 0.503341
520 11.8679 -10.9868 0.503003
521 11.9716 -10.7898 0.501348
522 12.0769 -10.5887 0.499178
523 12.181 -10.3858 0.495437
524 12.2782 -10.1932 0.492606
525 13.6631 -8.59155 0.624703
526 13.897 -8.21714 0.617681
527 14.1118 -7.90184 0.614648
528 14.3286 -7.59661 0.614024
529 14.5437 -7.29181 0.612329
530 14.7594 -6.98694 0.610762
531 14.9737 -6.6836 0.609163
532 15.0986 -6.51087 0.484704
533 15.3783 -6.10614 0.605774
534 15.5893 -5.80201 0.603911
535 15.7993 -5.51043 0.605024
536 15.9834 -5.24425 0.602942
537 16.1854 -4.95731 0.602629
538 16.3057 -4.78552 0.488005
539 16.6481 -4.28075 0.594026
540 16.7632 -4.11494 0.492672
541 16.9854 -3.78473 0.587799
542 17.2022 -3.47639 0.587273
543 17.3996 -3.20242 0.589257
544 17.6007 -2.90885 0.587901
545 17.8072 -2.60442 0.586225
546 17.9231 -2.43002 0.504236
547 18.0292 -2.24224 0.506228
548 18.1229 -2.0523 0.508669
549 18.2167 -1.85422 0.511872
550 18.3151 -1.64966 0.515447
551 18.4142 -1.44958 0.518465
552 18.5131 -1.25807 0.521502
553 18.6182 -1.06407 0.524326
554 18.7203 -0.881418 0.526624
555 18.8261 -0.696844 0.528336
556 18.9326 -0.514195 0.529977
557 19.0377 -0.336896 0.53173
558 19.1462 -0.156509 0.533909
559 19.2514 0.0166544 0.535442
560 19.3598 0.193126 0.537411
561 19.4665 0.365391 0.539244
562 19.5731 0.537735 0.539969
563 20.1098 0.592907 0.673938
564 20.3236 0.856545 0.676287
565 20.4856 1.05839 0.674445
566 20.6449 1.25595 0.672639
567 20.8498 1.5166 0.669504
568 21.0476 1.76233 0.668382
569 21.227 1.98693 0.666892
570 21.4453 2.25972 0.665975
571 21.695 2.57134 0.665561
572 21.8763 2.79572 0.665466
573 22.1035 3.07501 0.666391
574 22.2962 3.31183 0.666995
575 22.4994 3.55997 0.668208
576 22.7469 3.86497 0.669118
577 22.9555 4.1271 0.668312
578 23.1657 4.39534 0.666533
579 23.3785 4.66155 0.66652
580 23.5506 4.87065 0.66813
581 23.7674 5.14693 0.666773
582 24.004 5.44974 0.665277
583 24.2352 5.74621 0.663913
584 24.4695 6.04521 0.663182
585 24.6923 6.33258 0.661871
586 24.9144 6.6211 0.660296
587 25.1278 6.90906 0.656208
588 25.3391 7.20204 0.650681
589 25.5404 7.46868 0.649417
590 25.7213 7.74692 0.63862
591 25.9294 8.03302 0.636227
592 26.1303 8.32081 0.631671
593 26.3175 8.61118 0.622369
594 26.4187 8.76043 0.550668
595 26.4999 8.90085 0.547888
596 26.5983 9.08128 0.540322
597 26.6773 9.24841 0.539061
598 26.7626 9.4295 0.536228
599 26.8552 9.62506 0.532399
600 26.9527 9.82992 0.528952
601 27.0418 10.0217 0.525419
602 27.1324 10.213 0.521551
603 27.2309 10.4169 0.516989
604 27.3327 10.6249 0.514137
605 27.4463 10.8514 0.51159
606 27.5312 11.0272 0.509945
607 27.627 11.2161 0.508997
608 27.7248 11.4063 0.5075
609 27.8129 11.578 0.50614
610 27.917 11.7759 0.505431
611 27.9961 11.9301 0.503581
612 28.0978 12.1214 0.503791
613 28.1862 12.2896 0.502477
614 28.2606 12.4326 0.501259
615 28.3461 12.5929 0.501756
616 28.4136 12.7206 0.501009
617 28.4741 12.8354 0.500312
618 28.5303 12.9411 0.500562
619 28.597 13.0659 0.499879
620 28.6434 13.1531 0.499947
621 28.7023 13.262 0.500523
622 28.7467 13.3445 0.500252
623 28.7918 13.4285 0.499766
624 28.8358 13.5101 0.499851
625 28.882 13.5963 0.499186
626 28.9272 13.6802 0.499148
627 28.9602 13.7422 0.498747
628 29.003 13.8224 0.49802
629 29.0419 13.8953 0.497684
630 29.0695 13.9477 0.497495
631 29.1062 14.0167 0.497157
632 29.1387 14.078 0.496759
633 29.1652 14.128 0.497031
634 29.187 14.1692 0.497139
635 29.207 14.2073 0.496332
636 29.2191 14.231 0.495854
637 29.2214 14.2366 0.495777
638 29.216 14.228 0.49535
639 29.2094 14.2172 0.494879
640 29.2065 14.2133 0.49447
641 29.207 14.2156 0.494211
642 29.2065 14.2159 0.493757
643 29.2059 14.2162 0.493315
644 29.2054 14.2165 0.493148
645 29.2048 14.2168 0.49258
646 29.2043 14.2171 0.492405
647 29.2037 14.2174 0.492009
648 29.2032 14.2177 0.491616
649 29.2027 14.2179 0.491502
650 29.2022 14.2182 0.490959
651 29.2017 14.2185 0.49079
652 29.2012 14.2188 0.490361
653 29.2007 14.219 0.489991
654 29.2002 14.2193 0.489667
655 29.1997 14.2196 0.489304
656 29.1992 14.2198 0.489059
657 29.1987 14.2201 0.488617
658 29.1982 14.2204 0.488257
659 29.1977 14.2207 0.48779
660 29.1972 14.2209 0.487404
661 29.1967 14.2212 0.487014
662 29.1962 14.2215 0.486664
663 29.1956 14.2218 0.486323
664 29.1951 14.2221 0.48597
665 29.1946 14.2223 0.485587
666 29.1941 14.2226 0.485392
667 29.1936 14.2229 0.485103
668 29.19 14.2173 0.484609
669 29.1789 14.1978 0.484369
670 29.1669 14.1765 0.484125
671 29.1514 14.1489 0.483965
672 29.1258 14.1023 0.483465
673 29.1006 14.0566 0.482887
674 29.0797 14.019 0.482744
675 29.0666 13.9962 0.482235
676 29.0626 13.9904 0.481867
677 29.066 13.9983 0.481608
678 29.0805 14.0271 0.481063
679 29.1061 14.0767 0.481135
680 29.1327 14.1285 0.480831
681 29.1543 14.1708 0.480954
682 29.1841 14.2288 0.480483
683 29.2146 14.2886 0.479785
684 29.2429 14.3445 0.47968
685 29.2615 14.3823 0.479178
686 29.2775 14.4151 0.47876
687 29.2933 14.4476 0.47843
688 29.3096 14.4812 0.477856
689 29.3264 14.5156 0.477653
690 29.3437 14.5509 0.477285
691 29.3586 14.5817 0.476891
692 29.3662 14.5987 0.4765
693 29.3672 14.6029 0.47607
694 29.3745 14.6191 0.475747
695 29.3771 14.6263 0.475317
696 29.3815 14.6369 0.474892
697 29.3893 14.6539 0.474667
698 29.398 14.6725 0.474375
699 29.405 14.6878 0.474086
700 29.4244 14.7269 0.473641
701 29.4489 14.7759 0.473314
702 29.475 14.828 0.472937
703 29.4956 14.8698 0.473071
