0 23.152 20.7207 3.79518
1 23.1518 20.7203 3.79592
0 23.1455 20.712 3.7963
1 23.1369 20.7007 3.79655
0 23.1187 20.6771 3.79669
1 23.0994 20.652 3.79681
2 23.0784 20.6241 3.79219
3 23.0491 20.5833 3.78842
4 23.0201 20.5433 3.78636
5 22.9857 20.4961 3.7851
6 22.9483 20.4448 3.7842
7 22.9033 20.3834 3.7834
8 22.8454 20.3052 3.78278
9 22.7841 20.2224 3.78199
10 22.7149 20.128 3.78099
11 22.6568 20.0464 3.77493
12 22.593 19.9592 3.77555
13 22.5338 19.8784 3.77547
14 22.4807 19.8029 3.77028
15 22.4237 19.7219 3.76734
16 22.3501 19.6178 3.7655
17 22.2894 19.5342 3.76823
18 22.2321 19.4525 3.76488
19 22.1623 19.3533 3.76276
20 22.0818 19.2388 3.76127
21 21.9901 19.1081 3.75939
22 21.8855 18.9636 3.76353
23 21.7924 18.8313 3.76077
24 21.7128 18.7182 3.75908
25 21.6219 18.5891 3.75848
26 21.5064 18.4255 3.75804
27 21.4178 18.3059 3.76379
28 21.3029 18.1491 3.76734
29 21.2043 18.0147 3.76926
30 21.1049 17.8791 3.77046
31 21.0047 17.7423 3.77122
32 20.8987 17.5977 3.77161
33 20.7954 17.4566 3.77194
34 20.6752 17.2921 3.77207
35 20.5717 17.1506 3.77205
36 20.4693 17.0105 3.77203
37 20.3699 16.874 3.77191
38 20.2705 16.7374 3.7716
39 20.1584 16.5831 3.77137
40 20.0335 16.4115 3.77121
41 19.9161 16.2501 3.77113
42 19.7937 16.0815 3.77078
43 19.6886 15.9363 3.77051
44 19.577 15.7821 3.77049
45 19.4657 15.6282 3.77015
46 19.3558 15.4761 3.77005
47 19.2234 15.2923 3.76959
48 19.1203 15.1493 3.76944
49 19.0173 15.006 3.76919
50 18.9135 14.8614 3.76907
51 18.8158 14.7247 3.7687
52 18.7218 14.5927 3.7684
53 18.613 14.4398 3.76789
54 18.4912 14.2689 3.76734
55 18.4032 14.1361 3.75796
56 18.2941 13.9681 3.7508
57 18.1797 13.7924 3.74666
58 18.051 13.6081 3.75331
59 17.9293 13.4337 3.75784
60 17.8232 13.2673 3.75062
61 17.6976 13.1063 3.77002
62 17.5532 12.9216 3.78289
63 17.428 12.7629 3.79085
64 17.3101 12.6134 3.79603
65 17.1882 12.4582 3.79921
66 17.0665 12.3035 3.80162
67 16.9365 12.1382 3.80339
68 16.8076 11.9746 3.80476
69 16.6716 11.8019 3.8057
70 16.5496 11.6474 3.80678
71 16.4035 11.4626 3.80792
72 16.2829 11.3105 3.80894
73 16.1553 11.1494 3.80975
74 16.0354 10.9766 3.79407
75 15.9225 10.8159 3.78613
76 15.8064 10.6517 3.78186
77 15.6944 10.493 3.77959
78 15.6116 10.3736 3.77845
79 15.5119 10.2308 3.77789
80 15.3918 10.0598 3.77753
81 15.2662 9.88076 3.77696
82 15.1521 9.71716 3.7768
83 15.0363 9.55056 3.7766
84 14.9263 9.39147 3.7764
85 14.8063 9.21764 3.77606
86 14.6806 9.03545 3.77561
87 14.568 8.87034 3.77519
88 14.4503 8.69726 3.77471
89 14.3829 8.58192 3.75964
90 14.3297 8.47579 3.74022
91 14.2541 8.36131 3.74303
92 14.1748 8.24089 3.74469
93 14.0786 8.09563 3.74539
94 14.0163 7.97039 3.72982
95 13.9219 7.82577 3.73687
96 13.8679 7.74045 3.74124
97 13.7737 7.59378 3.74352
98 13.689 7.46125 3.74452
99 13.6049 7.32873 3.74497
100 13.5286 7.20706 3.74519
101 13.4482 7.0786 3.74526
102 13.3571 6.93398 3.74542
103 13.2711 6.79707 3.74583
104 13.1793 6.65118 3.74633
105 13.0949 6.51584 3.74691
106 13.0079 6.37579 3.74706
107 12.9163 6.22869 3.74776
108 12.8236 6.07979 3.74814
109 12.7426 5.94715 3.74873
110 12.6504 5.81947 3.76478
111 12.5625 5.69767 3.77478
112 12.475 5.55156 3.7636
113 12.3863 5.4285 3.77458
114 12.2901 5.29474 3.78111
115 12.1995 5.16874 3.78472
116 12.1328 5.04859 3.76933
117 12.0706 4.93658 3.76124
118 12.0113 4.82906 3.75858
119 11.9459 4.71286 3.75781
120 11.8876 4.6075 3.75887
121 11.8499 4.51448 3.75001
122 11.8054 4.42741 3.75836
123 11.7619 4.34272 3.76695
124 11.6983 4.23134 3.77285
125 11.6435 4.13552 3.78133
126 11.597 4.05188 3.79074
127 11.5549 3.97419 3.79782
128 11.5072 3.88981 3.805
129 11.4627 3.81052 3.81346
130 11.4163 3.72958 3.81979
131 11.3684 3.64808 3.82595
132 11.3129 3.57138 3.84682
133 11.247 3.48485 3.86305
134 11.186 3.40591 3.87633
135 11.1406 3.34489 3.891
136 11.0859 3.27315 3.89947
137 11.0274 3.19888 3.90847
138 10.9549 3.11179 3.91512
139 10.8755 3.02126 3.92799
140 10.8182 2.95511 3.94137
141 10.7603 2.88842 3.95576
142 10.7171 2.83572 3.96732
143 10.648 2.75949 3.97813
144 10.5943 2.69497 3.97672
145 10.5457 2.63652 3.98111
146 10.4821 2.56931 4.0006
147 10.4146 2.50128 4.01894
148 10.3585 2.44474 4.03711
149 10.3092 2.39117 4.039
150 10.2538 2.33375 4.04519
151 10.2008 2.27846 4.05503
152 10.1423 2.2232 4.07745
153 10.0863 2.17151 4.09561
154 10.038 2.12396 4.10255
155 9.98029 2.0728 4.12136
156 9.91601 2.01921 4.13636
157 9.8511 1.96704 4.15232
158 9.79635 1.9225 4.16721
159 9.73218 1.87327 4.1797
160 9.68168 1.83358 4.19312
161 9.63001 1.79375 4.20925
162 9.57615 1.75319 4.21896
163 9.51698 1.71118 4.23006
164 9.47746 1.67954 4.23379
165 9.43775 1.64858 4.2476
166 9.40932 1.62315 4.25443
167 9.36746 1.59193 4.26946
168 9.31921 1.55892 4.28466
169 9.28452 1.5323 4.2866
170 9.25134 1.50735 4.29094
171 9.21485 1.48154 4.29917
172 9.18678 1.46014 4.30835
173 9.15807 1.43878 4.32888
174 9.1275 1.41747 4.34405
175 9.0883 1.39378 4.36067
176 9.03834 1.36762 4.3699
177 8.9825 1.34134 4.38127
178 8.94143 1.32166 4.39697
179 8.90977 1.30551 4.41092
180 8.89078 1.27039 4.40795
181 8.85524 1.2513 4.42591
182 8.82247 1.23551 4.44124
183 8.7984 1.22338 4.45661
184 8.77401 1.21177 4.47083
185 8.76713 1.18295 4.46637
186 8.75375 1.17194 4.48462
187 8.71307 1.16263 4.50882
188 8.66252 1.15412 4.52597
189 8.61825 1.12465 4.52365
190 8.56309 1.11567 4.54551
191 8.50738 1.10908 4.56322
192 8.43877 1.10242 4.57802
193 8.36733 1.09728 4.59126
194 8.30216 1.09473 4.60707
195 8.23195 1.09296 4.62338
196 8.14238 1.09029 4.63588
197 8.07636 1.09132 4.64993
198 8.01549 1.09323 4.66589
199 7.95374 1.09595 4.68405
200 7.87643 1.09903 4.69631
201 7.79836 1.10388 4.7134
202 7.72083 1.10989 4.72822
203 7.66518 1.09325 4.72317
204 7.59102 1.09779 4.74408
205 7.51798 1.10527 4.76457
206 7.43745 1.11526 4.78355
207 7.35944 1.12601 4.79781
208 7.27602 1.13907 4.81245
209 7.19695 1.15252 4.82651
210 7.10268 1.16932 4.84007
211 7.02134 1.18532 4.85309
212 6.94094 1.20209 4.86668
213 6.83999 1.22279 4.87627
214 6.74718 1.24364 4.88654
215 6.65383 1.26707 4.90225
216 6.57539 1.28784 4.91482
217 6.50072 1.30789 4.92619
218 6.44175 1.30011 4.91588
219 6.34983 1.32301 4.93277
220 6.24599 1.35076 4.94521
221 6.15072 1.37839 4.95606
222 6.05786 1.40693 4.968
223 5.9788 1.43183 4.9765
224 5.87272 1.4651 4.98542
225 5.76238 1.50134 4.99452
226 5.64268 1.54187 5.0031
227 5.53276 1.58187 5.01379
228 5.43202 1.62046 5.02668
229 5.32482 1.66124 5.03621
230 5.21837 1.70306 5.04662
231 5.10798 1.74737 5.05599
232 4.99612 1.7935 5.06494
233 4.88839 1.83944 5.07522
234 4.77464 1.88794 5.08318
235 4.65216 1.94121 5.09182
236 4.55702 1.98461 5.10086
237 4.43585 2.03899 5.10743
238 4.29555 2.10303 5.11571
239 4.19294 2.15148 5.12259
240 4.07064 2.20949 5.12941
241 3.90659 2.2872 5.13532
242 3.78752 2.34626 5.14211
243 3.6633 2.40769 5.14778
244 3.7558 2.36392 5.11632
245 3.79791 2.33726 5.10545
246 3.66893 2.4038 5.13279
247 3.58609 2.4537 5.1405
248 3.46832 2.51789 5.14613
249 3.36312 2.57444 5.15295
250 3.25447 2.63113 5.15889
251 3.13099 2.69493 5.16523
252 3.00848 2.75928 5.17163
253 2.88431 2.82413 5.17891
254 2.77349 2.88294 5.18547
255 2.65453 2.94592 5.19174
256 2.52865 3.01192 5.19787
257 2.42016 3.057 5.19708
258 2.30624 3.10209 5.19984
259 2.19099 3.14746 5.20455
260 2.04138 3.2241 5.21579
261 1.89979 3.28601 5.21979
262 1.75519 3.34949 5.22575
263 1.59147 3.42371 5.23147
264 1.43318 3.49657 5.23775
265 1.3056 3.55238 5.24412
266 1.16915 3.61302 5.24921
267 1.00261 3.69185 5.25396
268 0.839975 3.78385 5.26489
269 0.698141 3.86555 5.27285
270 0.537089 3.96059 5.279
271 0.376659 4.05645 5.28386
272 0.238805 4.13789 5.28803
273 0.0799723 4.23295 5.2913
274 -0.0599345 4.31573 5.29451
275 -0.211692 4.40694 5.29725
276 -0.345939 4.48569 5.30035
277 -0.483488 4.56648 5.3028
278 -0.622319 4.64772 5.30519
279 -0.781943 4.74382 5.30749
280 -0.911773 4.81983 5.3097
281 -1.05688 4.90638 5.31198
282 -1.18808 4.98303 5.31424
283 -1.33674 5.07198 5.31661
284 -1.4684 5.14949 5.31911
285 -1.57718 5.21121 5.32075
286 -1.73042 5.30355 5.32291
287 -1.84909 5.36107 5.31622
288 -1.97543 5.42389 5.31333
289 -2.1178 5.49788 5.31283
290 -2.25567 5.56899 5.31326
291 -2.39338 5.6496 5.32215
292 -2.55885 5.75123 5.32791
293 -2.70852 5.83209 5.32377
294 -2.85966 5.9138 5.32229
295 -2.96459 5.96329 5.32281
296 -3.1006 6.04394 5.33135
297 -3.2369 6.1263 5.33711
298 -3.36832 6.2057 5.34074
299 -3.49664 6.28303 5.34281
300 -3.62288 6.35916 5.34464
301 -3.75423 6.43918 5.34601
302 -3.90305 6.53247 5.34702
303 -4.04619 6.64701 5.36327
304 -4.19307 6.76593 5.37355
305 -4.35274 6.89498 5.37905
306 -4.49282 7.00915 5.3833
307 -4.64527 7.1118 5.37285
308 -4.79422 7.21341 5.36796
309 -4.95465 7.34406 5.37826
310 -5.0898 7.45603 5.38564
311 -5.25296 7.59063 5.3903
312 -5.43186 7.72031 5.37955
313 -5.58429 7.8102 5.36337
314 -5.73065 7.91621 5.36693
315 -5.88109 8.02533 5.36997
316 -6.01921 8.12451 5.37244
317 -6.15163 8.21962 5.37421
318 -6.28834 8.3176 5.37594
319 -6.42565 8.39514 5.36528
320 -6.5729 8.51644 5.38348
321 -6.70489 8.6283 5.39529
322 -6.86299 8.76174 5.40223
323 -7.00686 8.88358 5.40643
324 -7.14444 8.99985 5.40881
325 -7.27781 9.11245 5.4103
326 -7.42962 9.24046 5.41125
327 -7.56656 9.35586 5.41176
328 -7.71112 9.4776 5.41204
329 -7.85254 9.59637 5.4118
330 -8.00582 9.69709 5.39392
331 -8.1852 9.84832 5.40137
332 -8.34394 9.98271 5.40587
333 -8.51265 10.0997 5.39306
334 -8.6677 10.2075 5.38631
335 -8.84742 10.309 5.36704
336 -9.00831 10.3987 5.35694
337 -9.14044 10.4892 5.36545
338 -9.2879 10.5676 5.35581
339 -9.46975 10.7153 5.37773
340 -9.65354 10.8386 5.37355
341 -9.8223 10.95 5.37059
342 -9.98838 11.0591 5.36876
343 -10.1629 11.1528 5.35471
344 -10.3218 11.2562 5.35883
345 -10.4361 11.3263 5.36129
346 -10.5713 11.4114 5.36257
347 -10.7428 11.5531 5.38104
348 -10.8924 11.6473 5.37226
349 -11.0503 11.761 5.37301
350 -11.2098 11.8763 5.37288
351 -11.3678 12.0085 5.38673
352 -11.5403 12.1314 5.37992
353 -11.7012 12.2454 5.37596
354 -11.8748 12.3717 5.37344
355 -12.0588 12.504 5.37167
356 -12.2234 12.6043 5.35791
357 -12.3704 12.6926 5.35035
358 -12.532 12.7919 5.34603
359 -12.71 12.9029 5.34354
360 -12.8836 13.0105 5.34215
361 -13.0439 13.1084 5.34146
362 -13.2054 13.2068 5.3411
363 -13.3548 13.2953 5.34079
364 -13.4802 13.3668 5.34071
365 -13.636 13.459 5.34038
366 -13.7969 13.5549 5.33995
367 -13.967 13.6578 5.33959
368 -14.1243 13.7512 5.339
369 -14.3008 13.8578 5.3384
370 -14.4585 13.9664 5.3496
371 -14.6178 14.077 5.35603
372 -14.7801 14.1707 5.34613
373 -14.9417 14.2643 5.34055
374 -15.1214 14.3704 5.33726
375 -15.3049 14.4789 5.33513
376 -15.4815 14.5823 5.33327
377 -15.6597 14.6868 5.33202
378 -15.8323 14.786 5.33078
379 -16.0053 14.8855 5.32994
380 -16.16 14.9717 5.32962
381 -16.3096 15.0539 5.32934
382 -16.4684 15.1423 5.32958
383 -16.6492 15.2299 5.31923
384 -16.7891 15.2847 5.30811
385 -16.9764 15.3843 5.31158
386 -17.1481 15.4743 5.31466
387 -17.3253 15.5621 5.31077
388 -17.4798 15.6482 5.31818
389 -17.6314 15.7189 5.31331
390 -17.7803 15.7878 5.31153
391 -17.935 15.8607 5.31106
392 -18.093 15.9361 5.31121
393 -18.2426 16.0194 5.32083
394 -18.4083 16.1157 5.32652
395 -18.555 16.2146 5.3401
396 -18.6878 16.304 5.348
397 -18.8346 16.4038 5.35226
398 -18.9609 16.4883 5.35455
399 -19.1146 16.5926 5.35577
400 -19.2436 16.6784 5.35629
401 -19.3834 16.7719 5.35635
402 -19.527 16.868 5.35604
403 -19.6719 16.9648 5.35564
404 -19.7952 17.0452 5.35521
405 -19.9364 17.1385 5.35491
406 -20.0629 17.2207 5.35466
407 -20.191 17.3037 5.35439
408 -20.3179 17.3856 5.3541
409 -20.4352 17.4599 5.35358
410 -20.5385 17.5234 5.35323
411 -20.6562 17.597 5.35269
412 -20.7919 17.6837 5.35234
413 -20.9192 17.7641 5.35181
414 -21.0507 17.847 5.35051
415 -21.162 17.9145 5.34954
416 -21.3009 18.0016 5.3484
417 -21.4145 18.0693 5.34611
418 -21.5286 18.1366 5.34357
419 -21.6543 18.211 5.34074
420 -21.7756 18.281 5.33721
421 -21.8834 18.3402 5.33172
422 -22.0094 18.4108 5.32652
423 -22.138 18.4816 5.32093
424 -22.2426 18.5468 5.32745
425 -22.351 18.6132 5.32871
426 -22.4579 18.6765 5.32458
427 -22.5595 18.7346 5.3201
428 -22.6657 18.794 5.31315
429 -22.785 18.86 5.30468
430 -22.8642 18.8982 5.29559
431 -22.9458 18.9373 5.28748
432 -23.0462 18.9874 5.28077
433 -23.1545 19.0403 5.27266
434 -23.2582 19.0875 5.26031
435 -23.3571 19.13 5.24913
436 -23.4593 19.1725 5.23802
437 -23.5673 19.2159 5.2253
438 -23.6823 19.2606 5.21402
439 -23.8047 19.3062 5.20264
440 -23.9072 19.3382 5.18646
441 -24.0071 19.3658 5.16702
442 -24.1315 19.4032 5.15455
443 -24.2311 19.41 5.11705
444 -24.3395 19.4216 5.09187
445 -24.446 19.4302 5.06854
446 -24.5458 19.4344 5.04367
447 -24.6374 19.434 5.02352
448 -24.7331 19.4328 5.0072
449 -24.815 19.4257 4.98411
450 -24.9125 19.4208 4.96921
451 -24.9927 19.4096 4.94702
452 -25.0748 19.3972 4.92892
453 -25.1513 19.3819 4.91007
454 -25.2442 19.3685 4.89177
455 -25.2981 19.3467 4.87462
456 -25.3718 19.3278 4.85979
457 -25.4613 19.3092 4.84264
458 -25.5351 19.2867 4.82465
459 -25.6222 19.2636 4.80906
460 -25.6989 19.238 4.78897
461 -25.779 19.2109 4.7722
462 -25.8504 19.1818 4.75189
463 -25.9195 19.1519 4.73687
464 -25.9998 19.1204 4.7214
465 -26.0763 19.0871 4.70517
466 -26.1482 19.0535 4.68615
467 -26.2207 19.018 4.66971
468 -26.2919 18.9821 4.65162
469 -26.3594 18.9446 4.6368
470 -26.4349 18.9049 4.62129
471 -26.5115 18.8849 4.63077
472 -26.5861 18.8639 4.62879
473 -26.638 18.8436 4.61566
474 -26.6999 18.8209 4.6044
475 -26.759 18.7974 4.59271
476 -26.8141 18.7734 4.57836
477 -26.8826 18.7465 4.56798
478 -26.9576 18.7164 4.55508
479 -27.0465 18.6814 4.54165
480 -27.1395 18.6427 4.52523
481 -27.2054 18.6076 4.50573
482 -27.2725 18.5707 4.48752
483 -27.3467 18.5303 4.47253
484 -27.424 18.4875 4.45761
485 -27.4941 18.444 4.4389
486 -27.5758 18.395 4.42
487 -27.659 18.3703 4.42848
488 -27.7322 18.3165 4.3981
489 -27.8191 18.288 4.4034
490 -27.916 18.2544 4.40296
491 -28.0216 18.2151 4.39436
492 -28.104 18.1808 4.38034
493 -28.1876 18.145 4.36668
494 -28.2748 18.1067 4.35508
495 -28.367 18.0638 4.3395
496 -28.4529 18.0225 4.32505
497 -28.5403 17.9785 4.31042
498 -28.6297 17.9329 4.29644
499 -28.7114 17.8811 4.27312
500 -28.7964 17.828 4.25252
501 -28.8858 17.7795 4.2467
502 -28.9802 17.7178 4.22475
503 -29.045 17.6728 4.21005
504 -29.1333 17.6145 4.19636
505 -29.2106 17.5603 4.18423
506 -29.3038 17.4955 4.17203
507 -29.3933 17.4301 4.15815
508 -29.4807 17.3648 4.14472
509 -29.5651 17.2995 4.13163
510 -29.6453 17.2357 4.11683
511 -29.7365 17.1719 4.11536
512 -29.806 17.1097 4.099
513 -29.8728 17.0496 4.08379
514 -29.9469 16.9835 4.0728
515 -30.0315 16.9084 4.061
516 -30.0982 16.8448 4.05005
517 -30.1585 16.7713 4.02966
518 -30.2282 16.6927 4.01701
519 -30.2936 16.6167 4.00344
520 -30.3495 16.5483 3.99177
521 -30.4154 16.4702 3.98076
522 -30.4687 16.4019 3.97034
523 -30.5085 16.3461 3.95885
524 -30.5556 16.283 3.95056
525 -30.6068 16.2145 3.94282
526 -30.6611 16.142 3.93466
527 -30.7208 16.0626 3.9274
528 -30.7891 15.9728 3.91761
529 -30.8443 15.895 3.90787
530 -30.8936 15.8225 3.89852
531 -30.9503 15.7408 3.88957
532 -30.9994 15.6657 3.88236
533 -31.0547 15.5833 3.87501
534 -31.1147 15.4946 3.86731
535 -31.1654 15.4147 3.86047
536 -31.2239 15.325 3.8524
537 -31.2741 15.2439 3.84557
538 -31.3175 15.17 3.8389
539 -31.362 15.094 3.83286
540 -31.4077 15.0163 3.82684
541 -31.4557 14.9353 3.82029
542 -31.5007 14.8565 3.81568
543 -31.5481 14.7737 3.80994
544 -31.5966 14.6889 3.80286
545 -31.6484 14.5984 3.79798
546 -31.7008 14.5059 3.791
547 -31.7606 14.4019 3.7838
548 -31.808 14.3127 3.77661
549 -31.8531 14.2259 3.76855
550 -31.8973 14.1392 3.7609
551 -31.9501 14.039 3.75506
552 -32.0035 13.9356 3.74842
553 -32.0567 13.8308 3.74107
554 -32.1035 13.7327 3.73219
555 -32.1443 13.6422 3.72319
556 -32.1804 13.5577 3.71457
557 -32.2248 13.4578 3.70588
558 -32.2687 13.3555 3.69354
559 -32.3185 13.259 3.69359
560 -32.3605 13.1706 3.68456
561 -32.4055 13.0736 3.67583
562 -32.453 12.9676 3.66412
563 -32.4899 12.8749 3.6504
564 -32.5278 12.7772 3.63386
565 -32.5636 12.6794 3.621
566 -32.5962 12.5826 3.60266
567 -32.6304 12.4784 3.58645
568 -32.6635 12.3726 3.57228
569 -32.69 12.2764 3.55654
570 -32.7139 12.1827 3.54256
571 -32.7334 12.0954 3.52599
572 -32.7503 12.0129 3.51108
573 -32.7765 11.902 3.49947
574 -32.7876 11.8269 3.48531
575 -32.8017 11.7418 3.47193
576 -32.812 11.6646 3.4615
577 -32.8229 11.5832 3.45142
578 -32.8331 11.4994 3.43908
579 -32.8421 11.4155 3.42912
580 -32.8485 11.3367 3.41675
581 -32.8491 11.2763 3.40383
582 -32.8557 11.19 3.3946
583 -32.86 11.107 3.38179
584 -32.8661 11.0093 3.37257
585 -32.8692 10.9143 3.35807
586 -32.8708 10.8191 3.34468
587 -32.8697 10.7279 3.331
588 -32.8661 10.6402 3.31395
589 -32.8652 10.5234 3.30124
590 -32.8795 10.428 3.30245
591 -32.8668 10.34 3.27524
592 -32.8782 10.2432 3.27514
593 -32.8602 10.1614 3.24627
594 -32.8687 10.0647 3.24562
595 -32.8765 9.95554 3.24281
596 -32.8804 9.84003 3.22618
597 -32.8471 9.75764 3.18672
598 -32.8184 9.67992 3.161
599 -32.8192 9.58821 3.16126
600 -32.8186 9.48526 3.16077
601 -32.8146 9.38875 3.14809
602 -32.8079 9.28274 3.13546
603 -32.7988 9.17331 3.1205
604 -32.7878 9.08099 3.10354
605 -32.776 8.98995 3.08909
606 -32.7626 8.89847 3.07232
607 -32.7457 8.79044 3.05603
608 -32.7278 8.69806 3.03789
609 -32.7076 8.59867 3.01905
610 -32.6855 8.49605 3.00288
611 -32.6631 8.40455 2.98664
612 -32.6397 8.31686 2.96684
613 -32.6131 8.22139 2.94992
614 -32.582 8.11472 2.93091
615 -32.5526 8.02534 2.91343
616 -32.5221 7.93652 2.89571
617 -32.4901 7.84836 2.87513
618 -32.4618 7.7774 2.85626
619 -32.4318 7.7021 2.83838
620 -32.3995 7.62265 2.82321
621 -32.3613 7.53079 2.80758
622 -32.3211 7.43845 2.79335
623 -32.2786 7.34706 2.77833
624 -32.2348 7.2583 2.75885
625 -32.1916 7.17387 2.74271
626 -32.1422 7.07811 2.72728
627 -32.0926 6.98867 2.71021
628 -32.0441 6.90459 2.69308
629 -31.9948 6.82144 2.677
630 -31.9425 6.73447 2.66212
631 -31.8887 6.64794 2.6465
632 -31.8355 6.5664 2.63036
633 -31.7728 6.52156 2.60181
634 -31.7079 6.46912 2.58268
635 -31.6528 6.42824 2.56742
636 -31.6043 6.39765 2.55319
637 -31.5436 6.34826 2.5404
638 -31.473 6.287 2.52917
639 -31.3998 6.22535 2.51979
640 -31.3334 6.17515 2.50568
641 -31.265 6.12345 2.49495
642 -31.1931 6.06892 2.48037
643 -31.112 6.00589 2.46819
644 -31.0367 5.95205 2.45632
645 -30.9564 5.89411 2.44386
646 -30.8952 5.85972 2.42876
647 -30.82 5.81111 2.41592
648 -30.7447 5.76388 2.4059
649 -30.6685 5.71723 2.39511
650 -30.5817 5.66125 2.38499
651 -30.5019 5.61507 2.3697
652 -30.4159 5.56422 2.35801
653 -30.3363 5.52184 2.34555
654 -30.2562 5.4801 2.33428
655 -30.1761 5.43929 2.32388
656 -30.0986 5.40196 2.31439
657 -30.0177 5.36211 2.30581
658 -29.9374 5.32352 2.29823
659 -29.8491 5.27851 2.29128
660 -29.762 5.23511 2.28597
661 -29.6854 5.20062 2.28075
662 -29.5957 5.15542 2.27612
663 -29.5085 5.11254 2.27182
664 -29.426 5.07371 2.2679
665 -29.3374 5.02985 2.26473
666 -29.257 4.9926 2.26227
667 -29.1878 4.96419 2.26063
668 -29.1027 4.92258 2.25946
669 -29.0152 4.87854 2.25883
670 -28.9183 4.8263 2.25861
671 -28.8194 4.77169 2.25902
672 -28.736 4.72906 2.2606
673 -28.6467 4.68104 2.2619
674 -28.5614 4.63559 2.2638
675 -28.4928 4.60329 2.26546
676 -28.4066 4.55597 2.26676
677 -28.3193 4.50703 2.26835
678 -28.233 4.45838 2.27003
679 -28.1283 4.3936 2.27128
680 -28.0329 4.33578 2.27289
681 -27.9379 4.27794 2.27427
682 -27.8492 4.2247 2.27578
683 -27.7584 4.16921 2.27714
684 -27.672 4.117 2.27815
685 -27.5857 4.06453 2.27897
686 -27.4992 4.01152 2.27992
687 -27.4107 3.95643 2.28058
688 -27.3252 3.90326 2.28114
689 -27.2371 3.84752 2.28163
690 -27.1328 3.77753 2.28204
691 -27.0351 3.71261 2.28262
692 -26.9341 3.64429 2.28329
693 -26.8384 3.58025 2.28364
694 -26.7515 3.5233 2.28439
695 -26.6757 3.47546 2.28496
696 -26.5741 3.38499 2.2943
697 -26.4732 3.2934 2.30034
698 -26.3799 3.20811 2.30406
699 -26.2765 3.1138 2.30613
700 -26.1644 3.01147 2.30761
701 -26.0668 2.92224 2.3088
702 -25.9685 2.83239 2.30955
703 -25.8708 2.74329 2.30992
704 -25.7687 2.6501 2.31018
705 -25.6551 2.55759 2.30283
706 -25.5435 2.46656 2.29704
707 -25.4277 2.37193 2.29369
708 -25.3062 2.27164 2.2921
709 -25.1972 2.18242 2.29108
710 -25.0883 2.09367 2.29045
711 -24.9745 2.00068 2.29022
712 -24.8448 1.89395 2.28995
713 -24.7392 1.80823 2.28964
714 -24.6337 1.72285 2.28952
715 -24.5316 1.64013 2.28942
716 -24.418 1.55857 2.28077
717 -24.2771 1.45756 2.27524
718 -24.1497 1.3539 2.28091
719 -24.0251 1.25193 2.28428
720 -23.9009 1.16635 2.27647
721 -23.7893 1.07614 2.28136
722 -23.6774 0.985558 2.28436
723 -23.5535 0.901508 2.27625
724 -23.4409 0.810774 2.28128
725 -23.2966 0.709444 2.27429
726 -23.182 0.617269 2.27994
727 -23.063 0.521046 2.28336
728 -22.9455 0.426298 2.28483
729 -22.7941 0.321666 2.2748
730 -22.6375 0.212207 2.26934
731 -22.47 0.093793 2.26621
732 -22.3349 0.00205301 2.26432
733 -22.1903 -0.11412 2.27242
734 -22.055 -0.223296 2.27689
735 -21.926 -0.326914 2.27877
736 -21.7843 -0.440776 2.27925
737 -21.6409 -0.555894 2.27908
738 -21.5154 -0.655252 2.27835
739 -21.3988 -0.746305 2.27733
740 -21.2812 -0.838122 2.2764
741 -21.1622 -0.930666 2.27548
742 -21.0303 -1.03393 2.27449
743 -20.8842 -1.14907 2.27387
744 -20.741 -1.26169 2.2732
745 -20.6275 -1.34901 2.27262
746 -20.5053 -1.44325 2.27224
747 -20.3711 -1.54739 2.27214
748 -20.2487 -1.64136 2.27179
749 -20.1055 -1.7523 2.27145
750 -19.987 -1.84214 2.27067
751 -19.8712 -1.92918 2.26992
752 -19.7513 -2.01911 2.26925
753 -19.6339 -2.10632 2.26766
754 -19.4897 -2.21481 2.26564
755 -19.3563 -2.31367 2.26333
756 -19.2355 -2.41908 2.27384
757 -19.1083 -2.51005 2.26497
758 -18.9787 -2.60284 2.25908
759 -18.839 -2.70333 2.2539
760 -18.7087 -2.79576 2.25075
761 -18.5854 -2.8818 2.24714
762 -18.4681 -2.96288 2.24467
763 -18.3701 -3.02824 2.2422
764 -18.2181 -3.1546 2.25351
765 -18.0859 -3.26519 2.25944
766 -17.9911 -3.34404 2.26157
767 -17.868 -3.4459 2.26262
768 -17.7433 -3.54866 2.26277
769 -17.6157 -3.65333 2.26228
770 -17.4619 -3.77941 2.26171
771 -17.3147 -3.8991 2.26014
772 -17.1667 -4.01898 2.25834
773 -17.0531 -4.11059 2.25668
774 -16.9554 -4.18931 2.25523
775 -16.8064 -4.30996 2.25436
776 -16.6494 -4.43688 2.2536
777 -16.5072 -4.55181 2.25319
778 -16.3763 -4.65753 2.25271
779 -16.2389 -4.76847 2.25237
780 -16.1058 -4.87561 2.25173
781 -15.9604 -4.99262 2.25117
782 -15.8187 -5.10647 2.25039
783 -15.6644 -5.23053 2.24981
784 -15.5167 -5.3492 2.24918
785 -15.3345 -5.4947 2.2465
786 -15.1741 -5.62393 2.24743
787 -15.0281 -5.74165 2.24802
788 -14.8789 -5.86192 2.24845
789 -14.7322 -5.98008 2.24881
790 -14.5671 -6.11315 2.24942
791 -14.4217 -6.23019 2.24995
792 -14.2809 -6.34313 2.2502
793 -14.1085 -6.4809 2.24964
794 -13.9902 -6.57467 2.249
795 -13.8447 -6.68991 2.24755
796 -13.6947 -6.80847 2.24643
797 -13.5413 -6.92908 2.24473
798 -13.3888 -7.04832 2.24298
799 -13.2427 -7.1622 2.24124
800 -13.0919 -7.27923 2.23939
801 -12.9622 -7.37933 2.23747
802 -12.8273 -7.4834 2.23584
803 -12.691 -7.58844 2.23442
804 -12.5553 -7.69245 2.23277
805 -12.422 -7.79435 2.23106
806 -12.2906 -7.89442 2.22925
807 -12.1571 -7.99588 2.22743
808 -12.0153 -8.10357 2.22601
809 -11.8504 -8.22862 2.22457
810 -11.6507 -8.35515 2.20926
811 -11.4967 -8.44539 2.19708
812 -11.3524 -8.5296 2.1901
813 -11.2444 -8.58859 2.18608
814 -11.1129 -8.66405 2.18378
815 -10.9876 -8.75884 2.1982
816 -10.8739 -8.81984 2.18951
817 -10.7345 -8.89917 2.18475
818 -10.5982 -9.00174 2.19813
819 -10.4554 -9.08174 2.18851
820 -10.3148 -9.16058 2.18306
821 -10.1746 -9.2393 2.17997
822 -10.0232 -9.3258 2.17822
823 -9.89777 -9.39437 2.17746
824 -9.75045 -9.47773 2.17735
825 -9.61713 -9.55128 2.17721
826 -9.48095 -9.62653 2.1771
827 -9.32767 -9.74151 2.19353
828 -9.19398 -9.84363 2.2035
829 -9.06322 -9.94322 2.20928
830 -8.92846 -10.0455 2.21265
831 -8.741 -10.1643 2.19939
832 -8.57062 -10.2535 2.18046
833 -8.41044 -10.3348 2.16829
834 -8.24638 -10.419 2.16188
835 -8.08893 -10.499 2.15851
836 -7.93479 -10.5768 2.15677
837 -7.79251 -10.6462 2.15578
838 -7.64486 -10.7189 2.15539
839 -7.47848 -10.8035 2.15495
840 -7.32513 -10.8793 2.15432
841 -7.16552 -10.9589 2.15365
842 -7.00556 -11.0382 2.15286
843 -6.84207 -11.1195 2.15211
844 -6.69914 -11.187 2.15121
845 -6.56145 -11.2504 2.15008
846 -6.42354 -11.3138 2.14914
847 -6.27134 -11.3859 2.14797
848 -6.11915 -11.4575 2.1468
849 -5.94872 -11.5404 2.14548
850 -5.78683 -11.6176 2.14417
851 -5.6654 -11.6687 2.14247
852 -5.52766 -11.7294 2.14156
853 -5.38965 -11.7898 2.14054
854 -5.24747 -11.8527 2.13953
855 -5.08539 -11.9278 2.13838
856 -4.94667 -11.988 2.13714
857 -4.80496 -12.0495 2.13606
858 -4.67611 -12.1028 2.13495
859 -4.56013 -12.1474 2.13384
860 -4.43965 -12.1946 2.13313
861 -4.32848 -12.2358 2.13211
862 -4.21952 -12.2754 2.13124
863 -4.11552 -12.3117 2.13059
864 -3.98452 -12.3645 2.12977
865 -3.86317 -12.4112 2.12809
866 -3.75124 -12.4519 2.12613
867 -3.63638 -12.494 2.12441
868 -3.53971 -12.5246 2.12279
869 -3.43773 -12.5583 2.12072
870 -3.32594 -12.5977 2.11883
871 -3.22556 -12.6298 2.11666
872 -3.12894 -12.6594 2.11448
873 -3.03809 -12.6855 2.11243
874 -2.94897 -12.7102 2.10981
875 -2.8552 -12.7375 2.10794
876 -2.77109 -12.759 2.10481
877 -2.68302 -12.7826 2.10157
878 -2.60261 -12.8014 2.09814
879 -2.51637 -12.8234 2.09364
880 -2.44376 -12.8372 2.08865
881 -2.36519 -12.8539 2.08466
882 -2.30635 -12.8596 2.07817
883 -2.26116 -12.858 2.07274
884 -2.21551 -12.8568 2.06875
885 -2.18379 -12.8474 2.06523
886 -2.15275 -12.8382 2.06265
887 -2.1192 -12.8307 2.06146
888 -2.07956 -12.8269 2.05995
889 -2.03877 -12.8241 2.059
890 -1.99225 -12.8247 2.05779
891 -1.93701 -12.8305 2.05693
892 -1.87681 -12.8391 2.05572
893 -1.81137 -12.8508 2.05404
894 -1.75184 -12.8598 2.04922
895 -1.6916 -12.869 2.0424
896 -1.61782 -12.8843 2.03694
897 -1.55355 -12.9085 2.04661
898 -1.51156 -12.9214 2.04764
899 -1.45876 -12.9396 2.04481
900 -1.41175 -12.9543 2.04002
901 -1.3541 -12.9738 2.0342
902 -1.27275 -13.0042 2.03049
903 -1.21162 -13.0233 2.02316
904 -1.15424 -13.0398 2.01306
905 -1.09695 -13.0557 2.00479
906 -1.04196 -13.07 1.99691
907 -0.973713 -13.0892 1.9878
908 -0.916864 -13.1024 1.9762
909 -0.85486 -13.1171 1.96756
910 -0.779436 -13.1361 1.95827
911 -0.697513 -13.1563 1.94918
912 -0.612757 -13.1758 1.9366
913 -0.529896 -13.1919 1.92153
914 -0.444445 -13.2069 1.90637
915 -0.345803 -13.2234 1.89182
916 -0.253405 -13.2348 1.87145
917 -0.159799 -13.2438 1.85137
918 -0.0845648 -13.2457 1.83109
919 0.00785168 -13.2498 1.81195
920 0.100445 -13.251 1.78996
921 0.217753 -13.254 1.77234
922 0.316668 -13.2492 1.74874
923 0.418648 -13.2415 1.72413
924 0.518164 -13.2312 1.7009
925 0.606965 -13.2177 1.67686
926 0.730457 -13.2285 1.67421
927 0.82019 -13.2021 1.63505
928 0.911606 -13.1753 1.60504
929 1.05186 -13.1782 1.60833
930 1.18392 -13.173 1.59205
931 1.31655 -13.162 1.5696
932 1.45058 -13.1467 1.54927
933 1.58536 -13.1249 1.52204
934 1.73285 -13.0986 1.49792
935 1.86339 -13.0668 1.46662
936 1.98536 -13.0338 1.4385
937 2.10967 -12.9982 1.41029
938 2.23324 -12.9583 1.37933
939 2.35605 -12.9167 1.35419
940 2.48662 -12.8692 1.32818
941 2.61011 -12.8198 1.29877
942 2.7289 -12.7702 1.27534
943 2.84669 -12.7192 1.25593
944 2.98965 -12.6559 1.23603
945 3.125 -12.5893 1.21115
946 3.24072 -12.5278 1.18788
947 3.35588 -12.4649 1.16411
948 3.47386 -12.3983 1.1445
949 3.57965 -12.3352 1.12345
950 3.69441 -12.2663 1.10376
951 3.80181 -12.1995 1.08762
952 3.91945 -12.1241 1.07031
953 4.04174 -12.0434 1.05294
954 4.17564 -11.9526 1.03728
955 4.28769 -11.8717 1.02127
956 4.40314 -11.787 1.00538
957 4.52269 -11.6959 0.986995
958 4.64081 -11.6037 0.972176
959 4.76171 -11.5071 0.957711
960 4.87231 -11.4153 0.943469
961 4.99604 -11.3115 0.927982
962 5.10908 -11.2136 0.914829
963 5.1728 -11.1125 0.889451
964 5.27126 -11.0261 0.879638
965 5.37649 -10.9319 0.871094
966 5.44442 -10.8237 0.847496
967 5.52037 -10.711 0.83164
968 5.60372 -10.5936 0.819092
969 5.66848 -10.4934 0.809775
970 5.74033 -10.3857 0.801925
971 5.81406 -10.2738 0.795724
972 5.87814 -10.1704 0.787924
973 5.93654 -10.0724 0.779904
974 6.00489 -9.96262 0.773447
975 6.06536 -9.86061 0.76677
976 6.12839 -9.75457 0.759193
977 6.18656 -9.65304 0.751565
978 6.25704 -9.53784 0.745413
979 6.32278 -9.42516 0.737697
980 6.3811 -9.31948 0.73114
981 6.43753 -9.21646 0.724542
982 6.49258 -9.11357 0.720026
983 6.56018 -8.99546 0.715199
984 6.61858 -8.88815 0.710842
985 6.64656 -8.79251 0.697796
986 6.68008 -8.68394 0.687125
987 6.71471 -8.5748 0.680898
988 6.75529 -8.45898 0.67617
989 6.83015 -8.32949 0.681585
990 6.87502 -8.20973 0.67406
991 6.92619 -8.08301 0.669486
992 6.99168 -7.96583 0.67576
993 7.04932 -7.8322 0.669789
994 7.1181 -7.7151 0.676225
995 7.19518 -7.58875 0.67956
996 7.26898 -7.46684 0.681125
997 7.35148 -7.36847 0.692809
998 7.37112 -7.27851 0.675812
999 7.426 -7.1793 0.678028
1000 7.47021 -7.0942 0.678941
1001 7.53229 -6.9869 0.679493
1002 7.59738 -6.87613 0.679011
1003 7.67077 -6.75465 0.678801
1004 7.73295 -6.64714 0.678103
1005 7.79957 -6.53421 0.677435
1006 7.86677 -6.42032 0.676747
1007 7.94359 -6.29428 0.676272
1008 7.99861 -6.1621 0.663999
1009 8.05896 -6.05654 0.66824
1010 8.12878 -5.93934 0.670735
1011 8.19034 -5.79986 0.660167
1012 8.25375 -5.69039 0.664954
1013 8.30336 -5.56753 0.655935
1014 8.38525 -5.43408 0.661916
1015 8.45061 -5.30227 0.658431
1016 8.48966 -5.16772 0.641791
1017 8.53855 -5.02488 0.633966
1018 8.62176 -4.88056 0.644617
1019 8.69929 -4.7214 0.640927
1020 8.7444 -4.60715 0.638075
1021 8.82097 -4.47593 0.646001
1022 8.90614 -4.30742 0.639648
1023 8.99939 -4.13913 0.639341
1024 9.08215 -3.97649 0.636643
1025 9.14528 -3.84172 0.634814
1026 9.23233 -3.72729 0.653283
1027 9.32547 -3.61069 0.6647
1028 9.4165 -3.49799 0.671027
1029 9.50754 -3.34563 0.659534
1030 9.61849 -3.20718 0.667465
1031 9.71538 -3.08665 0.671438
1032 9.80749 -2.97176 0.673513
1033 9.89667 -2.86016 0.67451
1034 9.98611 -2.74754 0.674103
1035 10.0751 -2.63516 0.673638
1036 10.1719 -2.51281 0.672995
1037 10.2796 -2.37638 0.67218
1038 10.4029 -2.22018 0.671596
1039 10.4991 -2.09727 0.670409
1040 10.5877 -1.98366 0.668908
1041 10.6762 -1.87005 0.667703
1042 10.7674 -1.75265 0.666404
1043 10.8825 -1.60465 0.665405
1044 10.9757 -1.48381 0.663806
1045 11.0666 -1.36555 0.66235
1046 11.1562 -1.24895 0.660744
1047 11.2444 -1.134 0.659708
1048 11.3497 -0.996771 0.658766
1049 11.4431 -0.874475 0.657484
1050 11.5381 -0.749861 0.656167
1051 11.6226 -0.638855 0.655328
1052 11.7128 -0.520294 0.654462
1053 11.8161 -0.384263 0.653381
1054 11.8946 -0.280344 0.652366
1055 11.9651 -0.187117 0.651426
1056 12.0469 -0.0787624 0.650759
1057 12.1439 0.0499304 0.649625
1058 12.2441 0.18299 0.648829
1059 12.3433 0.315278 0.647761
1060 12.4369 0.440465 0.646605
1061 12.5385 0.576448 0.645871
1062 12.6367 0.708341 0.644657
1063 12.7182 0.818386 0.6433
1064 12.7997 0.928425 0.641989
1065 12.8823 1.03993 0.6412
1066 12.9827 1.17534 0.640419
1067 13.0663 1.28822 0.639777
1068 13.1553 1.40868 0.639071
1069 13.241 1.52474 0.638294
1070 13.3265 1.64055 0.637975
1071 13.4224 1.77029 0.637654
1072 13.5338 1.92121 0.637308
1073 13.6367 2.06064 0.63713
1074 13.7369 2.19644 0.636876
1075 13.8371 2.33256 0.636483
1076 13.9275 2.45538 0.636269
1077 14.0353 2.60185 0.636013
1078 14.1335 2.73556 0.635526
1079 14.2364 2.87559 0.63523
1080 14.3381 3.01434 0.634746
1081 14.4276 3.13653 0.634308
1082 14.5105 3.24967 0.634014
1083 14.5936 3.36312 0.633873
1084 14.6917 3.49711 0.633489
1085 14.7876 3.62799 0.633313
1086 14.8766 3.74984 0.63304
1087 14.9653 3.87122 0.632735
1088 15.0682 4.01185 0.632548
1089 15.1152 4.10476 0.618374
1090 15.212 4.23669 0.624164
1091 15.2997 4.35612 0.627314
1092 15.3892 4.4783 0.629105
1093 15.4837 4.60752 0.630124
1094 15.5732 4.7299 0.630656
1095 15.6241 4.84267 0.613283
1096 15.684 4.96489 0.604406
1097 15.7553 5.10315 0.59967
1098 15.8522 5.23593 0.612968
1099 15.913 5.36168 0.60426
1100 15.9706 5.48071 0.599894
1101 16.0334 5.60738 0.597689
1102 16.1037 5.74514 0.596732
1103 16.1663 5.87121 0.596316
1104 16.2312 6.00071 0.596296
1105 16.2862 6.11576 0.59654
1106 16.3453 6.23702 0.596643
1107 16.4001 6.35147 0.596873
1108 16.4678 6.48503 0.597506
1109 16.5294 6.60942 0.597893
1110 16.5885 6.73017 0.59835
1111 16.6531 6.85911 0.5987
1112 16.7468 6.98637 0.614882
1113 16.8457 7.11879 0.624844
1114 16.9364 7.23996 0.630609
1115 17.0401 7.3791 0.634012
1116 17.0951 7.49436 0.625372
1117 17.196 7.6302 0.631319
1118 17.2957 7.7637 0.634867
1119 17.3834 7.88107 0.636999
1120 17.4437 8.04289 0.613605
1121 17.5029 8.19866 0.601658
1122 17.5667 8.3601 0.59542
1123 17.6248 8.51255 0.592278
1124 17.7171 8.6396 0.612692
1125 17.8044 8.75585 0.625129
1126 17.9064 8.89176 0.632408
1127 17.9982 9.01366 0.636635
1128 18.0819 9.12502 0.638973
1129 18.1524 9.21902 0.640149
1130 18.2383 9.33378 0.640983
1131 18.325 9.44962 0.641746
1132 18.4176 9.57318 0.642494
1133 18.5124 9.70008 0.642434
1134 18.6207 9.84519 0.642441
1135 18.7351 9.99867 0.642125
1136 18.8263 10.1215 0.641535
1137 18.917 10.2436 0.641072
1138 19.0053 10.3627 0.640541
1139 19.0956 10.4843 0.640165
1140 19.1944 10.6171 0.640065
1141 19.2897 10.7452 0.639956
1142 19.3952 10.8871 0.63972
1143 19.4835 11.0054 0.639831
1144 19.5762 11.1297 0.639852
1145 19.6767 11.2642 0.640264
1146 19.7665 11.3839 0.640942
1147 19.8647 11.5148 0.641382
1148 19.9607 11.6424 0.642282
1149 20.0418 11.7499 0.643148
1150 20.1338 11.8719 0.643819
1151 20.2321 12.002 0.644501
1152 20.3198 12.1179 0.645337
1153 20.414 12.2425 0.64581
1154 20.5034 12.3604 0.646468
1155 20.613 12.5049 0.647153
1156 20.7065 12.628 0.647646
1157 20.7979 12.7479 0.648443
1158 20.8845 12.8615 0.64932
1159 20.9656 12.9677 0.649913
1160 21.0488 13.0765 0.650611
1161 21.1355 13.1896 0.651516
1162 21.2308 13.3138 0.652169
1163 21.3065 13.4124 0.652794
1164 21.3759 13.5027 0.653485
1165 21.46 13.612 0.654175
1166 21.5431 13.7199 0.65475
1167 21.624 13.8248 0.655368
1168 21.6712 13.902 0.646321
1169 21.7396 14.0127 0.636386
1170 21.8078 14.1222 0.631121
1171 21.8714 14.2252 0.628235
1172 21.9447 14.3416 0.626846
1173 22.0195 14.4601 0.626104
1174 22.0835 14.5638 0.62572
1175 22.1479 14.6682 0.62553
1176 22.2121 14.7726 0.625303
1177 22.2765 14.8774 0.625045
1178 22.3405 14.9823 0.624803
1179 22.4096 15.0944 0.624634
1180 22.4745 15.2008 0.624417
1181 22.5389 15.3067 0.624264
1182 22.6056 15.4161 0.62383
1183 22.6656 15.5166 0.623653
1184 22.7325 15.627 0.623337
1185 22.8027 15.7422 0.622854
1186 22.8642 15.8456 0.622313
1187 22.9337 15.9607 0.621661
1188 22.9965 16.0667 0.620996
1189 23.0573 16.1704 0.620448
1190 23.116 16.2713 0.619842
1191 23.1796 16.3796 0.619435
1192 23.2363 16.4784 0.618984
1193 23.2914 16.5753 0.618592
1194 23.3434 16.6681 0.618265
1195 23.3965 16.7627 0.618015
1196 23.4468 16.8538 0.617754
1197 23.5003 16.9495 0.617456
1198 23.5445 17.0322 0.61741
1199 23.5848 17.1099 0.617379
1200 23.6283 17.1923 0.617312
1201 23.6702 17.2724 0.617239
1202 23.7142 17.3557 0.61721
1203 23.7462 17.4223 0.617101
1204 23.7727 17.4813 0.616946
1205 23.7987 17.5398 0.616903
1206 23.8213 17.5938 0.616766
1207 23.8435 17.6473 0.616716
1208 23.8626 17.6967 0.616699
1209 23.8783 17.7413 0.616694
1210 23.8907 17.7812 0.616765
1211 23.9019 17.8195 0.61683
1212 23.9099 17.8533 0.616885
1213 23.9155 17.8837 0.616934
1214 23.9178 17.9095 0.617044
1215 23.9177 17.9319 0.617131
1216 23.9134 17.9482 0.617286
1217 23.9056 17.9596 0.617482
1218 23.8965 17.9691 0.617721
1219 23.8853 17.9757 0.6179
1220 23.8753 17.9837 0.618121
1221 23.8663 17.9929 0.618384
1222 23.8572 18.0019 0.618647
1223 23.848 18.0103 0.618925
1224 23.8387 18.0185 0.619193
1225 23.83 18.0274 0.619457
1226 23.8217 18.0365 0.619736
1227 23.8131 18.045 0.619992
1228 23.8048 18.0537 0.620281
1229 23.7963 18.0621 0.620561
1230 23.7881 18.0704 0.620831
1231 23.78 18.0788 0.621103
1232 23.7719 18.0872 0.621365
1233 23.764 18.0955 0.621617
1234 23.7562 18.1037 0.621858
1235 23.7485 18.1119 0.622065
1236 23.7407 18.1199 0.62234
1237 23.7331 18.1279 0.622608
1238 23.7256 18.1358 0.622875
1239 23.7181 18.1436 0.623131
1240 23.7109 18.1517 0.623396
1241 23.7039 18.1598 0.623639
1242 23.6966 18.1673 0.623844
1243 23.6895 18.1751 0.624052
1244 23.6826 18.1829 0.624344
1245 23.6758 18.1906 0.624627
1246 23.669 18.1982 0.624917
1247 23.6622 18.2057 0.625168
1248 23.6554 18.2131 0.625438
1249 23.6489 18.2207 0.625703
1250 23.6425 18.2283 0.625973
1251 23.6361 18.2357 0.626179
1252 23.6298 18.2432 0.626446
1253 23.6235 18.2506 0.626703
1254 23.6173 18.2578 0.626948
1255 23.6112 18.2651 0.627197
1256 23.6053 18.2726 0.627394
1257 23.5992 18.2796 0.6276
1258 23.5932 18.2867 0.627842
1259 23.5873 18.2937 0.628072
1260 23.5814 18.3007 0.628295
1261 23.5757 18.3077 0.628531
1262 23.5701 18.3148 0.628759
1263 23.5644 18.3217 0.628969
1264 23.5589 18.3287 0.629146
1265 23.5533 18.3354 0.629332
