0 30.2864 32.6305 3.6459
1 30.2856 32.631 3.6458
2 30.2848 32.6316 3.64572
3 30.2839 32.632 3.64562
4 30.2834 32.633 3.64558
5 30.2824 32.6332 3.64547
6 30.2812 32.6328 3.6454
7 30.2801 32.6327 3.64529
8 30.2789 32.6324 3.64523
9 30.278 32.6326 3.64513
10 30.2769 32.6325 3.64504
11 30.2762 32.6327 3.64497
12 30.2756 32.6332 3.64493
13 30.2744 32.6327 3.64485
14 30.2645 32.6167 3.64446
15 30.253 32.5985 3.64381
16 30.2407 32.5783 3.64326
17 30.2301 32.5604 3.6427
18 30.2186 32.5418 3.64269
19 30.2033 32.5163 3.64366
20 30.1833 32.4828 3.64318
21 30.1608 32.4428 3.6427
22 30.1387 32.4046 3.64262
23 30.1082 32.3511 3.641
24 30.083 32.3067 3.63999
25 30.0576 32.2614 3.63919
26 30.0345 32.2203 3.64007
27 30.0131 32.1831 3.63999
28 29.992 32.1454 3.64001
29 29.9645 32.0963 3.6403
30 29.9361 32.0453 3.63831
31 29.9091 31.9976 3.63688
32 29.8827 31.9508 3.63655
33 29.8576 31.9059 3.63694
34 29.8211 31.8392 3.63593
35 29.7796 31.7635 3.63647
36 29.7465 31.7032 3.63545
37 29.7157 31.6473 3.63367
38 29.6863 31.5938 3.63341
39 29.6574 31.5408 3.63331
40 29.6152 31.4627 3.63259
41 29.5792 31.3958 3.63242
42 29.5467 31.3357 3.63066
43 29.5159 31.2781 3.62882
44 29.4793 31.2095 3.62954
45 29.4368 31.1302 3.62971
46 29.3989 31.0591 3.62871
47 29.363 30.9916 3.62742
48 29.3243 30.9185 3.62594
49 29.2861 30.8463 3.62704
50 29.2452 30.7689 3.62717
51 29.2117 30.7055 3.6257
52 29.1805 30.6461 3.62354
53 29.1483 30.5847 3.62339
54 29.0992 30.4908 3.62284
55 29.0498 30.3965 3.62308
56 29.0148 30.3295 3.62209
57 28.976 30.2549 3.62112
58 28.9289 30.1647 3.62061
59 28.8837 30.0776 3.62028
60 28.8445 30.0018 3.61951
61 28.8085 29.9321 3.6185
62 28.768 29.8546 3.61764
63 28.7258 29.7718 3.6172
64 28.6821 29.6878 3.61682
65 28.6448 29.6147 3.61457
66 28.5889 29.5066 3.61479
67 28.5408 29.4135 3.61295
68 28.5039 29.3424 3.61217
69 28.4698 29.2765 3.61167
70 28.4365 29.2121 3.61054
71 28.3846 29.1103 3.60927
72 28.3494 29.0414 3.60872
73 28.3162 28.9764 3.60703
74 28.283 28.9113 3.60653
75 28.243 28.8324 3.6058
76 28.1983 28.7439 3.60482
77 28.1586 28.6647 3.60341
78 28.1097 28.5673 3.60276
79 28.0714 28.4911 3.60141
80 28.0234 28.3945 3.60083
81 27.984 28.3149 3.59916
82 27.9524 28.2507 3.59914
83 27.9114 28.1679 3.59769
84 27.8789 28.097 3.6045
85 27.8509 28.0358 3.60491
86 27.8138 27.9601 3.5965
87 27.7881 27.904 3.60455
88 27.7683 27.8617 3.60893
89 27.7486 27.8206 3.60932
90 27.7297 27.7816 3.60983
91 27.7137 27.7486 3.61071
92 27.7022 27.7244 3.60967
93 27.6911 27.7014 3.61
94 27.6675 27.6537 3.60908
95 27.6481 27.6141 3.60902
96 27.6292 27.576 3.61045
97 27.6126 27.5423 3.61007
98 27.5849 27.4867 3.60984
99 27.5674 27.4512 3.60907
100 27.5546 27.425 3.60944
101 27.526 27.3676 3.6084
102 27.4977 27.3103 3.60724
103 27.4761 27.267 3.60968
104 27.4402 27.1952 3.60935
105 27.4083 27.1309 3.60722
106 27.3825 27.0791 3.6084
107 27.3502 27.014 3.6076
108 27.3141 26.9415 3.60739
109 27.2864 26.8862 3.61074
110 27.2605 26.8344 3.61075
111 27.2246 26.7627 3.61008
112 27.1833 26.6804 3.61123
113 27.1481 26.6102 3.6139
114 27.1202 26.5545 3.61284
115 27.091 26.4962 3.61247
116 27.0487 26.4125 3.61406
117 27.0178 26.3507 3.6123
118 26.9821 26.2802 3.61551
119 26.95 26.2165 3.61447
120 26.9114 26.1401 3.61504
121 26.8677 26.0546 3.61793
122 26.8317 25.9837 3.61704
123 26.7977 25.9171 3.61932
124 26.7709 25.8657 3.63132
125 26.7217 25.7701 3.62065
126 26.68 25.6896 3.62413
127 26.6476 25.6269 3.62405
128 26.6088 25.5519 3.62297
129 26.5657 25.4689 3.62499
130 26.5487 25.4361 3.63541
131 26.5417 25.4214 3.63555
132 26.523 25.3855 3.62626
133 26.5082 25.357 3.64104
134 26.5014 25.343 3.64131
135 26.4931 25.3262 3.64189
136 26.4725 25.2872 3.64144
137 26.4579 25.2592 3.64235
138 26.4414 25.2279 3.64348
139 26.4233 25.1938 3.64415
140 26.406 25.1613 3.64467
141 26.385 25.122 3.64485
142 26.3618 25.0789 3.64555
143 26.3378 25.0345 3.64613
144 26.3167 24.9953 3.6467
145 26.2982 24.962 3.65109
146 26.2817 24.9324 3.65287
147 26.2555 24.8856 3.65224
148 26.2304 24.841 3.65243
149 26.2127 24.81 3.65486
150 26.1954 24.7796 3.65572
151 26.1725 24.7399 3.65685
152 26.1475 24.6969 3.65999
153 26.1235 24.6559 3.66304
154 26.098 24.6127 3.66392
155 26.067 24.56 3.66342
156 26.0368 24.5092 3.66605
157 26.0242 24.4934 3.67611
158 26.0138 24.4818 3.67874
159 26.0049 24.4732 3.6834
160 25.9786 24.4308 3.68241
161 25.9586 24.4046 3.68725
162 25.9213 24.3447 3.68598
163 25.8857 24.2881 3.68906
164 25.8512 24.2314 3.68908
165 25.8109 24.1653 3.68913
166 25.7681 24.0952 3.68921
167 25.7316 24.0354 3.68927
168 25.6961 23.9771 3.68935
169 25.6793 23.9497 3.68939
170 25.6532 23.9069 3.68942
171 25.6225 23.8565 3.68945
172 25.5947 23.811 3.68947
173 25.5682 23.7675 3.68948
174 25.5453 23.73 3.68948
175 25.5245 23.6959 3.68946
176 25.505 23.664 3.68943
177 25.4799 23.6229 3.68937
178 25.4566 23.5846 3.68928
179 25.4311 23.5428 3.68917
180 25.3985 23.4893 3.68906
181 25.3705 23.4434 3.68893
182 25.3334 23.3825 3.6888
183 25.2945 23.3186 3.68866
184 25.25322581 23.31282943 3.88297
185 25.21782581 23.27422943 3.88285
186 25.17662581 23.22912943 3.88273
187 25.13712581 23.18602943 3.88261
188 25.09612581 23.14122943 3.88248
189 25.05522581 23.09642943 3.88235
190 25.01212581 23.06200564 3.8822
191 24.96942581 23.01540564 3.88205
192 24.92602581 22.96780564 3.88194
193 24.88412581 22.92190564 3.88178
194 24.83562581 22.86880564 3.88163
195 24.83652581 22.87250564 3.88959
196 24.83732581 22.87050564 3.88871
197 24.83512581 22.86540564 3.88618
198 24.81285726 22.8221504 3.88606
199 24.81175726 22.8182504 3.88493
200 24.79675726 22.7993504 3.88309
201 24.77925726 22.7779504 3.88221
202 24.76195726 22.7568504 3.88204
203 24.74305726 22.7340504 3.88054
204 24.72235726 22.7093504 3.87987
205 24.69945726 22.6823504 3.87869
206 24.66025726 22.6375504 3.87936
207 24.63395726 22.6069504 3.87933
208 24.61045726 22.5793504 3.8779
209 24.58585726 22.5506504 3.87726
210 24.52152863 22.54079234 3.87688
211 24.50931391 22.47796089 3.87635
212 24.48251391 22.44676089 3.87574
213 24.45361391 22.41326089 3.87362
214 24.42441391 22.37926089 3.87313
215 24.39221391 22.34206089 3.87303
216 24.35879153 22.30078326 3.87145
217 24.43066633 22.44669657 3.7966
218 24.41066633 22.42489657 3.83361
219 24.39416633 22.40479657 3.83588
220 24.38006633 22.38769657 3.83647
221 24.36766633 22.37279657 3.83424
222 24.35746633 22.36059657 3.83368
223 24.33256774 22.34439657 3.83373
224 24.31906774 22.32799657 3.83395
225 24.29986774 22.30479657 3.83516
226 24.27826774 22.27849657 3.83565
227 24.25596774 22.25139657 3.83632
228 24.22769012 22.22370705 3.83629
229 24.20209012 22.19240705 3.83623
230 24.16369012 22.14560705 3.83687
231 24.12232299 22.10456089 3.83518
232 24.08192299 22.05536089 3.83557
233 24.04488871 22.00862661 3.8349
234 23.99668871 21.95002661 3.83602
235 23.95348871 21.89752661 3.83684
236 23.91958871 21.85592661 3.83405
237 23.87392299 21.81198185 3.83425
238 23.83700061 21.76272661 3.83495
239 23.79600061 21.71262661 3.83625
240 23.73561391 21.66711472 3.83449
241 23.80140061 21.75782661 3.77215
242 23.82220061 21.80552661 3.75963
243 23.80900061 21.79722661 3.75609
244 23.77690061 21.74582661 3.74491
245 23.74570061 21.69482661 3.74451
246 23.70601391 21.66361472 3.74467
247 23.66771532 21.61372661 3.7447
248 23.63841532 21.56832661 3.74492
249 23.60371532 21.51452661 3.74466
250 23.57191532 21.46542661 3.74452
251 23.54001532 21.41642661 3.74438
252 23.51411532 21.37612661 3.74419
253 23.49191532 21.34192661 3.74584
254 23.46971532 21.30782661 3.74609
255 23.43871532 21.26182661 3.74559
256 23.3477 21.2464 3.74477
257 23.3316 21.2221 3.74527
258 23.3247 21.2114 3.74596
259 23.3052 21.1826 3.74629
260 23.2819 21.1484 3.7456
261 23.2553 21.1095 3.74546
262 23.2239 21.0634 3.74454
263 23.1856 21.0072 3.74345
264 23.1438 20.9458 3.74275
265 23.1042 20.8876 3.74144
266 23.0647 20.8295 3.74166
267 23.0221 20.7666 3.7397
268 22.9808 20.7055 3.73841
269 22.9333 20.6351 3.73746
270 22.8872 20.5664 3.73517
271 22.8464 20.5055 3.7343
272 22.8054 20.4441 3.73284
273 22.7622 20.3792 3.73132
274 22.7243 20.3222 3.7301
275 22.6837 20.2608 3.72877
276 22.6447 20.2019 3.72787
277 22.5993 20.133 3.72619
278 22.5576 20.0695 3.72503
279 22.5147 20.0039 3.72376
280 22.469 19.9339 3.7218
281 22.423 19.8633 3.72045
282 22.3717 19.784 3.71884
283 22.3244 19.7106 3.71669
284 22.2689 19.6241 3.715
285 22.2162 19.542 3.71357
286 22.1594 19.4529 3.71186
287 22.1035 19.3649 3.70953
288 22.0431 19.2692 3.7076
289 21.996 19.1942 3.70585
290 21.9386 19.1025 3.70417
291 21.8805 19.0114 3.70599
292 21.8235 18.9217 3.70413
293 21.7637 18.8276 3.70284
294 21.7007 18.7277 3.70113
295 21.64 18.6313 3.69986
296 21.5822 18.5392 3.69745
297 21.5229 18.4441 3.69572
298 21.4605 18.3438 3.69426
299 21.4004 18.2466 3.69241
300 21.3405 18.1498 3.69163
301 21.2845 18.0581 3.68727
302 21.2265 17.9628 3.68572
303 21.1688 17.868 3.68471
304 21.1078 17.7668 3.68299
305 21.0474 17.6662 3.6811
306 20.9839 17.56 3.68011
307 20.9235 17.4592 3.67911
308 20.8597 17.3519 3.67735
309 20.823 17.2901 3.67946
310 20.7774 17.2134 3.67888
311 20.7399 17.15 3.67783
312 20.7057 17.0918 3.67692
313 20.6633 17.0198 3.67616
314 20.6192 16.9444 3.67571
315 20.5699 16.86 3.67483
316 20.5259 16.7845 3.67418
317 20.4832 16.7112 3.67353
318 20.438 16.6334 3.67258
319 20.3891 16.549 3.67169
320 20.3255 16.4405 3.67324
321 20.2679 16.3407 3.66956
322 20.2201 16.2574 3.66853
323 20.1663 16.1639 3.66716
324 20.1098 16.0652 3.6661
325 20.0612 15.9803 3.66534
326 20.0057 15.8829 3.66432
327 19.9419 15.7712 3.66345
328 19.8834 15.6686 3.66293
329 19.8139 15.5464 3.66253
330 19.7361 15.4099 3.66191
331 19.6751 15.3027 3.66207
332 19.6192 15.2045 3.66243
333 19.5559 15.0948 3.66804
334 19.4833 14.9688 3.66808
335 19.41 14.8411 3.6662
336 19.3359 14.712 3.66584
337 19.2612 14.5816 3.66525
338 19.185 14.447 3.66004
339 19.0985 14.2963 3.66545
340 19.0271 14.1702 3.65923
341 18.9584 14.0487 3.65923
342 18.8915 13.9307 3.66032
343 18.8165 13.8007 3.66793
344 18.7474 13.6792 3.66169
345 18.672 13.5466 3.66124
346 18.5977 13.4158 3.6588
347 18.5193 13.2779 3.66022
348 18.4502 13.1564 3.66061
349 18.3946 13.0585 3.65978
350 18.3321 12.947 3.65829
351 18.2569 12.8134 3.6584
352 18.1914 12.6973 3.65351
353 18.122 12.5744 3.65354
354 18.0512 12.4489 3.65332
355 17.9814 12.325 3.65324
356 17.9098 12.1981 3.65353
357 17.844 12.0814 3.65375
358 17.7715 11.9528 3.65345
359 17.6951 11.8229 3.65126
360 17.6252 11.7038 3.65109
361 17.5499 11.5757 3.65092
362 17.4788 11.4538 3.64972
363 17.4032 11.3237 3.64918
364 17.3484 11.2312 3.65149
365 17.3107 11.1727 3.64506
366 17.2867 11.1367 3.63889
367 17.2607 11.0936 3.64829
368 17.2351 11.0521 3.64798
369 17.201 10.9902 3.63768
370 17.1619 10.9154 3.63704
371 17.133 10.8595 3.63738
372 17.091 10.7802 3.63737
373 17.0553 10.7117 3.63723
374 17.0288 10.6606 3.63724
375 17.0015 10.6102 3.63739
376 16.9664 10.5457 3.63745
377 16.9198 10.4584 3.63799
378 16.8748 10.3734 3.63846
379 16.8147 10.2606 3.6386
380 16.7614 10.1581 3.6387
381 16.7056 10.0523 3.63901
382 16.6564 9.95982 3.63958
383 16.6256 9.90118 3.63988
384 16.5752 9.80897 3.6406
385 16.5212 9.70883 3.64116
386 16.4583 9.59176 3.6427
387 16.3889 9.46603 3.64166
388 16.3146 9.3313 3.64201
389 16.237 9.18868 3.64173
390 16.1514 9.03211 3.64205
391 16.0786 8.89793 3.64207
392 16.0091 8.77046 3.64224
393 15.9358 8.63694 3.64226
394 15.8689 8.51495 3.6431
395 15.7973 8.3843 3.64246
396 15.7249 8.25198 3.64263
397 15.6475 8.11032 3.64215
398 15.578 7.98293 3.6423
399 15.5052 7.84992 3.64243
400 15.4254 7.70455 3.64286
401 15.3552 7.57563 3.64284
402 15.2759 7.43125 3.64412
403 15.2152 7.32207 3.65032
404 15.1467 7.19552 3.65101
405 15.084 7.07952 3.65151
406 15.0235 6.96843 3.65194
407 14.9681 6.86684 3.65237
408 14.9106 6.76231 3.65313
409 14.8476 6.64788 3.65463
410 14.7799 6.52522 3.65464
411 14.7256 6.43119 3.65647
412 14.6644 6.32033 3.65702
413 14.6046 6.2128 3.65835
414 14.5429 6.10218 3.65882
415 14.475 5.98065 3.65938
416 14.4126 5.86824 3.66022
417 14.3515 5.75899 3.66057
418 14.2907 5.65075 3.66139
419 14.2293 5.54137 3.66206
420 14.1643 5.42574 3.66247
421 14.106 5.32359 3.66897
422 14.0506 5.22892 3.66944
423 13.9979 5.13864 3.6696
424 13.9454 5.04857 3.66973
425 13.8851 4.94545 3.67005
426 13.8209 4.83467 3.67037
427 13.7586 4.72723 3.67097
428 13.7037 4.63279 3.67145
429 13.6479 4.53706 3.67164
430 13.5844 4.4285 3.6721
431 13.5235 4.32419 3.67286
432 13.4678 4.22915 3.67331
433 13.4128 4.13539 3.67413
434 13.3547 4.03678 3.67517
435 13.2983 3.94333 3.68273
436 13.2377 3.83987 3.68514
437 13.1701 3.72241 3.6814
438 13.1147 3.63242 3.6895
439 13.0498 3.52104 3.68676
440 12.9862 3.41663 3.69096
441 12.9243 3.31616 3.69664
442 12.8635 3.21869 3.70323
443 12.8038 3.12429 3.70764
444 12.7453 3.03351 3.71484
445 12.6856 2.94221 3.71998
446 12.6189 2.84529 3.73717
447 12.549 2.73752 3.74062
448 12.487 2.64779 3.74713
449 12.4247 2.55939 3.75756
450 12.3624 2.47288 3.76821
451 12.2957 2.38262 3.77927
452 12.2327 2.29924 3.78704
453 12.1726 2.22166 3.79028
454 12.1164 2.15207 3.80714
455 12.0617 2.0866 3.81957
456 12.0055 2.02369 3.84321
457 11.9455 1.95308 3.85225
458 11.8766 1.87049 3.86251
459 11.8304 1.82232 3.87287
460 11.7818 1.77236 3.8833
461 11.7163 1.70502 3.88566
462 11.6444 1.63186 3.9084
463 11.5769 1.56567 3.91552
464 11.5074 1.5003 3.94179
465 11.4346 1.43381 3.94779
466 11.3652 1.37154 3.96413
467 11.2977 1.31376 3.98216
468 11.2234 1.25299 4.00161
469 11.1525 1.19683 4.01551
470 11.0817 1.14339 4.03546
471 11.0113 1.09232 4.05012
472 10.9415 1.04345 4.06454
473 10.8663 0.992974 4.08615
474 10.7893 0.944047 4.10902
475 10.7104 0.89598 4.12489
476 10.6432 0.850196 4.06423
477 10.5451 0.787859 4.16271
478 10.4764 0.752147 4.18387
479 10.4123 0.722615 4.20078
480 10.3473 0.688631 4.13219
481 10.2631 0.62567 4.09049
482 10.1718 0.567014 4.10685
483 10.0574 0.519542 4.29155
484 9.96958 0.48999 4.31626
485 9.89669 0.464026 4.23579
486 9.80425 0.406965 4.18513
487 9.71 0.359194 4.20275
488 9.61562 0.313301 4.21917
489 9.52374 0.269134 4.23082
490 9.41411 0.244519 4.46416
491 9.33949 0.232926 4.3684
492 9.25115 0.189512 4.29786
493 9.1518 0.150084 4.30782
494 9.04856 0.111668 4.31994
495 8.9542 0.0802405 4.34316
496 8.86538 0.0517245 4.36099
497 8.77164 0.0230362 4.37899
498 8.68846 -0.000304278 4.3968
499 8.60459 -0.0234842 4.40892
500 8.52279 -0.0430529 4.43287
501 8.42852 -0.0647532 4.45238
502 8.3326 -0.0854774 4.46657
503 8.23086 -0.105986 4.47953
504 8.12611 -0.104339 4.62862
505 8.11673 -0.0564899 4.56122
506 8.01929 -0.0729852 4.54423
507 7.91241 -0.0859132 4.56001
508 7.80162 -0.0968068 4.57522
509 7.69198 -0.10425 4.59863
510 7.57206 -0.111423 4.61464
511 7.45671 -0.114384 4.63809
512 7.35259 -0.114225 4.66254
513 7.24732 -0.113997 4.67878
514 7.13495 -0.1122 4.69607
515 7.02039 -0.109013 4.70821
516 6.89856 -0.103356 4.72549
517 6.79258 -0.0956473 4.74267
518 6.69389 -0.0879054 4.75836
519 6.58881 -0.0793938 4.7683
520 6.45802 -0.0646115 4.79116
521 6.3259 -0.0473417 4.80825
522 6.20388 -0.0298273 4.82146
523 6.07735 -0.0100178 4.83673
524 5.94765 0.0121306 4.85202
525 5.81903 0.035286 4.86329
526 5.6911 0.0605349 4.87856
527 5.56174 0.0886111 4.89483
528 5.43426 0.116238 4.90426
529 5.30726 0.146687 4.91887
530 5.17901 0.177287 4.92727
531 5.0906 0.240961 5.05583
532 5.12241 0.329075 5.06431
533 5.12885 0.417894 5.07014
534 5.13462 0.50077 5.0751
535 5.09761 0.593308 5.08024
536 5.03947 0.674756 5.08961
537 4.97499 0.762634 5.09445
538 4.89822 0.847781 5.10183
539 4.81641 0.931291 5.10947
540 4.73581 1.01007 5.11376
541 4.64324 1.09159 5.12048
542 4.53879 1.17614 5.12696
543 4.43482 1.25794 5.13023
544 4.32471 1.34129 5.13587
545 4.209 1.42539 5.14158
546 4.1032 1.50565 5.14555
547 3.99559 1.58525 5.14734
548 3.87602 1.67009 5.15048
549 3.74538 1.75662 5.15527
550 3.62712 1.84021 5.15719
551 3.51684 1.92057 5.15775
552 3.39804 2.00155 5.15901
553 3.28546 2.07817 5.15975
554 3.18123 2.14948 5.16104
555 3.06921 2.2248 5.16206
556 2.95558 2.29953 5.16231
557 2.83086 2.37843 5.16518
558 2.69652 2.46315 5.16628
559 2.57795 2.5395 5.16409
560 2.45324 2.61662 5.16418
561 2.33197 2.69126 5.16505
562 2.19265 2.7737 5.1686
563 2.06401 2.85199 5.16981
564 1.94713 2.92373 5.17012
565 1.80313 3.00874 5.17147
566 1.67018 3.08783 5.16885
567 1.5358 3.16552 5.16934
568 1.39366 3.24646 5.174
569 1.26355 3.32289 5.17144
570 1.1245 3.40185 5.17227
571 0.980188 3.48326 5.17349
572 0.847084 3.5585 5.17474
573 0.708506 3.63661 5.17582
574 0.601803 3.69842 5.17663
575 0.489819 3.76315 5.17727
576 0.344674 3.84429 5.18297
577 0.201224 3.92531 5.18016
578 0.0447022 4.0115 5.1802
579 -0.115789 4.09685 5.18888
580 -0.250131 4.1716 5.18973
581 -0.407979 4.25769 5.18461
582 -0.585406 4.35078 5.18426
583 -0.733498 4.42973 5.19332
584 -0.876382 4.50945 5.19192
585 -1.01807 4.5902 5.19589
586 -1.1732 4.67609 5.19554
587 -1.33874 4.76552 5.18603
588 -1.50442 4.85139 5.18283
589 -1.65635 4.93261 5.19657
590 -1.82419 5.02246 5.18475
591 -1.98465 5.10783 5.19639
592 -2.12802 5.18715 5.19772
593 -2.23664 5.24851 5.19814
594 -2.41357 5.34341 5.18762
595 -2.57072 5.42669 5.19887
596 -2.74258 5.51804 5.18932
597 -2.92193 5.60922 5.18494
598 -3.0906 5.69491 5.18602
599 -3.27196 5.78709 5.1863
600 -3.44531 5.87359 5.17542
601 -3.61706 5.96132 5.17581
602 -3.77846 6.04254 5.16733
603 -3.93918 6.11884 5.15667
604 -4.0086 6.16147 5.19531
605 -4.16109 6.24013 5.17228
606 -4.31743 6.31792 5.17179
607 -4.41527 6.37436 5.18912
608 -4.52125 6.43568 5.19218
609 -4.6531 6.51146 5.20621
610 -4.76609 6.5757 5.20675
611 -4.83538 6.6202 5.21657
612 -4.9257 6.67633 5.20995
613 -5.05207 6.74719 5.20988
614 -5.17617 6.81566 5.21148
615 -5.28663 6.8794 5.21819
616 -5.38945 6.94169 5.21371
617 -5.50047 7.00513 5.21837
618 -5.60462 7.06659 5.21612
619 -5.75569 7.14282 5.18834
620 -5.85524 7.20259 5.24914
621 -5.93237 7.25229 5.25294
622 -6.01176 7.30264 5.25351
623 -6.11346 7.35656 5.2094
624 -6.2543 7.41853 5.16682
625 -6.38546 7.48144 5.16325
626 -6.51282 7.55676 5.23676
627 -6.63935 7.62514 5.23371
628 -6.74269 7.68433 5.21084
629 -6.8486 7.74226 5.23939
630 -6.98164 7.81652 5.24313
631 -7.10078 7.884 5.24379
632 -7.21225 7.94766 5.24434
633 -7.33649 8.0186 5.24518
634 -7.46047 8.08268 5.20897
635 -7.5706 8.14346 5.24398
636 -7.65904 8.19727 5.2478
637 -7.76959 8.26185 5.24878
638 -7.86069 8.316 5.24935
639 -7.92795 8.35709 5.24434
640 -8.02821 8.42107 5.2519
641 -8.10108 8.46529 5.24553
642 -8.18085 8.51688 5.24455
643 -8.26837 8.57274 5.24771
644 -8.38132 8.6419 5.24812
645 -8.49485 8.71206 5.25259
646 -8.57769 8.7614 5.24758
647 -8.66636 8.81921 5.25495
648 -8.74655 8.87343 5.25457
649 -8.84277 8.93592 5.25373
650 -8.93899 8.99701 5.2489
651 -9.04365 9.06207 5.25436
652 -9.12351 9.11581 5.254
653 -9.21104 9.17352 5.25415
654 -9.30799 9.23522 5.25067
655 -9.41188 9.29902 5.25072
656 -9.51672 9.36306 5.24964
657 -9.61036 9.42068 5.25068
658 -9.71421 9.48426 5.24983
659 -9.82689 9.5531 5.2495
660 -9.94991 9.62652 5.2493
661 -10.0524 9.69061 5.25476
662 -10.132 9.74274 5.25529
663 -10.1932 9.78462 5.25908
664 -10.2972 9.84927 5.2516
665 -10.4023 9.9129 5.25205
666 -10.5068 9.97659 5.25206
667 -10.6163 10.0429 5.25172
668 -10.7229 10.1074 5.25181
669 -10.7917 10.1518 5.26044
670 -10.88 10.208 5.256
671 -10.963 10.2619 5.25603
672 -11.0379 10.3062 5.25433
673 -11.1179 10.3538 5.25498
674 -11.1796 10.3928 5.26612
675 -11.2448 10.4343 5.25736
676 -11.3321 10.4856 5.25631
677 -11.4105 10.5321 5.25679
678 -11.4916 10.5804 5.25685
679 -11.5708 10.6273 5.25726
680 -11.6286 10.6642 5.26734
681 -11.6845 10.7017 5.26827
682 -11.7551 10.7461 5.26027
683 -11.8516 10.8032 5.25896
684 -11.9389 10.8562 5.26776
685 -11.9928 10.8918 5.27157
686 -12.0553 10.9346 5.27017
687 -12.1255 10.9803 5.27209
688 -12.1866 11.0218 5.27217
689 -12.2529 11.0661 5.27055
690 -12.3362 11.1185 5.27091
691 -12.4152 11.1694 5.27291
692 -12.4812 11.2141 5.274
693 -12.5559 11.2637 5.27412
694 -12.6274 11.3115 5.27871
695 -12.7168 11.3704 5.27562
696 -12.7833 11.4154 5.27989
697 -12.8459 11.459 5.2807
698 -12.9232 11.5116 5.28129
699 -13.0019 11.565 5.28198
700 -13.09 11.6242 5.28289
701 -13.1838 11.6867 5.28391
702 -13.2795 11.7505 5.28474
703 -13.3831 11.8193 5.28581
704 -13.4768 11.8821 5.28676
705 -13.5895 11.9581 5.29223
706 -13.7039 12.0332 5.28997
707 -13.8114 12.1051 5.29194
708 -13.9108 12.1726 5.29581
709 -14.0443 12.2593 5.2895
710 -14.1683 12.3408 5.29037
711 -14.2935 12.4231 5.29232
712 -14.4153 12.5036 5.29427
713 -14.5274 12.5803 5.30648
714 -14.6529 12.6644 5.29821
715 -14.7725 12.7442 5.29938
716 -14.8896 12.8227 5.30051
717 -15.0019 12.8982 5.30167
718 -15.1294 12.9835 5.3014
719 -15.2402 13.0593 5.30486
720 -15.3547 13.1369 5.30633
721 -15.4788 13.2213 5.30798
722 -15.602 13.3052 5.30962
723 -15.7224 13.3873 5.30952
724 -15.839 13.4677 5.31083
725 -15.9549 13.548 5.31216
726 -16.0811 13.6354 5.31315
727 -16.2063 13.7221 5.31398
728 -16.3234 13.8034 5.31501
729 -16.4409 13.8851 5.31543
730 -16.5601 13.968 5.31572
731 -16.6916 14.0593 5.31563
732 -16.8145 14.1443 5.31532
733 -16.928 14.2236 5.31772
734 -17.0406 14.3015 5.31746
735 -17.1605 14.3846 5.3178
736 -17.273 14.4625 5.3177
737 -17.3839 14.5392 5.31693
738 -17.5 14.6196 5.31793
739 -17.6066 14.6929 5.31834
740 -17.706 14.7617 5.32214
741 -17.8109 14.8325 5.32195
742 -17.9138 14.902 5.32162
743 -18.0195 14.9735 5.32151
744 -18.1189 15.0406 5.32128
745 -18.2195 15.1086 5.32086
746 -18.3167 15.1742 5.32063
747 -18.4195 15.244 5.3204
748 -18.5113 15.3054 5.32021
749 -18.5955 15.3623 5.32008
750 -18.6764 15.417 5.31919
751 -18.7802 15.4877 5.31827
752 -18.8823 15.5561 5.31727
753 -18.9867 15.6261 5.31629
754 -19.0935 15.6975 5.31566
755 -19.1988 15.7678 5.31503
756 -19.3013 15.836 5.31408
757 -19.4104 15.9087 5.31341
758 -19.5199 15.9816 5.31286
759 -19.6211 16.0484 5.31172
760 -19.7252 16.1174 5.31044
761 -19.8263 16.184 5.30913
762 -19.9219 16.2469 5.30781
763 -20.0279 16.3167 5.30568
764 -20.1377 16.3884 5.30341
765 -20.2408 16.4551 5.30177
766 -20.3373 16.5174 5.29917
767 -20.4424 16.5851 5.29615
768 -20.553 16.6556 5.29233
769 -20.6545 16.7196 5.28965
770 -20.7529 16.7812 5.2855
771 -20.8485 16.8408 5.28226
772 -20.9441 16.8997 5.27679
773 -21.0396 16.9577 5.27052
774 -21.1372 17.0163 5.26476
775 -21.2456 17.0806 5.25827
776 -21.3381 17.1339 5.25036
777 -21.4389 17.192 5.24514
778 -21.5322 17.2446 5.2413
779 -21.6527 17.3097 5.22955
780 -21.7815 17.3779 5.21783
781 -21.9094 17.4437 5.2054
782 -22.0409 17.5101 5.19483
783 -22.1704 17.5732 5.18145
784 -22.2995 17.6345 5.16945
785 -22.4298 17.6944 5.15456
786 -22.5627 17.7541 5.14516
787 -22.7046 17.8144 5.124
788 -22.8391 17.8696 5.11077
789 -22.9734 17.9219 5.09091
790 -23.1193 17.9762 5.07299
791 -23.256 18.0234 5.05134
792 -23.3836 18.0656 5.03743
793 -23.4809 18.0935 5.0217
794 -23.5766 18.1231 5.00758
795 -23.687 18.1563 4.9928
796 -23.8147 18.1911 4.97246
797 -23.946 18.2231 4.94575
798 -24.0716 18.2498 4.92393
799 -24.1954 18.2732 4.90208
800 -24.3035 18.2911 4.88638
801 -24.4164 18.3069 4.85869
802 -24.5172 18.3174 4.83583
803 -24.5891 18.3229 4.81987
804 -24.6824 18.3296 4.79611
805 -24.7823 18.3335 4.77156
806 -24.8791 18.3346 4.74641
807 -24.9769 18.3326 4.72111
808 -25.0753 18.3271 4.69589
809 -25.1722 18.3191 4.67073
810 -25.2695 18.3085 4.65385
811 -25.3795 18.2944 4.61974
812 -25.4863 18.2764 4.5806
813 -25.5803 18.2568 4.5751
814 -25.6707 18.2362 4.549
815 -25.7723 18.2105 4.50938
816 -25.8703 18.1848 4.51322
817 -25.9978 18.1615 4.53491
818 -26.1239 18.1318 4.51937
819 -26.2439 18.0992 4.49469
820 -26.3684 18.0642 4.47764
821 -26.4339 18.0211 4.3822
822 -26.4907 17.9849 4.37285
823 -26.5955 17.9479 4.40156
824 -26.7124 17.9077 4.39946
825 -26.7688 17.8585 4.28796
826 -26.8505 17.8157 4.3315
827 -26.9636 17.7709 4.34079
828 -27.0808 17.7195 4.32941
829 -27.1261 17.6638 4.19863
830 -27.172 17.6071 4.22151
831 -27.2563 17.5539 4.25142
832 -27.3109 17.5119 4.23299
833 -27.419 17.4587 4.24594
834 -27.5219 17.4019 4.23194
835 -27.5725 17.3502 4.17008
836 -27.6577 17.3049 4.25667
837 -27.8072 17.236 4.2259
838 -27.8564 17.1743 4.11199
839 -27.9453 17.1105 4.13855
840 -27.988 17.0569 4.07799
841 -28.0266 17.0024 4.05808
842 -28.1134 16.9322 4.08717
843 -28.1867 16.8503 4.08655
844 -28.2553 16.7841 4.01008
845 -28.3408 16.7078 4.04338
846 -28.3915 16.6385 3.96937
847 -28.4796 16.5332 4.01627
848 -28.5779 16.4287 4.00215
849 -28.6374 16.3563 3.92173
850 -28.686 16.2814 3.90991
851 -28.7404 16.2005 3.89403
852 -28.8653 16.0646 3.95395
853 -28.9452 15.9951 3.999
854 -29.0398 15.9159 3.98975
855 -29.1387 15.8302 3.97412
856 -29.2272 15.7509 3.9587
857 -29.3131 15.6721 3.94804
858 -29.3944 15.5955 3.94141
859 -29.4737 15.5176 3.92019
860 -29.5494 15.4411 3.90976
861 -29.6314 15.3579 3.89971
862 -29.7117 15.2735 3.88349
863 -29.7808 15.1975 3.87093
864 -29.8402 15.1305 3.86867
865 -29.9114 15.0545 3.85689
866 -29.9822 14.9774 3.84555
867 -30.0491 14.9037 3.83659
868 -30.1157 14.8278 3.82789
869 -30.1854 14.7467 3.81372
870 -30.2481 14.672 3.80466
871 -30.3145 14.5903 3.79288
872 -30.3719 14.5179 3.78552
873 -30.4282 14.4461 3.77639
874 -30.4825 14.3756 3.76851
875 -30.5405 14.2984 3.75705
876 -30.5983 14.2191 3.7471
877 -30.6467 14.1506 3.73993
878 -30.6973 14.0784 3.73001
879 -30.747 14.0057 3.72263
880 -30.7956 13.9327 3.71222
881 -30.8432 13.86 3.7051
882 -30.8934 13.7814 3.69594
883 -30.945 13.699 3.68562
884 -30.9953 13.6169 3.6782
885 -31.0432 13.5369 3.67117
886 -31.0959 13.4464 3.65772
887 -31.148 13.354 3.65006
888 -31.1974 13.2647 3.6396
889 -31.2449 13.1755 3.6292
890 -31.2932 13.0836 3.62166
891 -31.3398 12.9923 3.61071
892 -31.3857 12.8998 3.60267
893 -31.4321 12.804 3.59197
894 -31.4738 12.7151 3.5841
895 -31.5219 12.6144 3.57922
896 -31.5656 12.5148 3.5607
897 -31.6094 12.4131 3.54993
898 -31.6488 12.3187 3.54159
899 -31.6925 12.216 3.54001
900 -31.7346 12.1077 3.51384
901 -31.7736 12.0031 3.50507
902 -31.808 11.9077 3.49683
903 -31.8436 11.8056 3.4799
904 -31.8752 11.71 3.47028
905 -31.9089 11.604 3.45644
906 -31.9407 11.4998 3.44662
907 -31.9724 11.3897 3.42696
908 -32.0017 11.2863 3.42241
909 -32.0286 11.1805 3.40009
910 -32.053 11.0764 3.38237
911 -32.0766 10.974 3.37512
912 -32.0998 10.8655 3.35717
913 -32.1182 10.7694 3.33843
914 -32.1366 10.6668 3.3238
915 -32.1526 10.5637 3.30378
916 -32.1663 10.4606 3.28311
917 -32.1782 10.3501 3.26137
918 -32.1869 10.2437 3.23812
919 -32.1914 10.1527 3.21533
920 -32.1939 10.0577 3.19883
921 -32.1949 9.96577 3.17491
922 -32.1926 9.86836 3.15159
923 -32.1873 9.76817 3.12741
924 -32.1794 9.67478 3.10261
925 -32.1685 9.58278 3.07819
926 -32.1632 9.48529 3.11951
927 -32.1456 9.38489 3.02937
928 -32.1263 9.289 3.01245
929 -32.1028 9.18613 2.98009
930 -32.0783 9.09574 2.95674
931 -32.0493 8.9995 2.93382
932 -32.0288 8.89992 2.98541
933 -32.0134 8.79134 3.00231
934 -31.9937 8.68715 2.98957
935 -31.9709 8.5854 2.96639
936 -31.946 8.47588 2.95188
937 -31.9186 8.37245 2.92983
938 -31.8912 8.27237 2.91266
939 -31.8614 8.16811 2.89864
940 -31.8325 8.07503 2.88192
941 -31.7991 7.97544 2.85824
942 -31.7644 7.87374 2.84667
943 -31.7273 7.77333 2.82699
944 -31.6891 7.67788 2.80549
945 -31.6499 7.5823 2.78952
946 -31.6081 7.48393 2.77537
947 -31.5653 7.38881 2.75797
948 -31.5184 7.29189 2.73392
949 -31.4684 7.18899 2.72232
950 -31.4194 7.09556 2.70201
951 -31.3696 7.00212 2.68753
952 -31.3151 6.90706 2.66448
953 -31.2599 6.81276 2.6498
954 -31.201 6.7161 2.63205
955 -31.1543 6.64467 2.61246
956 -31.1008 6.56225 2.59613
957 -31.0327 6.46208 2.57779
958 -30.9649 6.36667 2.56322
959 -30.8954 6.27338 2.54231
960 -30.8233 6.18069 2.52358
961 -30.7506 6.09056 2.50271
962 -30.6753 5.99873 2.48843
963 -30.5985 5.91064 2.46781
964 -30.5219 5.82476 2.45064
965 -30.4436 5.73854 2.43754
966 -30.3852 5.69975 2.43569
967 -30.3005 5.53449 2.41365
968 -30.2227 5.3989 2.39814
969 -30.1453 5.27941 2.36562
970 -30.072 5.18377 2.34398
971 -29.9897 5.09367 2.31955
972 -29.9182 5.02552 2.30496
973 -29.8397 4.95045 2.28645
974 -29.7584 4.88067 2.26855
975 -29.6826 4.82146 2.2525
976 -29.5979 4.75694 2.23636
977 -29.5128 4.69712 2.22151
978 -29.4275 4.65053 2.24093
979 -29.3346 4.57718 2.19973
980 -29.2574 4.52823 2.18553
981 -29.1736 4.47831 2.17407
982 -29.086 4.42811 2.16373
983 -29.007 4.38518 2.15697
984 -28.9246 4.34093 2.14899
985 -28.8634 4.31843 2.17283
986 -28.7731 4.26155 2.13905
987 -28.6872 4.21628 2.13241
988 -28.6279 4.19394 2.15851
989 -28.5568 4.15669 2.15731
990 -28.493 4.12357 2.15507
991 -28.4359 4.09389 2.15405
992 -28.3597 4.05193 2.15254
993 -28.2833 4.00963 2.15081
994 -28.2023 3.9646 2.15011
995 -28.129 3.92389 2.14933
996 -28.0578 3.88444 2.14882
997 -27.9848 3.84323 2.14929
998 -27.9011 3.79508 2.15066
999 -27.8281 3.7532 2.15124
1000 -27.7675 3.7181 2.15294
1001 -27.6888 3.67163 2.15399
1002 -27.606 3.62225 2.15504
1003 -27.5264 3.57501 2.15502
1004 -27.4431 3.52484 2.1559
1005 -27.3676 3.47886 2.15707
1006 -27.2878 3.42951 2.1586
1007 -27.1996 3.37587 2.15835
1008 -27.1194 3.32673 2.15818
1009 -27.0437 3.27999 2.15941
1010 -26.9608 3.2285 2.16049
1011 -26.88 3.17777 2.16019
1012 -26.796 3.12476 2.16316
1013 -26.7104 3.07057 2.16295
1014 -26.6216 3.01377 2.16375
1015 -26.5397 2.96096 2.16521
1016 -26.4542 2.90536 2.16613
1017 -26.3697 2.85033 2.16809
1018 -26.3069 2.80977 2.16877
1019 -26.2213 2.75367 2.1696
1020 -26.1265 2.69165 2.16846
1021 -26.0388 2.6336 2.16972
1022 -25.959 2.58054 2.17144
1023 -25.8718 2.51684 2.1888
1024 -25.7779 2.44916 2.18991
1025 -25.6771 2.37765 2.18999
1026 -25.5841 2.31132 2.18923
1027 -25.4977 2.24932 2.18928
1028 -25.412 2.18727 2.18926
1029 -25.3183 2.11995 2.18967
1030 -25.2326 2.05802 2.18977
1031 -25.1334 1.98705 2.18942
1032 -25.0332 1.91567 2.1894
1033 -24.9329 1.84386 2.1896
1034 -24.8399 1.77732 2.18928
1035 -24.7357 1.70311 2.1899
1036 -24.6281 1.62709 2.1889
1037 -24.5216 1.55126 2.18918
1038 -24.4197 1.47887 2.18886
1039 -24.3222 1.40937 2.1881
1040 -24.2193 1.33617 2.188
1041 -24.1125 1.2609 2.18738
1042 -24.0146 1.19127 2.18741
1043 -23.9073 1.11517 2.18691
1044 -23.7958 1.03644 2.18678
1045 -23.6919 0.962954 2.18564
1046 -23.5878 0.889298 2.18484
1047 -23.479 0.812819 2.1839
1048 -23.3687 0.735076 2.18358
1049 -23.2571 0.657067 2.18209
1050 -23.1468 0.580123 2.1808
1051 -23.0309 0.499378 2.17956
1052 -22.944 0.436695 2.18512
1053 -22.8434 0.36454 2.1791
1054 -22.7267 0.283693 2.17726
1055 -22.6095 0.202848 2.17623
1056 -22.4931 0.122707 2.17426
1057 -22.3981 0.0560813 2.17847
1058 -22.2899 -0.0203505 2.17561
1059 -22.1673 -0.104433 2.17402
1060 -22.0374 -0.193461 2.17291
1061 -21.9198 -0.27371 2.17181
1062 -21.8292 -0.337149 2.17639
1063 -21.719 -0.414271 2.17275
1064 -21.6146 -0.486136 2.17364
1065 -21.511 -0.558424 2.17315
1066 -21.407 -0.630474 2.17186
1067 -21.294 -0.708299 2.17058
1068 -21.1784 -0.78803 2.16964
1069 -21.0442 -0.878878 2.16776
1070 -20.9134 -0.966939 2.16669
1071 -20.7809 -1.05596 2.1653
1072 -20.6607 -1.13642 2.1638
1073 -20.5354 -1.2201 2.16178
1074 -20.4073 -1.30545 2.16116
1075 -20.2792 -1.39046 2.15923
1076 -20.1591 -1.46987 2.15807
1077 -20.0349 -1.55182 2.15591
1078 -19.9118 -1.63267 2.15437
1079 -19.7956 -1.7089 2.1537
1080 -19.6744 -1.78802 2.15102
1081 -19.5576 -1.8642 2.15032
1082 -19.4382 -1.94173 2.14972
1083 -19.3195 -2.0186 2.14721
1084 -19.2057 -2.09216 2.1463
1085 -19.0902 -2.16654 2.14435
1086 -18.9783 -2.23849 2.14389
1087 -18.8571 -2.3162 2.1429
1088 -18.7409 -2.39043 2.14056
1089 -18.6158 -2.46958 2.13715
1090 -18.5027 -2.54064 2.13646
1091 -18.3911 -2.61141 2.1367
1092 -18.2725 -2.68601 2.13394
1093 -18.1585 -2.75752 2.134
1094 -18.0435 -2.83004 2.13402
1095 -17.9237 -2.90557 2.13404
1096 -17.8031 -2.98086 2.13131
1097 -17.6872 -3.05295 2.13079
1098 -17.571 -3.12562 2.13038
1099 -17.4534 -3.19873 2.12731
1100 -17.3396 -3.26963 2.1276
1101 -17.2204 -3.34347 2.12657
1102 -17.1123 -3.41011 2.1249
1103 -16.9957 -3.48196 2.12162
1104 -16.8767 -3.55542 2.12308
1105 -16.7642 -3.6247 2.12328
1106 -16.6458 -3.69757 2.12308
1107 -16.5283 -3.76961 2.12247
1108 -16.42 -3.836 2.12192
1109 -16.3355 -3.88777 2.12167
1110 -16.246 -3.94258 2.12112
1111 -16.1329 -4.01177 2.12071
1112 -16.017 -4.08277 2.12096
1113 -15.9005 -4.15398 2.12057
1114 -15.7796 -4.22785 2.12016
1115 -15.659 -4.3015 2.11992
1116 -15.5398 -4.37416 2.11944
1117 -15.4185 -4.44804 2.11901
1118 -15.3002 -4.51996 2.11839
1119 -15.1846 -4.59032 2.1181
1120 -15.069 -4.66066 2.11826
1121 -14.9487 -4.73388 2.11809
1122 -14.8229 -4.8103 2.11778
1123 -14.6974 -4.88659 2.11767
1124 -14.5765 -4.96 2.1174
1125 -14.4542 -5.03412 2.11692
1126 -14.3289 -5.10998 2.11624
1127 -14.2064 -5.1842 2.11624
1128 -14.0809 -5.26009 2.11586
1129 -13.9585 -5.33407 2.11535
1130 -13.8266 -5.4138 2.11521
1131 -13.6991 -5.49075 2.11479
1132 -13.5716 -5.56769 2.11465
1133 -13.4325 -5.65151 2.11418
1134 -13.304 -5.72897 2.11404
1135 -13.1768 -5.80544 2.11354
1136 -13.0448 -5.88477 2.11301
1137 -12.9168 -5.96172 2.11277
1138 -12.7946 -6.03508 2.11245
1139 -12.6711 -6.10928 2.1124
1140 -12.5424 -6.1864 2.11199
1141 -12.4166 -6.26193 2.112
1142 -12.297 -6.33374 2.11196
1143 -12.1728 -6.40813 2.11162
1144 -12.0489 -6.48235 2.11125
1145 -11.92 -6.55956 2.11114
1146 -11.797 -6.63329 2.11123
1147 -11.6665 -6.71136 2.1109
1148 -11.5387 -6.78787 2.11089
1149 -11.5514 -6.79544 2.18212
1150 -11.7081 -6.7124 2.17398
1151 -11.7518 -6.70038 2.17397
1152 -11.7674 -6.70455 2.17358
1153 -11.7362 -6.73625 2.17318
1154 -11.7019 -6.7701 2.17289
1155 -11.6064 -6.84046 2.17264
1156 -11.5286 -6.89927 2.17247
1157 -11.4423 -6.96384 2.17201
1158 -11.3548 -7.02809 2.17157
1159 -11.2541 -7.10038 2.17109
1160 -11.177 -7.15764 2.17029
1161 -11.1229 -7.198 2.15713
1162 -11.0224 -7.26868 2.15748
1163 -10.91 -7.34664 2.1567
1164 -10.814 -7.4133 2.15607
1165 -10.7139 -7.4827 2.15531
1166 -10.6202 -7.54845 2.154
1167 -10.5091 -7.62487 2.15514
1168 -10.4089 -7.69357 2.15433
1169 -10.3018 -7.76668 2.15459
1170 -10.1889 -7.84332 2.15332
1171 -10.0768 -7.91951 2.15297
1172 -9.96084 -7.99742 2.15216
1173 -9.84782 -8.07343 2.15204
1174 -9.74071 -8.14591 2.15179
1175 -9.63382 -8.21774 2.15078
1176 -9.52481 -8.29103 2.15058
1177 -9.41043 -8.3701 2.16137
1178 -9.29887 -8.44657 2.16142
1179 -9.16507 -8.5378 2.16043
1180 -9.05698 -8.61116 2.16002
1181 -8.95327 -8.6824 2.15938
1182 -8.84826 -8.75386 2.15889
1183 -8.73639 -8.82965 2.15859
1184 -8.63195 -8.90071 2.1581
1185 -8.51497 -8.97975 2.1574
1186 -8.39346 -9.06135 2.15678
1187 -8.26817 -9.14535 2.15632
1188 -8.14679 -9.2266 2.15588
1189 -8.02236 -9.30984 2.15526
1190 -7.89852 -9.39243 2.15449
1191 -7.78885 -9.46563 2.15348
1192 -7.69774 -9.52678 2.15299
1193 -7.58072 -9.60554 2.15338
1194 -7.46248 -9.68435 2.15237
1195 -7.32959 -9.77209 2.1516
1196 -7.20233 -9.85603 2.15179
1197 -7.06481 -9.94667 2.1507
1198 -6.93267 -10.0334 2.15013
1199 -6.79394 -10.1246 2.15011
1200 -6.65463 -10.2157 2.149
1201 -6.52376 -10.3013 2.14833
1202 -6.38563 -10.3916 2.14782
1203 -6.25387 -10.4778 2.14669
1204 -6.12576 -10.5612 2.14523
1205 -6.01078 -10.636 2.14389
1206 -5.873 -10.7251 2.14212
1207 -5.73627 -10.8125 2.13982
1208 -5.58816 -10.9069 2.13764
1209 -5.44256 -10.9988 2.13354
1210 -5.30205 -11.0867 2.13027
1211 -5.15791 -11.1763 2.12632
1212 -5.00903 -11.2677 2.12158
1213 -4.869 -11.3527 2.11695
1214 -4.72086 -11.4418 2.11215
1215 -4.57081 -11.5307 2.10641
1216 -4.42605 -11.6152 2.10039
1217 -4.2883 -11.6949 2.09571
1218 -4.1392 -11.7796 2.08711
1219 -3.99419 -11.8607 2.08162
1220 -3.85204 -11.9388 2.07445
1221 -3.70058 -12.0205 2.0661
1222 -3.55859 -12.0953 2.0571
1223 -3.41483 -12.1693 2.04715
1224 -3.26858 -12.2429 2.03708
1225 -3.10989 -12.3201 2.02399
1226 -2.93063 -12.4023 2.00864
1227 -2.74944 -12.482 1.99252
1228 -2.56473 -12.5594 1.974
1229 -2.3887 -12.6301 1.95935
1230 -2.22697 -12.6929 1.94698
1231 -2.0441 -12.759 1.91815
1232 -1.87438 -12.8158 1.89481
1233 -1.74101 -12.8564 1.86644
1234 -1.60282 -12.8965 1.85102
1235 -1.45324 -12.9385 1.84048
1236 -1.28126 -12.9873 1.83563
1237 -1.15013 -13.0051 1.78273
1238 -1.00921 -13.0314 1.7586
1239 -0.855687 -13.0571 1.73588
1240 -0.704375 -13.0781 1.7123
1241 -0.559519 -13.0961 1.69931
1242 -0.409524 -13.1101 1.65873
1243 -0.275744 -13.1166 1.63144
1244 -0.137398 -13.1178 1.58886
1245 -0.0159983 -13.1115 1.56134
1246 0.079607 -13.1022 1.53526
1247 0.181279 -13.0906 1.51336
1248 0.299371 -13.0729 1.47825
1249 0.382997 -13.0551 1.46151
1250 0.478993 -13.034 1.43607
1251 0.591426 -13.0062 1.40513
1252 0.710804 -12.9874 1.44449
1253 0.838367 -12.9657 1.43395
1254 0.972084 -12.9399 1.41962
1255 1.0736 -12.89 1.28562
1256 1.20128 -12.8515 1.33661
1257 1.34429 -12.8141 1.33777
1258 1.48753 -12.7703 1.32112
1259 1.62671 -12.7211 1.29074
1260 1.76505 -12.671 1.27211
1261 1.9035 -12.6144 1.24128
1262 2.03444 -12.5566 1.21555
1263 2.17322 -12.4939 1.19545
1264 2.30375 -12.4276 1.16368
1265 2.43959 -12.3558 1.13848
1266 2.56937 -12.2811 1.10919
1267 2.68569 -12.2122 1.08982
1268 2.80422 -12.1372 1.06118
1269 2.9175 -12.0636 1.04174
1270 3.0284 -11.9864 1.01554
1271 3.15586 -11.8953 0.995987
1272 3.25547 -11.8175 0.969696
1273 3.33606 -11.7532 0.948997
1274 3.43167 -11.6757 0.929297
1275 3.54003 -11.5849 0.91012
1276 3.62992 -11.503 0.886322
1277 3.72262 -11.4184 0.869491
1278 3.80801 -11.3376 0.852308
1279 3.89157 -11.255 0.831945
1280 3.97435 -11.1713 0.815258
1281 4.05903 -11.0844 0.802529
1282 4.14165 -10.9952 0.783859
1283 4.2166 -10.9123 0.769053
1284 4.29003 -10.83 0.756768
1285 4.11217 -10.8522 0.749382
1286 4.2329 -10.761 0.742531
1287 4.10329 -10.7726 0.724553
1288 4.0121 -10.7837 0.718769
1289 3.98864 -10.7605 0.705591
1290 3.97777 -10.7353 0.691235
1291 3.97228 -10.7089 0.676923
1292 3.7858 -10.7495 0.616066
1293 3.67482 -10.7331 0.614747
1294 3.6216 -10.6899 0.60966
1295 3.58836 -10.6442 0.607376
1296 3.58541 -10.5745 0.601494
1297 3.59636 -10.4973 0.595884
1298 3.6085 -10.4228 0.593067
1299 3.61404 -10.3639 0.589583
1300 3.626 -10.2995 0.588083
1301 3.6581 -10.2026 0.597015
1302 3.68563 -10.1288 0.585352
1303 3.71836 -10.0368 0.596
1304 3.75478 -9.94944 0.59618
1305 3.79457 -9.85897 0.596309
1306 3.85444 -9.77505 0.615683
1307 3.91805 -9.69171 0.614256
1308 3.98384 -9.60472 0.612584
1309 4.0446 -9.52717 0.610781
1310 4.09606 -9.45904 0.609296
1311 4.15823 -9.37232 0.608695
1312 4.22642 -9.27863 0.60767
1313 4.28221 -9.20492 0.605872
1314 4.34124 -9.12089 0.605614
1315 4.40362 -9.03483 0.604773
1316 4.46156 -8.95694 0.601451
1317 4.51414 -8.8833 0.599753
1318 4.57858 -8.78956 0.599856
1319 4.64302 -8.69803 0.599341
1320 4.71273 -8.59886 0.598263
1321 4.77486 -8.51032 0.597105
1322 4.84159 -8.41466 0.596062
1323 4.92946 -8.2869 0.59518
1324 5.00797 -8.17237 0.594163
1325 5.09937 -8.03983 0.591194
1326 5.17144 -7.93343 0.591683
1327 5.2531 -7.81289 0.590001
1328 5.33646 -7.68916 0.590153
1329 5.4083 -7.58415 0.592183
1330 5.47827 -7.48286 0.592019
1331 5.54429 -7.38753 0.591475
1332 5.61758 -7.28023 0.587015
1333 5.69594 -7.16267 0.585825
1334 5.76829 -7.05469 0.59034
1335 5.84329 -6.94485 0.590443
1336 5.91408 -6.84102 0.589961
1337 5.98884 -6.73088 0.589005
1338 6.06455 -6.6192 0.588862
1339 6.13352 -6.51752 0.588403
1340 6.20759 -6.40792 0.58753
1341 6.27109 -6.31298 0.588945
1342 6.34963 -6.19699 0.586473
1343 6.42528 -6.08394 0.58605
1344 6.50257 -5.96831 0.585843
1345 6.56409 -5.87552 0.587789
1346 6.63577 -5.76914 0.585348
1347 6.71341 -5.65251 0.584909
1348 6.79139 -5.53533 0.584802
1349 6.87298 -5.41241 0.58425
1350 6.94309 -5.3063 0.587159
1351 7.01909 -5.19239 0.583343
1352 7.10386 -5.0642 0.583016
1353 7.18611 -4.93945 0.582505
1354 7.27247 -4.80823 0.582023
1355 7.36165 -4.67249 0.581633
1356 7.45097 -4.5365 0.581523
1357 7.53873 -4.40252 0.580844
1358 7.63305 -4.25862 0.581016
1359 7.72936 -4.10938 0.572976
1360 7.83496 -3.94609 0.575881
1361 7.93887 -3.7838 0.572172
1362 8.0365 -3.63212 0.572052
1363 8.13521 -3.47474 0.564516
1364 8.22948 -3.32763 0.568618
1365 8.32761 -3.17641 0.572204
1366 8.41134 -3.0426 0.563713
1367 8.50247 -2.89819 0.565993
1368 8.59411 -2.75561 0.569962
1369 8.69421 -2.6014 0.573074
1370 8.79547 -2.44453 0.573325
1371 8.89708 -2.28703 0.573318
1372 8.98893 -2.14447 0.573084
1373 9.07778 -2.00683 0.573346
1374 9.16917 -1.86512 0.573231
1375 9.25693 -1.72896 0.573107
1376 9.34549 -1.59151 0.572903
1377 9.40697 -1.504 0.587757
1378 9.498 -1.36409 0.580895
1379 9.58419 -1.22794 0.572994
1380 9.69555 -1.05448 0.571891
1381 9.77706 -0.92791 0.572101
1382 9.8625 -0.795117 0.572032
1383 9.94959 -0.659845 0.572139
1384 10.0244 -0.543687 0.572265
1385 10.0953 -0.433628 0.572262
1386 10.1789 -0.303832 0.572129
1387 10.2551 -0.196036 0.590061
1388 10.3415 -0.0628396 0.581742
1389 10.4253 0.0694054 0.573362
1390 10.5078 0.197682 0.57249
1391 10.5896 0.324896 0.571858
1392 10.6719 0.452719 0.572168
1393 10.7556 0.582337 0.572692
1394 10.7907 0.626794 0.590903
1395 10.8804 0.763829 0.582302
1396 10.9253 0.825347 0.593028
1397 10.97 0.885502 0.594305
1398 11.0208 0.955133 0.595734
1399 11.0808 1.03926 0.595652
1400 11.1397 1.12194 0.596582
1401 11.2106 1.22291 0.597481
1402 11.2982 1.35593 0.585991
1403 11.3731 1.47464 0.574978
1404 11.4575 1.60518 0.574362
1405 11.5401 1.73246 0.574811
1406 11.6066 1.82581 0.598016
1407 11.68 1.93085 0.599024
1408 11.7458 2.02368 0.600447
1409 11.8401 2.15913 0.600455
1410 11.9323 2.29845 0.589167
1411 11.9979 2.39271 0.599967
1412 12.0777 2.5062 0.601862
1413 12.1517 2.6111 0.601695
1414 12.2237 2.71324 0.601145
1415 12.2981 2.81806 0.602462
1416 12.3751 2.92778 0.603248
1417 12.4531 3.03856 0.604403
1418 12.5357 3.15628 0.603899
1419 12.6174 3.27253 0.604465
1420 12.6944 3.38193 0.604484
1421 12.7796 3.50346 0.605528
1422 12.8647 3.62466 0.606149
1423 12.9496 3.74587 0.605108
1424 13.0396 3.87413 0.604193
1425 13.124 3.99429 0.605084
1426 13.217 4.12643 0.606265
1427 13.3083 4.25708 0.605379
1428 13.404 4.39351 0.607904
1429 13.4936 4.52111 0.60733
1430 13.5875 4.65424 0.608439
1431 13.6834 4.79162 0.606808
1432 13.778 4.92648 0.607457
1433 13.8399 4.99875 0.63191
1434 13.9318 5.12567 0.610414
1435 13.9884 5.18938 0.635168
1436 14.083 5.31953 0.6134
1437 14.1509 5.40153 0.637434
1438 14.2265 5.49287 0.639304
1439 14.3153 5.60349 0.639334
1440 14.3959 5.70431 0.638524
1441 14.4758 5.80469 0.638028
1442 14.5615 5.91393 0.638668
1443 14.6637 6.04456 0.653692
1444 14.7514 6.15759 0.652707
1445 14.8356 6.266 0.653215
1446 14.9224 6.37856 0.651686
1447 15.0127 6.49631 0.65087
1448 15.099 6.60916 0.651554
1449 15.1892 6.72754 0.650409
1450 15.2797 6.84687 0.649914
1451 15.3637 6.9577 0.650412
1452 15.4499 7.0722 0.647964
1453 15.5389 7.19115 0.64554
1454 15.6217 7.30192 0.646102
1455 15.7053 7.41407 0.644438
1456 15.7821 7.51718 0.645062
1457 15.868 7.63288 0.642287
1458 15.9473 7.73998 0.642963
1459 16.032 7.85496 0.639913
1460 16.1144 7.96676 0.641096
1461 16.1909 8.07609 0.625063
1462 16.2761 8.20193 0.610574
1463 16.3638 8.32728 0.610342
1464 16.4648 8.45431 0.663104
1465 16.5489 8.57259 0.638578
1466 16.6283 8.69144 0.61433
1467 16.7168 8.80191 0.66953
1468 16.8076 8.91991 0.672504
1469 16.9081 9.05011 0.672935
1470 16.9976 9.16633 0.673473
1471 17.0846 9.27876 0.6741
1472 17.1628 9.38049 0.674112
1473 17.2428 9.48418 0.674322
1474 17.3207 9.58468 0.674693
1475 17.4134 9.70369 0.675334
1476 17.4983 9.81359 0.675658
1477 17.5766 9.91507 0.676016
1478 17.6637 10.0274 0.676357
1479 17.7455 10.1327 0.676259
1480 17.8336 10.2459 0.676702
1481 17.9154 10.3514 0.67665
1482 18.0001 10.4604 0.67676
1483 18.0799 10.5633 0.676632
1484 18.1689 10.6772 0.676609
1485 18.252 10.7851 0.676123
1486 18.3395 10.8974 0.675882
1487 18.4291 11.0124 0.676431
1488 18.5185 11.1272 0.676957
1489 18.6015 11.2338 0.67686
1490 18.6864 11.3426 0.676907
1491 18.7684 11.4482 0.676616
1492 18.8458 11.5476 0.676582
1493 18.9291 11.6546 0.676115
1494 19.0141 11.7635 0.676178
1495 19.0914 11.863 0.675779
1496 19.1828 11.98 0.67575
1497 19.27 12.092 0.675526
1498 19.3534 12.1991 0.675728
1499 19.4443 12.3119 0.678576
1500 19.5198 12.4056 0.678561
1501 19.5886 12.4909 0.67846
1502 19.6664 12.5875 0.678356
1503 19.7524 12.6943 0.677371
1504 19.8398 12.8031 0.67666
1505 19.9295 12.9148 0.676355
1506 20.0186 13.0262 0.675242
1507 20.1066 13.1361 0.675184
1508 20.192 13.2427 0.675318
1509 20.2844 13.3583 0.674541
1510 20.3681 13.4631 0.674351
1511 20.4554 13.5724 0.67389
1512 20.5366 13.6743 0.673213
1513 20.6217 13.781 0.673071
1514 20.7066 13.8876 0.672277
1515 20.7944 13.9982 0.671862
1516 20.8739 14.0982 0.672006
1517 20.9609 14.2076 0.671808
1518 21.0388 14.3058 0.67151
1519 21.1272 14.4169 0.67195
1520 21.1814 14.481 0.682064
1521 21.2408 14.5506 0.685051
1522 21.3064 14.6279 0.685093
1523 21.3713 14.7044 0.684322
1524 21.4423 14.7883 0.684785
1525 21.5103 14.8687 0.684456
1526 21.5796 14.9507 0.683905
1527 21.6492 15.0331 0.684266
1528 21.7285 15.1275 0.683712
1529 21.8043 15.2176 0.68491
1530 21.8814 15.3093 0.684032
1531 21.9603 15.4096 0.667629
1532 22.0365 15.5065 0.666451
1533 22.1171 15.6088 0.66701
1534 22.1975 15.711 0.666798
1535 22.2786 15.8138 0.66747
1536 22.3563 15.9123 0.667502
1537 22.4329 16.0093 0.667997
1538 22.5175 16.1163 0.669099
1539 22.5897 16.2075 0.669299
1540 22.675 16.3152 0.669281
1541 22.7558 16.4172 0.669718
1542 22.858 16.5462 0.669544
1543 22.9338 16.6421 0.668644
1544 23.0168 16.7469 0.668574
1545 23.0925 16.8429 0.667132
1546 23.1756 16.9486 0.665999
1547 23.2584 17.0536 0.666579
1548 23.3365 17.1526 0.667333
1549 23.4167 17.2542 0.667737
1550 23.4748 17.3278 0.666957
1551 23.5512 17.4247 0.667345
1552 23.6213 17.5136 0.666785
1553 23.6908 17.6018 0.666691
1554 23.7616 17.692 0.664703
1555 23.8352 17.7862 0.663368
1556 23.9071 17.8781 0.663134
1557 23.9795 17.9708 0.662231
1558 24.0482 18.059 0.661723
1559 24.1173 18.1481 0.659473
1560 24.1814 18.2309 0.6583
1561 24.2549 18.3263 0.655722
1562 24.3257 18.4183 0.655049
1563 24.3947 18.5083 0.654301
1564 24.4639 18.5991 0.651804
1565 24.5356 18.6934 0.649349
1566 24.608 18.7891 0.648377
1567 24.6791 18.8833 0.646008
1568 24.7435 18.9689 0.645372
1569 24.8088 19.0559 0.644956
1570 24.8765 19.1465 0.64218
1571 24.9465 19.2408 0.638374
1572 25.0131 19.3309 0.637068
1573 25.082 19.4246 0.634301
1574 25.1523 19.5204 0.633158
1575 25.2214 19.6154 0.628605
1576 25.2949 19.7171 0.627543
1577 25.3643 19.8138 0.62405
1578 25.4308 19.9065 0.623102
1579 25.497 19.9994 0.619311
1580 25.56 20.0879 0.619043
1581 25.6286 20.1842 0.619829
1582 25.6866 20.2676 0.612368
1583 25.7575 20.3701 0.609041
1584 25.8236 20.4657 0.608519
1585 25.8931 20.5654 0.608367
1586 25.964 20.6675 0.61004
1587 26.0281 20.7603 0.605897
1588 26.1014 20.8667 0.606321
1589 26.1635 20.9569 0.60576
1590 26.2159 21.0332 0.608718
1591 26.2707 21.1124 0.612922
1592 26.3334 21.2028 0.614036
1593 26.3923 21.2883 0.613211
1594 26.465 21.3914 0.614079
1595 26.5348 21.4902 0.614901
1596 26.6083 21.5942 0.615691
1597 26.6792 21.6942 0.616432
1598 26.7429 21.784 0.617187
1599 26.802 21.8671 0.61778
1600 26.8759 21.9709 0.618453
1601 26.9493 22.0739 0.619154
1602 27.0346 22.1935 0.62017
1603 27.108 22.296 0.621105
1604 27.1782 22.3939 0.622103
1605 27.2483 22.4913 0.623537
1606 27.3291 22.6032 0.625422
1607 27.406 22.7093 0.627385
1608 27.4893 22.8235 0.630011
1609 27.5671 22.9297 0.632768
1610 27.57359798 23.07732863 0.635236
1611 27.65089798 23.18162863 0.63796
1612 27.73239798 23.29082863 0.640756
1613 27.81799798 23.40502863 0.643206
1614 27.89769798 23.51072863 0.646009
1615 27.97919798 23.61832863 0.648748
1616 28.06019798 23.72452863 0.651171
1617 28.08759314 23.85503629 0.653938
1618 28.16919314 23.96093629 0.656415
1619 28.25859314 24.07633629 0.659372
1620 28.35049314 24.19423629 0.662434
1621 28.43889314 24.30683629 0.665322
1622 28.46361209 24.43937823 0.669032
1623 28.53771209 24.53237823 0.6725
1624 28.62231209 24.63787823 0.675706
1625 28.70791209 24.74387823 0.679415
1626 28.79121209 24.84607823 0.683778
1627 28.89201209 24.96867823 0.688428
1628 28.99451209 25.09197823 0.693397
1629 28.97329193 25.23065162 0.696785
1630 29.07069193 25.34615162 0.7005
1631 29.15269193 25.44275162 0.703531
1632 29.24679193 25.55305162 0.706677
1633 29.34099193 25.66285162 0.709001
1634 29.43019193 25.76635162 0.711594
1635 29.51679193 25.86625162 0.714115
1636 29.61209193 25.97555162 0.716793
1637 29.69769193 26.07335162 0.71918
1638 29.78229193 26.16935162 0.722096
1639 29.73118789 26.37625081 0.72409
1640 29.83038789 26.48765081 0.727448
1641 29.92918789 26.59825081 0.729364
1642 30.02428789 26.70415081 0.731758
1643 30.10098789 26.78935081 0.733321
1644 30.18548789 26.88275081 0.735282
1645 30.28028789 26.98715081 0.736912
1646 30.36488789 27.08005081 0.738817
1647 30.28474191 27.32505485 0.740588
1648 30.37014191 27.41815485 0.741907
1649 30.43854191 27.49265485 0.742931
1650 30.50794191 27.56805485 0.743958
1651 30.57884191 27.64495485 0.745164
1652 30.66244191 27.73535485 0.746424
1653 30.73574191 27.81445485 0.747342
1654 30.82064191 27.90575485 0.748811
1655 30.89654191 27.98725485 0.749599
1656 30.97794191 28.07455485 0.7507
1657 31.06184191 28.16445485 0.751397
1658 31.13124191 28.23845485 0.752335
1659 31.21294191 28.32575485 0.753043
1660 31.29114191 28.40905485 0.753843
1661 31.37684191 28.50015485 0.754411
1662 31.46164191 28.59035485 0.754972
1663 31.52814191 28.66095485 0.755579
1664 31.59054191 28.72705485 0.755854
1665 31.66074191 28.80145485 0.756432
1666 31.60954836 29.12361615 0.756841
1667 31.68214836 29.20041615 0.757386
1668 31.77574836 29.29931615 0.757825
1669 31.86084836 29.38911615 0.758264
1670 31.94624836 29.47931615 0.758698
1671 32.04194836 29.58011615 0.759036
1672 32.11414836 29.65631615 0.759285
1673 32.20084836 29.74751615 0.759621
1674 32.28464836 29.83571615 0.759848
1675 32.35644836 29.91121615 0.760191
1676 32.44994836 30.00951615 0.76043
1677 32.52424836 30.08761615 0.760636
1678 32.61294836 30.18081615 0.760651
1679 32.70734836 30.28001615 0.760578
1680 32.78054836 30.35691615 0.760437
1681 32.86454836 30.44521615 0.760228
1682 32.80395481 30.81820326 0.760042
1683 32.88195481 30.90040326 0.759786
1684 32.96005481 30.98270326 0.759418
1685 33.03355481 31.06010326 0.759063
1686 33.11155481 31.14240326 0.758623
1687 33.18275481 31.21760326 0.758263
1688 33.26545481 31.30500326 0.757892
1689 33.33165481 31.37490326 0.757406
1690 33.40885481 31.45670326 0.757013
1691 33.47405481 31.52580326 0.756368
1692 33.55135481 31.60780326 0.755784
1693 33.61755481 31.67810326 0.755148
1694 33.45537254 32.03166939 0.754309
1695 33.51967254 32.10016939 0.753479
1696 33.59187254 32.17736939 0.752284
1697 33.66027254 32.25056939 0.751438
1698 33.72957254 32.32486939 0.75048
1699 33.79597254 32.39626939 0.749481
1700 33.86807254 32.47386939 0.748003
1701 33.94247254 32.55436939 0.746639
1702 34.00717254 32.62446939 0.745533
1703 34.06897254 32.69146939 0.744431
1704 34.13417254 32.76246939 0.742949
1705 34.19687254 32.83086939 0.741925
1706 34.26017254 32.90016939 0.740633
1707 34.31477254 32.95996939 0.739563
1708 34.37195157 33.39180328 0.738281
1709 34.43245157 33.45840328 0.737158
1710 34.48885157 33.52060328 0.736241
1711 34.54875157 33.58690328 0.735266
1712 34.60585157 33.65020328 0.734098
1713 34.64915157 33.69820328 0.733271
1714 34.69935157 33.75400328 0.732288
1715 34.73985157 33.79920328 0.731661
1716 34.78135157 33.84550328 0.731003
1717 34.81685157 33.88510328 0.730293
1718 34.85205157 33.92440328 0.729795
1719 34.88575157 33.96220328 0.729263
1720 34.91165157 33.99110328 0.728771
1721 34.92965157 34.01140328 0.728493
1722 34.93965157 34.02260328 0.728262
1723 34.94345157 34.02680328 0.728175
1724 34.94075157 34.02380328 0.728182
1725 34.93655157 34.01900328 0.728246
1726 34.93225157 34.01420328 0.728297
1727 34.92655157 34.00790328 0.728359
1728 34.92085157 34.00150328 0.728423
1729 34.91685157 33.99700328 0.728449
1730 34.91445157 33.99430328 0.728457
1731 34.91495157 33.99480328 0.728458
1732 34.91585157 33.99590328 0.72846
1733 34.91675157 33.99690328 0.728464
1734 34.91695157 33.99710328 0.728466
1735 34.91695157 33.99710328 0.728466
1736 34.91695157 33.99710328 0.728466
1737 34.91695157 33.99710328 0.728466
1738 34.91695157 33.99710328 0.728466
1739 34.91695157 33.99710328 0.728466
1740 34.91695157 33.99710328 0.728466
1741 34.91695157 33.99710328 0.728466
1742 34.91695157 33.99710328 0.728466
1743 34.91695157 33.99710328 0.728466
1744 34.91695157 33.99710328 0.728466
1745 34.91695157 33.99710328 0.728466
1746 34.91695157 33.99710328 0.728466
1747 34.91695157 33.99710328 0.728466
1748 34.91695157 33.99710328 0.728466
1749 34.91695157 33.99710328 0.728466
1750 34.91695157 33.99710328 0.728466
1751 34.91695157 33.99710328 0.728466
1752 34.91695157 33.99710328 0.728466
1753 34.91695157 33.99710328 0.728466
1754 34.91695157 33.99710328 0.728466
1755 34.91695157 33.99710328 0.728466
1756 34.91695157 33.99710328 0.728466
1757 34.91695157 33.99710328 0.728466
1758 34.91695157 33.99710328 0.728466
1759 34.91695157 33.99710328 0.728466
1760 34.91695157 33.99710328 0.728466
1761 34.91695157 33.99710328 0.728466
1762 34.91695157 33.99710328 0.728466
1763 34.91695157 33.99710328 0.728466
1764 34.91695157 33.99710328 0.728466
1765 34.91695157 33.99710328 0.728466
1766 34.91695157 33.99710328 0.728466
1767 34.91695157 33.99710328 0.728466
1768 34.91695157 33.99710328 0.728466
1769 34.91695157 33.99710328 0.728466
1770 34.91695157 33.99710328 0.728466
1771 34.91695157 33.99710328 0.728466
1772 34.91695157 33.99710328 0.728466
1773 34.91695157 33.99710328 0.728466
