0 13.5859 17.8004 3.74228
0 13.5867 17.8011 3.74235
1 13.5867 17.8008 3.74236
0 13.5876 17.8016 3.74247
0 13.5882 17.802 3.74246
1 13.5883 17.8019 3.7425
2 13.5891 17.8026 3.74258
3 13.5897 17.8031 3.74262
4 13.5905 17.8038 3.74269
5 13.5907 17.8037 3.74274
6 13.5916 17.8046 3.74277
7 13.5921 17.8049 3.74281
8 13.5918 17.8041 3.74286
9 13.5923 17.8044 3.7429
10 13.5926 17.8044 3.74295
11 13.5921 17.8032 3.74292
12 13.5928 17.8039 3.74296
13 13.5924 17.8029 3.74299
14 13.5928 17.8031 3.743
15 13.5928 17.8027 3.74298
16 13.5933 17.8029 3.74307
17 13.5931 17.8023 3.74309
18 13.5938 17.8029 3.74314
19 13.5949 17.804 3.74324
20 13.5958 17.805 3.7433
21 13.596 17.8048 3.74332
22 13.5961 17.8046 3.74337
23 13.5963 17.8045 3.7434
24 13.5967 17.8047 3.74346
25 13.5971 17.8048 3.74347
0 13.597 17.8043 3.74348
0 13.5976 17.8048 3.74356
1 13.5976 17.8044 3.74354
2 13.598 17.8046 3.7436
0 13.5987 17.8051 3.74367
1 13.5986 17.8046 3.7437
2 13.5985 17.804 3.74371
3 13.5983 17.8034 3.74372
4 13.5984 17.8032 3.74376
5 13.5997 17.8046 3.7438
6 13.6002 17.805 3.74383
7 13.6 17.8043 3.74386
8 13.6 17.8039 3.74392
9 13.5997 17.803 3.74388
10 13.6001 17.8032 3.7439
11 13.6006 17.8035 3.74395
12 13.6005 17.803 3.74397
13 13.6003 17.8023 3.74397
14 13.6007 17.8025 3.74402
15 13.6012 17.8027 3.74404
16 13.6014 17.8026 3.74402
17 13.6013 17.8022 3.74402
18 13.6015 17.802 3.74408
19 13.602 17.8024 3.74411
20 13.6025 17.8027 3.74416
21 13.6023 17.802 3.74426
22 13.5964 17.793 3.74392
23 13.595 17.7908 3.74389
24 13.5915 17.7852 3.74371
25 13.588 17.7799 3.7437
26 13.5865 17.7773 3.74396
27 13.5798 17.7672 3.74454
28 13.5698 17.7526 3.7453
29 13.559 17.7369 3.74668
30 13.5436 17.7148 3.74862
31 13.524 17.687 3.75263
32 13.5039 17.6589 3.75467
33 13.4764 17.6211 3.76048
34 13.4503 17.586 3.76562
35 13.4157 17.5398 3.77156
36 13.3814 17.4951 3.77439
37 13.3388 17.4394 3.78151
38 13.2817 17.3602 3.77076
39 13.2218 17.2774 3.77179
40 13.1613 17.1943 3.7727
41 13.1041 17.116 3.77423
42 13.0424 17.032 3.77528
43 12.9824 16.9505 3.77494
44 12.9238 16.8713 3.7758
45 12.854 16.7768 3.77552
46 12.7885 16.6885 3.7756
47 12.7164 16.5908 3.77426
48 12.6331 16.4782 3.77392
49 12.5529 16.3703 3.77502
50 12.4841 16.2779 3.77682
51 12.4125 16.1817 3.77853
52 12.3284 16.0683 3.77708
53 12.2532 15.9678 3.77787
54 12.1746 15.8617 3.77442
55 12.09 15.7479 3.77278
56 12.0191 15.653 3.76973
57 11.94 15.5477 3.77551
58 11.8511 15.4287 3.77376
59 11.7599 15.3079 3.77693
60 11.6738 15.1912 3.76508
61 11.5851 15.0741 3.76459
62 11.5067 14.9709 3.76328
63 11.4233 14.8614 3.76709
64 11.3266 14.7334 3.76765
65 11.2238 14.5981 3.76788
66 11.1388 14.488 3.76903
67 11.0481 14.3691 3.76991
68 10.9483 14.2383 3.77065
69 10.858 14.1218 3.77201
70 10.7453 13.9739 3.77239
71 10.6452 13.8452 3.77326
72 10.5396 13.7082 3.77401
73 10.4459 13.5882 3.77503
74 10.3427 13.4546 3.77614
75 10.2304 13.3095 3.77678
76 10.1263 13.1765 3.77761
77 10.0316 13.0562 3.77944
78 9.94398 12.9449 3.77925
79 9.83984 12.8119 3.78132
80 9.74298 12.6908 3.78479
81 9.65236 12.5775 3.78567
82 9.54564 12.4434 3.78855
83 9.44116 12.3143 3.79194
84 9.3006 12.1236 3.77003
85 9.16109 11.9304 3.7722
86 9.02548 11.744 3.77409
87 8.9056 11.5882 3.79115
88 8.80905 11.4718 3.79686
89 8.68296 11.3057 3.77987
90 8.55999 11.14 3.78084
91 8.45251 10.9928 3.76773
92 8.33286 10.8283 3.77015
93 8.23772 10.7066 3.77084
94 8.13108 10.5619 3.77201
95 8.02316 10.4195 3.78409
96 7.91914 10.2837 3.77594
97 7.81844 10.1542 3.79534
98 7.6978 9.9998 3.78769
99 7.56775 9.83256 3.78185
100 7.44062 9.66568 3.78266
101 7.32912 9.54134 3.86482
102 7.17922 9.38315 3.86527
103 7.04732 9.23541 3.86577
104 6.92696 9.09989 3.86657
105 6.77526 8.92902 3.86717
106 6.65304 8.79147 3.86751
107 6.51411 8.63533 3.86821
108 6.37751 8.48217 3.86907
109 6.23343 8.32065 3.86966
110 6.10366 8.17538 3.87016
111 5.97067 8.02684 3.87103
112 5.81593 7.85486 3.8729
113 5.70585 7.69341 3.7654
114 5.57338 7.51976 3.76434
115 5.4393 7.34241 3.76962
116 5.30192 7.16285 3.77364
117 5.17223 6.99524 3.7762
118 5.03027 6.81182 3.77969
119 4.90739 6.65721 3.78419
120 4.77744 6.49208 3.78733
121 4.6499 6.33279 3.79318
122 4.51653 6.16692 3.7966
123 4.37054 5.98652 3.79995
124 4.23705 5.82489 3.8025
125 4.09373 5.65025 3.80573
126 4.0348 5.5679 3.78411
127 4.00848 5.51643 3.78325
128 3.9507 5.42445 3.78319
129 3.8832 5.32314 3.78474
130 3.81636 5.22573 3.78526
131 3.74188 5.11953 3.78609
132 3.65376 4.9961 3.78618
133 3.54782 4.85212 3.7829
134 3.47661 4.7553 3.78437
135 3.38886 4.63349 3.78249
136 3.29559 4.5052 3.78527
137 3.19252 4.365 3.78737
138 3.09861 4.23868 3.78873
139 3.00898 4.1207 3.79081
140 2.92067 4.00506 3.79107
141 2.82285 3.8773 3.79208
142 2.72696 3.75296 3.79249
143 2.62465 3.62089 3.79365
144 2.54093 3.51323 3.79436
145 2.44418 3.38792 3.79444
146 2.35147 3.26902 3.79471
147 2.25088 3.13971 3.79472
148 2.16318 3.02791 3.79529
149 2.06885 2.9074 3.79623
150 1.97558 2.78893 3.79704
151 1.8983 2.69108 3.79755
152 1.81364 2.58305 3.79859
153 1.7281 2.47474 3.79939
154 1.64694 2.37225 3.79992
155 1.56729 2.27166 3.80078
156 1.50138 2.19152 3.80124
157 1.42022 2.08937 3.80228
158 1.32777 1.97564 3.80254
159 1.23842 1.86481 3.80204
160 1.15554 1.7614 3.80254
161 1.06661 1.6503 3.80376
162 0.982852 1.54651 3.80515
163 0.904572 1.45007 3.8075
164 0.832671 1.36471 3.80953
165 0.758378 1.27427 3.81118
166 0.681274 1.18037 3.81427
167 0.606503 1.09092 3.81983
168 0.524381 0.993573 3.82627
169 0.448021 0.904694 3.83149
170 0.370148 0.815305 3.83936
171 0.29111 0.725743 3.84535
172 0.210916 0.636915 3.85467
173 0.122558 0.541186 3.86583
174 0.0415526 0.456559 3.87638
175 -0.0717454 0.340814 3.89211
176 -0.193372 0.220706 3.90891
177 -0.299185 0.120157 3.92631
178 -0.393307 0.0323619 3.94332
179 -0.495659 -0.0617739 3.96086
180 -0.590746 -0.146125 3.978
181 -0.68837 -0.230644 3.99498
182 -0.75361 -0.285237 3.99397
183 -0.830093 -0.353589 4.00911
184 -0.897331 -0.411968 4.02048
185 -0.964836 -0.468844 4.0365
186 -1.02457 -0.516944 4.04805
187 -1.08291 -0.562646 4.05963
188 -1.14126 -0.607405 4.07663
189 -1.20445 -0.655528 4.08933
190 -1.26337 -0.697743 4.10708
191 -1.33917 -0.749866 4.13305
192 -1.41892 -0.800108 4.15383
193 -1.48184 -0.838359 4.1675
194 -1.55454 -0.880994 4.18749
195 -1.62179 -0.918775 4.20187
196 -1.66562 -0.940793 4.2023
197 -1.72899 -0.975468 4.23448
198 -1.79785 -1.0098 4.25087
199 -1.85987 -1.03899 4.27262
200 -1.91738 -1.06467 4.28774
201 -1.97709 -1.08996 4.30248
202 -2.03252 -1.1123 4.31783
203 -2.09455 -1.13573 4.33862
204 -2.15572 -1.15751 4.35358
205 -2.21357 -1.17672 4.3678
206 -2.27542 -1.1963 4.38197
207 -2.33998 -1.21564 4.39672
208 -2.4023 -1.23321 4.41149
209 -2.46773 -1.25036 4.42665
210 -2.53253 -1.26563 4.45056
211 -2.59796 -1.27972 4.46722
212 -2.66825 -1.29419 4.47376
213 -2.74158 -1.30781 4.49986
214 -2.81825 -1.32059 4.51755
215 -2.90485 -1.34016 4.49249
216 -2.98393 -1.35735 4.50172
217 -3.05922 -1.3705 4.52039
218 -3.13452 -1.38249 4.53793
219 -3.20383 -1.39208 4.55422
220 -3.28674 -1.40337 4.56931
221 -3.36773 -1.41347 4.56174
222 -3.42645 -1.41949 4.58945
223 -3.47755 -1.42362 4.605
224 -3.53001 -1.42827 4.61363
225 -3.59039 -1.43345 4.62179
226 -3.65245 -1.43725 4.63859
227 -3.72899 -1.44137 4.65404
228 -3.79592 -1.44372 4.66146
229 -3.87982 -1.44625 4.67617
230 -3.94053 -1.44613 4.69025
231 -4.0126 -1.44564 4.70511
232 -4.07687 -1.44416 4.71881
233 -4.13316 -1.44289 4.72386
234 -4.19456 -1.44086 4.73589
235 -4.24881 -1.4348 4.78862
236 -4.30282 -1.4334 4.76442
237 -4.35661 -1.42981 4.77501
238 -4.41422 -1.42562 4.7815
239 -4.48855 -1.41866 4.79995
240 -4.5475 -1.41233 4.80437
241 -4.61688 -1.40459 4.81717
242 -4.6761 -1.39253 4.87421
243 -4.73187 -1.38649 4.84509
244 -4.78807 -1.37832 4.8572
245 -4.84996 -1.36853 4.86368
246 -4.90723 -1.35837 4.87599
247 -4.96864 -1.34685 4.88762
248 -5.024 -1.33545 4.90014
249 -5.08052 -1.32394 4.90606
250 -5.13528 -1.31189 4.91799
251 -5.19235 -1.2985 4.93047
252 -5.24736 -1.28489 4.94302
253 -5.31336 -1.26798 4.95536
254 -5.3701 -1.25218 4.96783
255 -5.42735 -1.23534 4.98267
256 -5.47843 -1.22011 4.99059
257 -5.52665 -1.20504 5.00227
258 -5.57198 -1.19052 5.01109
259 -5.61591 -1.17596 5.02179
260 -5.66338 -1.15985 5.03098
261 -5.70687 -1.13864 5.1299
262 -5.75188 -1.1241 5.04472
263 -5.80645 -1.1059 5.05422
264 -5.85771 -1.08687 5.06298
265 -5.92079 -1.0628 5.07278
266 -5.98241 -1.03807 5.08407
267 -6.0354 -1.01546 5.09578
268 -6.07214 -0.9999 5.10005
269 -6.1118 -0.982964 5.10775
270 -6.15548 -0.964293 5.11267
271 -6.21323 -0.938901 5.12349
272 -6.28276 -0.907502 5.13345
273 -6.34569 -0.877131 5.14631
274 -6.43663 -0.832094 5.16568
275 -6.49506 -0.801829 5.17032
276 -6.56937 -0.763028 5.18472
277 -6.63336 -0.729151 5.18957
278 -6.70621 -0.690172 5.19741
279 -6.77879 -0.649822 5.20955
280 -6.84804 -0.611255 5.21349
281 -6.91147 -0.575264 5.22041
282 -6.98068 -0.53555 5.22718
283 -7.04593 -0.49751 5.23309
284 -7.11011 -0.459655 5.23844
285 -7.16543 -0.426605 5.24346
286 -7.22175 -0.392851 5.24753
287 -7.28967 -0.352078 5.25105
288 -7.35514 -0.312279 5.25443
289 -7.41374 -0.276393 5.25759
290 -7.46837 -0.242752 5.26051
291 -7.52263 -0.209259 5.26291
292 -7.57826 -0.174745 5.26505
293 -7.63833 -0.137399 5.2669
294 -7.70145 -0.0980114 5.26848
295 -7.74714 -0.0693489 5.26989
296 -7.79813 -0.0373781 5.27115
297 -7.85295 -0.0030269 5.27165
298 -7.90035 0.0267906 5.27257
299 -7.95061 0.058464 5.27366
300 -8.00974 0.0957925 5.27488
301 -8.06131 0.128427 5.27467
302 -8.11128 0.16008 5.27623
303 -8.17188 0.198503 5.27697
304 -8.23986 0.24167 5.27761
305 -8.30012 0.28007 5.27853
306 -8.36044 0.318473 5.27881
307 -8.4159 0.353826 5.27927
308 -8.4642 0.384614 5.27944
309 -8.5146 0.416735 5.2796
310 -8.37946 0.423205 5.34876
311 -8.22587 0.48612 5.34096
312 -8.14069 0.55028 5.33288
313 -8.10721 0.613173 5.32663
314 -8.09743 0.67243 5.32212
315 -8.10581 0.730772 5.31819
316 -8.12778 0.791573 5.31276
317 -8.14062 0.84429 5.30967
318 -8.16408 0.894729 5.30687
319 -8.17828 0.932817 5.30716
320 -8.22595 0.986941 5.30322
321 -8.25884 1.02961 5.30179
322 -8.28667 1.0656 5.30256
323 -8.3344 1.11039 5.2992
324 -8.37592 1.15199 5.29832
325 -8.42432 1.19826 5.29724
326 -8.4695 1.23968 5.29668
327 -8.51809 1.28185 5.29597
328 -8.57847 1.33078 5.29536
329 -8.64303 1.38189 5.29478
330 -8.71022 1.43386 5.29439
331 -8.77471 1.48277 5.29439
332 -8.84551 1.53473 5.29451
333 -8.91194 1.58325 5.29423
334 -8.96844 1.62514 5.2945
335 -9.03052 1.67045 5.29518
336 -9.0944 1.7162 5.29588
337 -9.16606 1.767 5.29712
338 -9.23843 1.81845 5.29804
339 -9.3181 1.90488 5.31329
340 -9.39547 1.96467 5.2997
341 -9.48954 2.04171 5.31239
342 -9.564 2.09714 5.30206
343 -9.64093 2.15035 5.30333
344 -9.72864 2.21056 5.30501
345 -9.81772 2.27221 5.30776
346 -9.91334 2.34556 5.31885
347 -10.0303 2.43341 5.31912
348 -10.1178 2.49636 5.31366
349 -10.2133 2.56328 5.31514
350 -10.3136 2.63332 5.31705
351 -10.3998 2.69396 5.31861
352 -10.4933 2.75998 5.32184
353 -10.5948 2.83547 5.33548
354 -10.7028 2.91402 5.32712
355 -10.7963 2.98131 5.331
356 -10.886 3.04641 5.33292
357 -10.9855 3.11874 5.33695
358 -11.0811 3.18932 5.34188
359 -11.1763 3.2599 5.34415
360 -11.2668 3.32752 5.34646
361 -11.3661 3.40236 5.35127
362 -11.4705 3.48132 5.35564
363 -11.5903 3.57296 5.36
364 -11.6851 3.64612 5.36306
365 -11.7805 3.72028 5.36562
366 -11.8953 3.8095 5.3693
367 -12.0226 3.90964 5.37196
368 -12.1167 3.98471 5.37389
369 -12.232 4.07661 5.37959
370 -12.3265 4.15284 5.38265
371 -12.4277 4.23433 5.38348
372 -12.5271 4.31521 5.38732
373 -12.636 4.40377 5.39011
374 -12.7457 4.493 5.39036
375 -12.8515 4.57935 5.39274
376 -12.9561 4.66475 5.39315
377 -13.0613 4.75101 5.39577
378 -13.176 4.84493 5.39533
379 -13.2839 4.9336 5.39808
380 -13.3875 5.01885 5.39825
381 -13.5003 5.10861 5.38858
382 -13.6054 5.19586 5.39978
383 -13.7455 5.31132 5.40082
384 -13.8614 5.40664 5.4001
385 -13.9661 5.49347 5.40275
386 -14.0774 5.58553 5.40187
387 -14.1826 5.6731 5.40511
388 -14.2913 5.7633 5.40474
389 -14.3981 5.85189 5.40402
390 -14.5051 5.94119 5.40729
391 -14.6122 6.03032 5.4063
392 -14.7145 6.1155 5.40568
393 -14.8158 6.20031 5.40885
394 -14.9244 6.29079 5.40702
395 -15.0329 6.38099 5.40561
396 -15.1288 6.46618 5.41405
397 -15.239 6.55932 5.40799
398 -15.3536 6.6531 5.39892
399 -15.4603 6.74039 5.40068
400 -15.573 6.83346 5.40213
401 -15.683 6.92457 5.40308
402 -15.7782 7.0092 5.41969
403 -15.8826 7.0993 5.41661
404 -16.0028 7.19961 5.40743
405 -16.1038 7.2871 5.41815
406 -16.219 7.38345 5.41055
407 -16.3277 7.47294 5.39497
408 -16.4503 7.57447 5.39803
409 -16.5503 7.65793 5.40064
410 -16.6596 7.7495 5.40329
411 -16.7704 7.84255 5.40742
412 -16.8811 7.93598 5.40945
413 -17.0048 8.04152 5.41324
414 -17.1325 8.15076 5.41463
415 -17.2447 8.24749 5.42798
416 -17.3625 8.35119 5.42214
417 -17.4659 8.44029 5.42041
418 -17.5787 8.53799 5.42921
419 -17.7299 8.67038 5.42897
420 -17.8579 8.78208 5.42918
421 -17.9842 8.89185 5.42843
422 -18.0942 8.98746 5.4283
423 -18.2026 9.08187 5.42848
424 -18.3289 9.19143 5.42763
425 -18.4581 9.30355 5.4274
426 -18.59 9.4182 5.42755
427 -18.7108 9.52278 5.4269
428 -18.8273 9.62387 5.42697
429 -18.9453 9.72611 5.42667
430 -19.0656 9.82997 5.4257
431 -19.1804 9.92925 5.42562
432 -19.3131 10.044 5.42548
433 -19.4291 10.1421 5.41653
434 -19.5478 10.2441 5.42507
435 -19.6571 10.337 5.41116
436 -19.7625 10.4263 5.40873
437 -19.8809 10.5275 5.42608
438 -20.0195 10.6492 5.42655
439 -20.1712 10.781 5.42704
440 -20.2875 10.8797 5.41273
441 -20.3957 10.9716 5.40985
442 -20.5123 11.0725 5.42085
443 -20.6597 11.1998 5.4228
444 -20.7823 11.3061 5.42579
445 -20.9007 11.4096 5.43137
446 -21.0514 11.5369 5.4214
447 -21.1758 11.6452 5.42873
448 -21.2964 11.75 5.42745
449 -21.4253 11.8622 5.4286
450 -21.5739 11.9917 5.42891
451 -21.6928 12.0951 5.42663
452 -21.8069 12.1948 5.42877
453 -21.932 12.3034 5.42651
454 -22.0491 12.4055 5.42772
455 -22.1881 12.5171 5.39997
456 -22.3202 12.6297 5.4303
457 -22.4462 12.7341 5.39936
458 -22.5587 12.83 5.43013
459 -22.6607 12.9158 5.39699
460 -22.7683 13.0043 5.39922
461 -22.8764 13.0936 5.40033
462 -22.9829 13.1817 5.40036
463 -23.1131 13.2883 5.40006
464 -23.219 13.3755 5.39813
465 -23.3266 13.462 5.39841
466 -23.4369 13.5516 5.40114
467 -23.5385 13.6359 5.40144
468 -23.6574 13.7341 5.40232
469 -23.7561 13.8164 5.40167
470 -23.8638 13.905 5.39856
471 -23.9642 13.987 5.40196
472 -24.0637 14.0698 5.40348
473 -24.1679 14.1566 5.40326
474 -24.2678 14.2398 5.40363
475 -24.3603 14.317 5.40372
476 -24.4562 14.397 5.4046
477 -24.5481 14.4738 5.40415
478 -24.6445 14.5544 5.40394
479 -24.7607 14.6514 5.4045
480 -24.8694 14.7423 5.40463
481 -24.9811 14.8355 5.40422
482 -25.0835 14.9214 5.40428
483 -25.1925 15.0115 5.39951
484 -25.3218 15.1185 5.40324
485 -25.428 15.2077 5.40415
486 -25.5639 15.3198 5.39908
487 -25.6803 15.4154 5.39904
488 -25.8072 15.5203 5.40172
489 -25.9363 15.6274 5.39918
490 -26.0505 15.7223 5.40246
491 -26.1646 15.8169 5.3991
492 -26.289 15.9193 5.39902
493 -26.3986 16.0097 5.39911
494 -26.5366 16.1235 5.39998
495 -26.6601 16.2264 5.39872
496 -26.796 16.3389 5.39965
497 -26.9051 16.4302 5.3995
498 -27.0466 16.5476 5.39856
499 -27.164 16.6436 5.39571
500 -27.2923 16.7475 5.39571
501 -27.4085 16.8425 5.39669
502 -27.5221 16.9355 5.39799
503 -27.6561 17.0449 5.3998
504 -27.7884 17.154 5.40206
505 -27.9038 17.2491 5.40163
506 -28.0212 17.3455 5.40328
507 -28.1328 17.4376 5.40444
508 -28.2382 17.5248 5.40591
509 -28.3587 17.6249 5.40704
510 -28.4685 17.7164 5.40837
511 -28.5777 17.8077 5.40933
512 -28.6888 17.9007 5.41006
513 -28.7938 17.9889 5.41056
514 -28.9025 18.0803 5.41048
515 -29.0084 18.1695 5.41147
516 -29.1132 18.258 5.41115
517 -29.2382 18.3631 5.40931
518 -29.3434 18.4522 5.40937
519 -29.4703 18.5594 5.40951
520 -29.576 18.6489 5.40959
521 -29.6996 18.7533 5.40956
522 -29.8065 18.8439 5.40978
523 -29.8985 18.9218 5.40999
524 -30.0109 19.0167 5.40888
525 -30.115 19.1046 5.40847
526 -30.2159 19.1897 5.40775
527 -30.319 19.2764 5.40658
528 -30.4269 19.3669 5.40613
529 -30.5318 19.4549 5.40496
530 -30.6427 19.5478 5.40438
531 -30.7395 19.6289 5.40382
532 -30.8556 19.7256 5.40261
533 -30.9609 19.8135 5.40195
534 -31.0687 19.9032 5.4008
535 -31.1688 19.9863 5.39979
536 -31.2622 20.0639 5.39875
537 -31.3612 20.1457 5.39761
538 -31.4653 20.2316 5.39627
539 -31.5695 20.3175 5.39582
540 -31.6697 20.4 5.39421
541 -31.7706 20.4828 5.39353
542 -31.872 20.5659 5.39241
543 -31.9749 20.65 5.39146
544 -32.0744 20.7311 5.38992
545 -32.1746 20.8126 5.38886
546 -32.3014 20.9152 5.38769
547 -32.416 21.0079 5.38652
548 -32.5098 21.0837 5.38473
549 -32.605 21.1603 5.38245
550 -32.6956 21.2331 5.38253
551 -32.7795 21.3005 5.38227
552 -32.8435 21.3519 5.38089
553 -32.904 21.4003 5.37971
554 -32.9692 21.4522 5.37847
555 -33.039 21.5074 5.37633
556 -33.119 21.5704 5.37442
557 -33.205 21.6375 5.37113
558 -33.2991 21.7106 5.36792
559 -33.3838 21.7754 5.3631
560 -33.4857 21.8524 5.35719
561 -33.5736 21.9178 5.35085
562 -33.6659 21.9854 5.34289
563 -33.7494 22.0458 5.33585
564 -33.843 22.1118 5.32571
565 -33.9277 22.1706 5.31731
566 -34.0142 22.2294 5.30734
567 -34.1187 22.2981 5.29314
568 -34.2048 22.3532 5.28062
569 -34.2926 22.4075 5.26595
570 -34.3815 22.4609 5.25339
571 -34.4725 22.5132 5.23469
572 -34.5756 22.5687 5.20716
573 -34.6693 22.6167 5.18829
574 -34.7613 22.6609 5.16418
575 -34.8474 22.7009 5.15183
576 -34.9388 22.7395 5.11493
577 -35.0121 22.7666 5.08971
578 -35.0798 22.7887 5.05796
579 -35.1517 22.8066 5.03174
580 -35.1948 22.8108 5.01212
581 -35.2413 22.8166 4.99228
582 -35.2962 22.8236 4.97206
583 -35.362 22.8334 4.95708
584 -35.4179 22.8408 4.94903
585 -35.4859 22.8499 4.914
586 -35.5588 22.8567 4.89055
587 -35.6257 22.8601 4.85954
588 -35.6998 22.8607 4.83523
589 -35.7726 22.8592 4.80096
590 -35.8432 22.8584 4.78355
591 -35.9428 22.8574 4.75703
592 -36.0339 22.8534 4.72781
593 -36.1221 22.8459 4.69913
594 -36.2002 22.836 4.67019
595 -36.2749 22.8321 4.77517
596 -36.3672 22.8393 4.75559
597 -36.4615 22.84 4.73595
598 -36.5585 22.839 4.71641
599 -36.6565 22.8158 4.55409
600 -36.6921 22.7898 4.67784
601 -36.803 22.7876 4.64937
602 -36.8755 22.7532 4.49485
603 -36.8819 22.7323 4.61277
604 -36.9507 22.704 4.4571
605 -36.966 22.6808 4.57642
606 -37.0517 22.6705 4.55816
607 -37.1716 22.6498 4.54022
608 -37.258 22.6299 4.52238
609 -37.3548 22.6079 4.50418
610 -37.4678 22.5794 4.47678
611 -37.5632 22.5531 4.4676
612 -37.6543 22.5265 4.44893
613 -37.7426 22.499 4.43046
614 -37.8349 22.4687 4.41227
615 -37.9408 22.4328 4.39461
616 -38.0454 22.3944 4.37759
617 -38.1484 22.3527 4.35324
618 -38.2418 22.3134 4.33718
619 -38.338 22.2736 4.32927
620 -38.4282 22.2338 4.31384
621 -38.5161 22.1935 4.2988
622 -38.6047 22.1517 4.28414
623 -38.6919 22.1086 4.26979
624 -38.7724 22.0673 4.25562
625 -38.8617 22.0206 4.24198
626 -38.9663 21.965 4.22879
627 -39.0578 21.913 4.21595
628 -39.1453 21.8625 4.20334
629 -39.2317 21.8113 4.19051
630 -39.3151 21.7604 4.17757
631 -39.4026 21.7072 4.17129
632 -39.4929 21.6486 4.1525
633 -39.5808 21.5901 4.13996
634 -39.6728 21.528 4.12752
635 -39.7547 21.4703 4.11505
636 -39.8387 21.4101 4.10262
637 -39.9223 21.3486 4.09028
638 -39.9979 21.2911 4.07825
639 -40.0776 21.231 4.07238
640 -40.1526 21.1653 4.05135
641 -40.2296 21.0992 4.04053
642 -40.3106 21.0328 4.02582
643 -40.3788 20.97 4.01542
644 -40.4614 20.8946 4.00168
645 -40.5371 20.8256 3.99074
646 -40.6154 20.7509 3.97765
647 -40.6861 20.6793 3.96511
648 -40.7553 20.6064 3.9565
649 -40.8227 20.5357 3.94528
650 -40.8934 20.4586 3.93696
651 -40.97 20.3747 3.92594
652 -41.0354 20.3005 3.91856
653 -41.0891 20.2378 3.91391
654 -41.1453 20.1736 3.90916
655 -41.2099 20.1005 3.89347
656 -41.2639 20.0339 3.88668
657 -41.3222 19.9625 3.87979
658 -41.3793 19.8925 3.87316
659 -41.4391 19.8187 3.86355
660 -41.4953 19.7474 3.85574
661 -41.5594 19.6659 3.84668
662 -41.6245 19.5819 3.84013
663 -41.6788 19.5109 3.83323
664 -41.744 19.4247 3.82309
665 -41.8085 19.3377 3.81425
666 -41.8588 19.2671 3.80879
667 -41.9178 19.1847 3.80305
668 -41.9702 19.1093 3.79693
669 -42.0293 19.0247 3.7921
670 -42.0803 18.9505 3.78684
671 -42.134 18.8714 3.78328
672 -42.1863 18.7941 3.78001
673 -42.2454 18.7073 3.77634
674 -42.301 18.6252 3.77374
675 -42.3577 18.5412 3.77089
676 -42.4103 18.4628 3.76888
677 -42.4654 18.3809 3.76733
678 -42.5199 18.2999 3.76628
679 -42.572 18.2224 3.76513
680 -42.6288 18.1386 3.76451
681 -42.6884 18.051 3.76285
682 -42.7416 17.9727 3.7617
683 -42.7945 17.8946 3.76145
684 -42.8444 17.8209 3.76034
685 -42.9003 17.7388 3.75884
686 -42.9591 17.6526 3.75664
687 -43.0173 17.5671 3.75403
688 -43.0804 17.474 3.75064
689 -43.1433 17.3807 3.74673
690 -43.1942 17.3046 3.74291
691 -43.257 17.2098 3.73724
692 -43.3095 17.1298 3.73259
693 -43.3595 17.0563 3.75362
694 -43.4131 16.9731 3.72181
695 -43.4699 16.8833 3.71501
696 -43.5233 16.797 3.70662
697 -43.5729 16.7155 3.69966
698 -43.621 16.635 3.69114
699 -43.6778 16.5384 3.68053
700 -43.7308 16.4458 3.67006
701 -43.7852 16.3482 3.6593
702 -43.8313 16.2638 3.65138
703 -43.874 16.1835 3.6438
704 -43.9138 16.1069 3.63359
705 -43.9504 16.035 3.62556
706 -43.9875 15.9607 3.617
707 -44.0307 15.8722 3.60426
708 -44.0696 15.7896 3.58874
709 -44.1064 15.7079 3.5765
710 -44.142 15.6263 3.56385
711 -44.1721 15.5541 3.5467
712 -44.1994 15.4836 3.53408
713 -44.2245 15.416 3.52155
714 -44.25 15.3438 3.50381
715 -44.281 15.2511 3.4861
716 -44.3016 15.1845 3.4733
717 -44.3215 15.1169 3.46043
718 -44.3402 15.0588 3.49901
719 -44.3626 14.979 3.42921
720 -44.3787 14.9109 3.41427
721 -44.3921 14.8469 3.3944
722 -44.4044 14.7818 3.38018
723 -44.4143 14.72 3.36629
724 -44.424 14.6567 3.34456
725 -44.4339 14.6005 3.40103
726 -44.4523 14.5305 3.38438
727 -44.4597 14.4538 3.28952
728 -44.4626 14.3915 3.27045
729 -44.4676 14.3329 3.33328
730 -44.4821 14.2594 3.31669
731 -44.4909 14.1953 3.30013
732 -44.5006 14.1175 3.27564
733 -44.5072 14.0537 3.26767
734 -44.5135 13.9872 3.25196
735 -44.5192 13.9193 3.23641
736 -44.5236 13.84 3.21302
737 -44.5258 13.7709 3.1977
738 -44.5277 13.7025 3.18214
739 -44.5287 13.6262 3.16684
740 -44.5278 13.5606 3.15137
741 -44.5266 13.4919 3.13554
742 -44.5242 13.4132 3.12024
743 -44.5201 13.3433 3.10515
744 -44.5155 13.2784 3.08987
745 -44.5099 13.2084 3.07454
746 -44.5035 13.1463 3.05951
747 -44.4965 13.0827 3.04448
748 -44.4882 13.0188 3.0293
749 -44.478 12.9458 3.01415
750 -44.467 12.8756 2.99886
751 -44.4547 12.8068 2.98381
752 -44.4407 12.7313 2.96871
753 -44.425 12.6553 2.95312
754 -44.4088 12.5828 2.93764
755 -44.3913 12.5105 2.92207
756 -44.3734 12.4412 2.90619
757 -44.352 12.3602 2.89031
758 -44.3279 12.2771 2.87391
759 -44.302 12.194 2.85734
760 -44.2777 12.1214 2.84125
761 -44.2482 12.0376 2.81773
762 -44.22 11.9593 2.80993
763 -44.1865 11.8723 2.78728
764 -44.1541 11.7928 2.77254
765 -44.1218 11.7176 2.75752
766 -44.0869 11.6365 2.74255
767 -44.0437 11.544 2.72034
768 -44.0013 11.4569 2.70565
769 -43.9546 11.3667 2.68314
770 -43.9137 11.2922 2.66788
771 -43.8737 11.2194 2.65301
772 -43.8282 11.1389 2.63787
773 -43.785 11.0668 2.62282
774 -43.7403 10.9935 2.60805
775 -43.6949 10.9217 2.59279
776 -43.6522 10.881 2.58309
777 -43.6214 10.7856 2.56537
778 -43.5759 10.6876 2.54301
779 -43.5306 10.6153 2.52282
780 -43.469 10.5229 2.50191
781 -43.4207 10.4607 2.48736
782 -43.3658 10.3952 2.46858
783 -43.3121 10.3384 2.45557
784 -43.2456 10.2695 2.4388
785 -43.1902 10.2196 2.42282
786 -43.1357 10.175 2.41264
787 -43.0738 10.1239 2.39976
788 -43.0076 10.0706 2.39094
789 -42.9426 10.0194 2.38033
790 -42.884 9.97628 2.37381
791 -42.8234 9.9321 2.3656
792 -42.764 9.89053 2.36114
793 -42.7031 9.84779 2.35723
794 -42.6317 9.79404 2.35506
795 -42.5598 9.73876 2.35343
796 -42.4889 9.68348 2.3519
797 -42.4186 9.62762 2.35038
798 -42.3447 9.56717 2.34907
799 -42.2771 9.51239 2.34737
800 -42.2015 9.4493 2.34594
801 -42.1319 9.39128 2.34416
802 -42.0491 9.31979 2.34171
803 -41.9785 9.25969 2.33985
804 -41.8951 9.18721 2.33696
805 -41.8213 9.12353 2.33465
806 -41.7384 9.05159 2.33252
807 -41.6533 8.97714 2.32913
808 -41.5817 8.91584 2.3274
809 -41.5039 8.84863 2.32541
810 -41.4195 8.77518 2.32318
811 -41.3375 8.70403 2.32055
812 -41.2571 8.63472 2.31897
813 -41.1823 8.57054 2.31757
814 -41.0973 8.49705 2.31711
815 -41.0171 8.42767 2.31551
816 -40.9326 8.35424 2.31566
817 -40.8458 8.27841 2.31484
818 -40.7376 8.18281 2.31381
819 -40.6564 8.11127 2.31285
820 -40.5749 8.03978 2.31374
821 -40.4898 7.96489 2.31238
822 -40.3824 7.86961 2.31202
823 -40.2979 7.79456 2.3113
824 -40.2124 7.71873 2.31219
825 -40.1273 7.64317 2.31178
826 -40.0376 7.56325 2.31282
827 -39.9458 7.48119 2.31124
828 -39.8427 7.38876 2.3117
829 -39.7432 7.29945 2.30955
830 -39.6508 7.21632 2.31088
831 -39.5603 7.13513 2.3095
832 -39.474 7.05743 2.31176
833 -39.386 6.97832 2.31056
834 -39.2957 6.89662 2.31241
835 -39.2018 6.81177 2.31126
836 -39.0827 6.70376 2.31072
837 -38.9956 6.62108 2.33068
838 -38.8972 6.52625 2.32978
839 -38.8079 6.44171 2.32873
840 -38.7137 6.35287 2.32784
841 -38.6211 6.26578 2.32674
842 -38.5227 6.17311 2.32633
843 -38.4228 6.07933 2.32539
844 -38.328 5.99073 2.32414
845 -38.2331 5.90189 2.32367
846 -38.1132 5.78989 2.32251
847 -38.0138 5.69732 2.32175
848 -37.9169 5.60732 2.3207
849 -37.8189 5.51642 2.31946
850 -37.7054 5.41784 2.30272
851 -37.5927 5.32124 2.30085
852 -37.4811 5.22579 2.29963
853 -37.3656 5.12643 2.29855
854 -37.2649 5.0403 2.29747
855 -37.1629 4.95373 2.29661
856 -37.0637 4.86921 2.29565
857 -36.9622 4.78242 2.29514
858 -36.8658 4.69987 2.29445
859 -36.7685 4.61662 2.29358
860 -36.6625 4.52628 2.29273
861 -36.5456 4.42591 2.29161
862 -36.4365 4.33191 2.29074
863 -36.3288 4.23953 2.28968
864 -36.2238 4.14977 2.28809
865 -36.1205 4.0614 2.28752
866 -36.0247 3.97972 2.28591
867 -35.9175 3.88894 2.28365
868 -35.8131 3.80148 2.28417
869 -35.7086 3.71261 2.28274
870 -35.5774 3.60124 2.28105
871 -35.4583 3.49965 2.28058
872 -35.3516 3.40985 2.27985
873 -35.2589 3.33165 2.27887
874 -35.1672 3.25525 2.27842
875 -35.0733 3.1762 2.27888
876 -34.9762 3.09469 2.27734
877 -34.8687 3.00411 2.27608
878 -34.7639 2.91582 2.27529
879 -34.6449 2.81559 2.27362
880 -34.5387 2.72617 2.27295
881 -34.4318 2.63661 2.27136
882 -34.3263 2.54829 2.27041
883 -34.2211 2.46048 2.2689
884 -34.1133 2.37073 2.26721
885 -33.9908 2.2689 2.2661
886 -33.8583 2.15901 2.26407
887 -33.7577 2.0756 2.26252
888 -33.6479 1.98501 2.26267
889 -33.5334 1.89078 2.26061
890 -33.4105 1.78987 2.25887
891 -33.3093 1.70683 2.25787
892 -33.2023 1.6195 2.25626
893 -33.1008 1.53676 2.25451
894 -32.9986 1.45356 2.25473
895 -32.8988 1.37248 2.25335
896 -32.8012 1.29342 2.25199
897 -32.7037 1.21456 2.25119
898 -32.6036 1.13354 2.25144
899 -32.5039 1.05307 2.25003
900 -32.4053 0.973628 2.24891
901 -32.306 0.891576 2.26663
902 -32.2037 0.808908 2.24667
903 -32.1007 0.72611 2.24637
904 -31.9984 0.644051 2.24514
905 -31.8677 0.536632 2.26505
906 -31.7393 0.432514 2.24562
907 -31.6142 0.332219 2.24309
908 -31.507 0.24342 2.26614
909 -31.3865 0.145735 2.2453
910 -31.2904 0.0658608 2.26644
911 -31.1693 -0.0324363 2.24725
912 -31.0632 -0.118166 2.24648
913 -30.9443 -0.213807 2.24504
914 -30.8443 -0.297259 2.26728
915 -30.7298 -0.390582 2.24856
916 -30.6229 -0.477292 2.24782
917 -30.5106 -0.569057 2.25186
918 -30.3833 -0.675285 2.26743
919 -30.2645 -0.776062 2.267
920 -30.1394 -0.880743 2.26678
921 -30.0119 -0.987111 2.26634
922 -29.8827 -1.09465 2.26563
923 -29.7692 -1.18913 2.26533
924 -29.6326 -1.30255 2.26434
925 -29.502 -1.41072 2.2635
926 -29.3903 -1.50326 2.26313
927 -29.2763 -1.59752 2.26254
928 -29.1638 -1.6903 2.26144
929 -29.0369 -1.79507 2.26118
930 -28.9177 -1.89317 2.26023
931 -28.8035 -1.98714 2.25991
932 -28.6785 -2.09023 2.25996
933 -28.5573 -2.18976 2.25923
934 -28.4141 -2.30713 2.25806
935 -28.2898 -2.4088 2.25758
936 -28.1684 -2.50801 2.25674
937 -28.047 -2.60724 2.25647
938 -27.9259 -2.70625 2.25634
939 -27.8045 -2.80542 2.25602
940 -27.6812 -2.90585 2.25515
941 -27.5483 -3.01424 2.25501
942 -27.423 -3.1162 2.25462
943 -27.2929 -3.2219 2.2537
944 -27.166 -3.32485 2.25312
945 -27.041 -3.42615 2.25252
946 -26.9009 -3.53977 2.25229
947 -26.7801 -3.63773 2.25215
948 -26.6479 -3.74469 2.25161
949 -26.5284 -3.84153 2.2518
950 -26.4069 -3.93972 2.25117
951 -26.2859 -4.03743 2.25059
952 -26.1595 -4.13958 2.25057
953 -26.0419 -4.23458 2.25044
954 -25.9069 -4.34347 2.2498
955 -25.7869 -4.44027 2.24978
956 -25.6604 -4.54226 2.24964
957 -25.5366 -4.6419 2.24899
958 -25.4095 -4.74427 2.24903
959 -25.2829 -4.8461 2.24844
960 -25.1543 -4.94947 2.24812
961 -24.99 -5.08162 2.24807
962 -24.8292 -5.21069 2.24749
963 -24.7008 -5.31349 2.24712
964 -24.5596 -5.42685 2.24713
965 -24.4229 -5.53641 2.24675
966 -24.2897 -5.64294 2.24606
967 -24.1589 -5.74733 2.24534
968 -24.0318 -5.84876 2.24486
969 -23.9088 -5.94704 2.24494
970 -23.7057 -6.09791 2.21398
971 -23.6176 -6.16071 2.24431
972 -23.4178 -6.31115 2.2161
973 -23.2866 -6.40498 2.21667
974 -23.1504 -6.50315 2.22011
975 -23.021 -6.59748 2.22107
976 -22.8891 -6.69453 2.22175
977 -22.752 -6.79685 2.22412
978 -22.6208 -6.89545 2.22418
979 -22.487 -6.99664 2.22672
980 -22.3597 -7.09329 2.22654
981 -22.2197 -7.20023 2.22881
982 -22.0897 -7.29987 2.22832
983 -21.9407 -7.41426 2.22903
984 -21.8146 -7.51225 2.23236
985 -21.6734 -7.62126 2.23056
986 -21.5076 -7.7526 2.24349
987 -21.3784 -7.85709 2.24354
988 -21.2516 -7.95819 2.24346
989 -21.0529 -8.10126 2.21536
990 -20.8698 -8.22978 2.20836
991 -20.6741 -8.36325 2.20826
992 -20.4929 -8.48524 2.20851
993 -20.3359 -8.59139 2.20899
994 -20.1903 -8.69065 2.20933
995 -20.046 -8.78902 2.20959
996 -19.8729 -8.90838 2.20931
997 -19.7303 -9.00662 2.20956
998 -19.5974 -9.09827 2.20953
999 -19.461 -9.19209 2.20915
1000 -19.3138 -9.29443 2.20892
1001 -19.1632 -9.3996 2.20838
1002 -19.0014 -9.51334 2.20862
1003 -18.8582 -9.61414 2.20817
1004 -18.7257 -9.70651 2.20774
1005 -18.5821 -9.80755 2.20775
1006 -18.4464 -9.90326 2.20698
1007 -18.3015 -10.0053 2.20625
1008 -18.1604 -10.105 2.2055
1009 -18.031 -10.1962 2.20507
1010 -17.8878 -10.2972 2.20418
1011 -17.7536 -10.392 2.20361
1012 -17.6258 -10.4819 2.20259
1013 -17.4992 -10.5707 2.20167
1014 -17.3711 -10.6608 2.20144
1015 -17.2339 -10.7576 2.20092
1016 -17.1065 -10.8476 2.20021
1017 -16.9819 -10.9353 2.19907
1018 -16.8467 -11.0304 2.19797
1019 -16.7062 -11.1295 2.19669
1020 -16.5833 -11.2161 2.19585
1021 -16.44 -11.3171 2.19522
1022 -16.3074 -11.4105 2.19347
1023 -16.1932 -11.4903 2.19172
1024 -16.078 -11.5705 2.19088
1025 -15.9586 -11.6536 2.18948
1026 -15.8524 -11.7272 2.18818
1027 -15.7545 -11.7951 2.19113
1028 -15.6544 -11.8646 2.18385
1029 -15.5417 -11.9418 2.18109
1030 -15.4445 -12.0078 2.17811
1031 -15.3664 -12.0597 2.1699
1032 -15.2721 -12.123 2.16512
1033 -15.1909 -12.1796 2.18718
1034 -15.1196 -12.2269 2.15772
1035 -15.0541 -12.2717 2.17498
1036 -15.0098 -12.3 2.14343
1037 -14.9561 -12.3337 2.13738
1038 -14.9 -12.369 2.13588
1039 -14.8445 -12.404 2.13838
1040 -14.7866 -12.4405 2.13589
1041 -14.7274 -12.4791 2.15928
1042 -14.6542 -12.5246 2.13079
1043 -14.576 -12.5734 2.12763
1044 -14.5184 -12.6104 2.13981
1045 -14.4699 -12.6383 2.11244
1046 -14.4164 -12.668 2.10223
1047 -14.3195 -12.7219 2.09624
1048 -14.2531 -12.7579 2.09061
1049 -14.1872 -12.793 2.08463
1050 -14.122 -12.8271 2.07553
1051 -14.0474 -12.8654 2.06619
1052 -13.9817 -12.8985 2.0586
1053 -13.9108 -12.9333 2.0463
1054 -13.8359 -12.969 2.03313
1055 -13.7546 -13.0064 2.01747
1056 -13.6449 -13.0553 2.00079
1057 -13.5585 -13.0924 1.9912
1058 -13.4769 -13.1267 1.97811
1059 -13.3949 -13.1589 1.94894
1060 -13.3098 -13.189 1.93022
1061 -13.2324 -13.2136 1.90781
1062 -13.145 -13.2391 1.88805
1063 -13.0865 -13.2536 1.86866
1064 -13.0384 -13.2628 1.85053
1065 -12.9871 -13.2716 1.83264
1066 -12.9302 -13.2804 1.81675
1067 -12.8576 -13.2929 1.79915
1068 -12.7778 -13.3045 1.77439
1069 -12.7138 -13.3117 1.75136
1070 -12.6469 -13.3168 1.72912
1071 -12.5833 -13.3196 1.70444
1072 -12.5164 -13.3214 1.68609
1073 -12.437 -13.3225 1.66586
1074 -12.3617 -13.3235 1.65715
1075 -12.2562 -13.3246 1.62007
1076 -12.1769 -13.3194 1.58695
1077 -12.0962 -13.3109 1.55934
1078 -12.008 -13.3009 1.54882
1079 -11.932 -13.2882 1.49731
1080 -11.8637 -13.2708 1.47993
1081 -11.802 -13.2543 1.47138
1082 -11.7033 -13.2297 1.41291
1083 -11.6383 -13.205 1.38669
1084 -11.5734 -13.1855 1.48647
1085 -11.4792 -13.1775 1.45998
1086 -11.3751 -13.1379 1.29382
1087 -11.3088 -13.1101 1.41492
1088 -11.2044 -13.0941 1.38727
1089 -11.1084 -13.0731 1.36863
1090 -10.99 -13.0433 1.34014
1091 -10.8879 -13.0123 1.31146
1092 -10.7878 -12.9811 1.2922
1093 -10.6675 -12.9407 1.26294
1094 -10.5611 -12.9013 1.24314
1095 -10.4532 -12.8575 1.21354
1096 -10.3493 -12.8138 1.19418
1097 -10.238 -12.7635 1.16576
1098 -10.1306 -12.7115 1.14666
1099 -10.0161 -12.6529 1.11806
1100 -9.91167 -12.5963 1.09953
1101 -9.80338 -12.5337 1.07183
1102 -9.68177 -12.4602 1.04455
1103 -9.58413 -12.3966 1.02712
1104 -9.49161 -12.336 1.01031
1105 -9.38784 -12.2647 0.985577
1106 -9.2899 -12.193 0.963109
1107 -9.19664 -12.1227 0.948251
1108 -9.10807 -12.0551 0.934699
1109 -9.01222 -11.981 0.922552
1110 -8.91788 -11.8995 0.902507
1111 -8.80386 -11.8212 0.893315
1112 -8.70815 -11.7429 0.876743
1113 -8.61155 -11.6593 0.8661
1114 -8.51003 -11.5697 0.856174
1115 -8.45463 -11.4938 0.825205
1116 -8.39129 -11.4147 0.815922
1117 -8.34027 -11.3501 0.810547
1118 -8.27723 -11.2764 0.794159
1119 -8.2697 -11.2313 0.789869
1120 -8.21399 -11.1469 0.77917
1121 -8.16894 -11.0698 0.773039
1122 -8.12508 -10.9938 0.76893
1123 -8.07491 -10.9144 0.766813
1124 -8.02491 -10.8372 0.764139
1125 -7.95882 -10.7461 0.761128
1126 -7.90227 -10.6643 0.758962
1127 -7.81151 -10.5491 0.756426
1128 -7.72478 -10.4385 0.753962
1129 -7.63824 -10.3291 0.752304
1130 -7.54532 -10.2139 0.751106
1131 -7.45459 -10.1006 0.749145
1132 -7.37154 -9.99608 0.747746
1133 -7.27759 -9.88085 0.74686
1134 -7.19012 -9.77217 0.746094
1135 -7.10609 -9.66784 0.74535
1136 -6.99708 -9.53758 0.744252
1137 -6.88333 -9.40254 0.74311
1138 -6.78189 -9.28161 0.741764
1139 -6.68472 -9.16557 0.741012
1140 -6.57901 -9.04064 0.739845
1141 -6.48051 -8.92375 0.738558
1142 -6.38816 -8.81324 0.737664
1143 -6.26753 -8.67182 0.736287
1144 -6.17413 -8.56104 0.735246
1145 -6.0732 -8.44167 0.734104
1146 -5.97249 -8.32265 0.732332
1147 -5.86736 -8.19856 0.730543
1148 -5.74714 -8.05728 0.729165
1149 -5.64017 -7.93071 0.727604
1150 -5.53681 -7.80927 0.729086
1151 -5.42992 -7.68661 0.729061
1152 -5.29909 -7.53529 0.723092
1153 -5.19724 -7.41392 0.721318
1154 -5.06857 -7.26302 0.72452
1155 -4.96621 -7.14517 0.723001
1156 -4.86277 -7.02562 0.722544
1157 -4.76676 -6.91435 0.720687
1158 -4.64647 -6.76806 0.700863
1159 -4.5561 -6.6576 0.715965
1160 -4.45564 -6.54054 0.717725
1161 -4.35293 -6.4149 0.698035
1162 -4.24848 -6.28247 0.697202
1163 -4.1506 -6.15826 0.696836
1164 -4.04935 -6.03066 0.696618
1165 -3.96288 -5.91739 0.682646
1166 -3.86002 -5.78668 0.681045
1167 -3.75435 -5.65763 0.692006
1168 -3.6344 -5.50673 0.689519
1169 -3.5394 -5.38563 0.688536
1170 -3.42934 -5.24702 0.68984
1171 -3.31026 -5.09724 0.689468
1172 -3.20658 -4.96663 0.686888
1173 -3.10063 -4.83365 0.685436
1174 -2.99073 -4.69648 0.688163
1175 -2.88112 -4.56 0.686828
1176 -2.77178 -4.42334 0.683684
1177 -2.65303 -4.27818 0.683066
1178 -2.52086 -4.11792 0.684561
1179 -2.40531 -3.97855 0.683973
1180 -2.27686 -3.82329 0.68479
1181 -2.14347 -3.66972 0.717543
1182 -2.01643 -3.52811 0.717423
1183 -1.8964 -3.39048 0.716632
1184 -1.7534 -3.2262 0.716307
1185 -1.62361 -3.07686 0.715933
1186 -1.51066 -2.94667 0.71541
1187 -1.3629 -2.77642 0.714861
1188 -1.23208 -2.62506 0.713795
1189 -1.12033 -2.49573 0.713411
1190 -1.01439 -2.37297 0.712766
1191 -0.910284 -2.2521 0.711893
1192 -0.785422 -2.10693 0.710854
1193 -0.671776 -1.9743 0.70976
1194 -0.547228 -1.82876 0.708691
1195 -0.427118 -1.68856 0.708618
1196 -0.32172 -1.56462 0.706816
1197 -0.208166 -1.43152 0.706572
1198 -0.094414 -1.29809 0.70627
1199 0.0343637 -1.14632 0.704709
1200 0.139701 -1.02211 0.704281
1201 0.282508 -0.853314 0.702802
1202 0.410693 -0.701358 0.702022
1203 0.479811 -0.612085 0.691801
1204 0.554389 -0.519519 0.691812
1205 0.622205 -0.435917 0.692943
1206 0.694629 -0.347952 0.694388
1207 0.754072 -0.272037 0.68688
1208 0.837206 -0.172325 0.695773
1209 0.937094 -0.049475 0.687129
1210 1.03418 0.0659151 0.695606
1211 1.11728 0.164372 0.696145
1212 1.22606 0.293781 0.695827
1213 1.33261 0.421172 0.693761
1214 1.43418 0.542626 0.693254
1215 1.53437 0.662662 0.693245
1216 1.64344 0.79382 0.691894
1217 1.73781 0.907632 0.690372
1218 1.83113 1.02047 0.687662
1219 1.9228 1.13112 0.68911
1220 2.02425 1.25372 0.687999
1221 2.12729 1.37933 0.685598
1222 2.23657 1.51262 0.6867
1223 2.33517 1.63298 0.685308
1224 2.43991 1.76084 0.684518
1225 2.52864 1.86913 0.684154
1226 2.61316 1.97265 0.682552
1227 2.70155 2.08132 0.681689
1228 2.79311 2.19393 0.680828
1229 2.90414 2.33124 0.679699
1230 2.99839 2.44828 0.67832
1231 3.08125 2.55086 0.677852
1232 3.18457 2.67936 0.675664
1233 3.25948 2.77367 0.671859
1234 3.33751 2.87067 0.673993
1235 3.41555 2.96827 0.672209
1236 3.5041 3.07911 0.672401
1237 3.60984 3.21252 0.668975
1238 3.69254 3.31669 0.667999
1239 3.78659 3.43519 0.667995
1240 3.87637 3.54887 0.665509
1241 3.96202 3.6571 0.665216
1242 4.05569 3.77533 0.669792
1243 4.14671 3.89087 0.663926
1244 4.24438 4.01528 0.660649
1245 4.33286 4.12854 0.655913
1246 4.42822 4.24912 0.660234
1247 4.53172 4.38151 0.656986
1248 4.6384 4.51611 0.669637
1249 4.73402 4.63402 0.666844
1250 4.83837 4.76624 0.66973
1251 4.94235 4.89628 0.672165
1252 5.04823 5.02934 0.672217
1253 5.1701 5.18232 0.672703
1254 5.29071 5.33387 0.672574
1255 5.42399 5.5021 0.670579
1256 5.54945 5.66026 0.670868
1257 5.66571 5.80693 0.67068
1258 5.78217 5.95389 0.670616
1259 5.88284 6.08151 0.66845
1260 5.98446 6.20998 0.669288
1261 6.12153 6.38409 0.667119
1262 6.23764 6.53151 0.66638
1263 6.34033 6.66127 0.668913
1264 6.44761 6.79738 0.668079
1265 6.56019 6.94053 0.666877
1266 6.66752 7.07751 0.664258
1267 6.77448 7.21317 0.666449
1268 6.88907 7.35892 0.666037
1269 7.00021 7.49966 0.667844
1270 7.12257 7.65448 0.667919
1271 7.23179 7.79304 0.667705
1272 7.35869 7.95387 0.667827
1273 7.4596 8.08208 0.66747
1274 7.56417 8.21508 0.666828
1275 7.67414 8.35473 0.666928
1276 7.7996 8.51398 0.667018
1277 7.92137 8.66872 0.666886
1278 8.02422 8.79995 0.665957
1279 8.13624 8.9425 0.665992
1280 8.25814 9.09795 0.665457
1281 8.36213 9.23017 0.666011
1282 8.46371 9.35959 0.665711
1283 8.56262 9.48563 0.665555
1284 8.67526 9.62943 0.664897
1285 8.77845 9.76126 0.664565
1286 8.88619 9.89875 0.664706
1287 8.97694 10.0147 0.664437
1288 9.07169 10.1356 0.664493
1289 9.18795 10.2842 0.664059
1290 9.30622 10.4351 0.664492
1291 9.39464 10.5482 0.664317
1292 9.48709 10.6662 0.664413
1293 9.5792 10.7837 0.664799
1294 9.67024 10.8998 0.664704
1295 9.76343 11.0183 0.665622
1296 9.87139 11.1556 0.666102
1297 9.96288 11.2716 0.666834
1298 10.0731 11.4113 0.667518
1299 10.1571 11.5176 0.668078
1300 10.2613 11.6484 0.668369
1301 10.3486 11.7589 0.668821
1302 10.4416 11.8771 0.668753
1303 10.5209 11.9777 0.668227
1304 10.6052 12.0846 0.668285
1305 10.6845 12.185 0.669087
1306 10.7558 12.2749 0.671888
1307 10.8475 12.3904 0.669204
1308 10.9242 12.4878 0.669866
1309 11.0165 12.6043 0.669725
1310 11.1007 12.7108 0.668876
1311 11.1872 12.8198 0.669113
1312 11.2664 12.92 0.669466
1313 11.3513 13.0274 0.670182
1314 11.4216 13.1168 0.670895
1315 11.504 13.2208 0.668966
1316 11.5772 13.3135 0.669247
1317 11.6537 13.411 0.667962
1318 11.7268 13.5037 0.668427
1319 11.8115 13.611 0.666826
1320 11.8842 13.7028 0.666501
1321 11.9567 13.7952 0.666054
1322 12.0466 13.9104 0.664258
1323 12.1255 14.0111 0.663818
1324 12.1979 14.1036 0.663486
1325 12.2846 14.2147 0.662123
1326 12.3533 14.3028 0.661304
1327 12.4243 14.3937 0.659881
1328 12.4907 14.4791 0.659516
1329 12.5599 14.5682 0.659411
1330 12.6256 14.6529 0.659278
1331 12.706 14.7565 0.65797
1332 12.7688 14.838 0.657035
1333 12.8324 14.9204 0.656697
1334 12.9083 15.0188 0.655596
1335 12.9802 15.1119 0.655231
1336 13.051 15.2036 0.654176
1337 13.1129 15.2839 0.654174
1338 13.1757 15.3654 0.65399
1339 13.2418 15.4513 0.652716
1340 13.3044 15.5327 0.652515
1341 13.3595 15.6046 0.651795
1342 13.4163 15.6786 0.651302
1343 13.4707 15.7497 0.650646
1344 13.5226 15.8176 0.648535
1345 13.5753 15.8867 0.648047
1346 13.6254 15.9525 0.647266
1347 13.6745 16.0168 0.646483
1348 13.7192 16.0756 0.644529
1349 13.7614 16.1312 0.643496
1350 13.8036 16.1871 0.643049
1351 13.8398 16.2348 0.642449
1352 13.8823 16.2909 0.641105
1353 13.9153 16.3344 0.640832
1354 13.9477 16.3771 0.640508
1355 13.9766 16.4154 0.639211
1356 14.0027 16.4498 0.639005
1357 14.0293 16.4849 0.638848
1358 14.0504 16.5126 0.638461
1359 14.0698 16.5382 0.637785
1360 14.086 16.5596 0.637372
1361 14.0999 16.5779 0.636725
1362 14.1109 16.5922 0.636632
1363 14.1181 16.6016 0.636589
1364 14.1226 16.6074 0.636299
1365 14.1264 16.6123 0.636273
1366 14.1314 16.6189 0.636549
1367 14.136 16.6248 0.636967
1368 14.1405 16.6307 0.637447
1369 14.1442 16.6356 0.637864
1370 14.1482 16.6409 0.638248
1371 14.1521 16.6461 0.638464
1372 14.156 16.6512 0.6387
1373 14.1595 16.6558 0.638986
1374 14.163 16.6605 0.63927
1375 14.1661 16.6647 0.639578
1376 14.1693 16.6689 0.63979
1377 14.1723 16.673 0.640033
1378 14.1753 16.6769 0.640261
1379 14.1774 16.6798 0.640498
1380 14.1797 16.6829 0.640694
1381 14.1823 16.6864 0.640883
1382 14.1844 16.6893 0.64111
1383 14.1868 16.6925 0.641313
1384 14.1889 16.6953 0.6415
1385 14.1906 16.6976 0.641654
1386 14.1923 16.6999 0.641847
1387 14.1942 16.7026 0.642042
1388 14.1959 16.7049 0.642202
1389 14.1974 16.7069 0.64235
1390 14.1988 16.7088 0.642502
1391 14.2006 16.7113 0.642651
1392 14.2026 16.714 0.642842
1393 14.2039 16.7159 0.642974
1394 14.2054 16.7179 0.643103
1395 14.2063 16.7191 0.643226
1396 14.2077 16.7211 0.64338
1397 14.2086 16.7224 0.643513
1398 14.2099 16.7242 0.643613
1399 14.2113 16.726 0.643758
1400 14.2123 16.7275 0.643872
