0 30.3895 33.0354 3.57877
1 30.3885 33.0359 3.57864
2 30.3873 33.0359 3.57854
3 30.3867 33.0371 3.57846
4 30.386 33.0378 3.57838
5 30.3845 33.0369 3.57829
6 30.3839 33.0379 3.57819
7 30.3827 33.0378 3.57811
8 30.3815 33.0375 3.57802
9 30.3806 33.0377 3.57795
10 30.3799 33.0381 3.57786
11 30.3793 33.0388 3.57781
12 30.3788 33.0396 3.57773
13 30.3779 33.0396 3.57764
14 30.3772 33.0397 3.57757
15 30.3766 33.0399 3.57752
16 30.3738 33.0358 3.57739
17 30.3667 33.022 3.57714
18 30.3582 33.005 3.57682
19 30.3509 32.9903 3.57656
20 30.3368 32.9606 3.57667
21 30.3257 32.9375 3.57701
22 30.3105 32.9064 3.57675
23 30.2949 32.8744 3.57597
24 30.2754 32.8343 3.57481
25 30.2533 32.7885 3.57435
26 30.2323 32.7445 3.57484
27 30.211 32.6997 3.57559
28 30.1875 32.6509 3.57691
29 30.1646 32.6031 3.5762
30 30.1421 32.5561 3.57443
31 30.116 32.5005 3.57402
32 30.088 32.4413 3.57228
33 30.061 32.3835 3.57293
34 30.0307 32.3188 3.57671
35 30.0039 32.262 3.5744
36 29.9689 32.1868 3.5731
37 29.9352 32.1141 3.57198
38 29.9032 32.0446 3.56994
39 29.8678 31.9692 3.57392
40 29.8413 31.9124 3.57401
41 29.8126 31.8505 3.57164
42 29.7782 31.7751 3.56931
43 29.7423 31.6974 3.57001
44 29.7131 31.6341 3.57185
45 29.6869 31.5776 3.57197
46 29.6505 31.4982 3.5699
47 29.6131 31.4161 3.56814
48 29.5789 31.3415 3.56878
49 29.5489 31.2762 3.57104
50 29.5187 31.2103 3.5694
51 29.484 31.1334 3.56706
52 29.4512 31.061 3.56644
53 29.4188 30.9899 3.56788
54 29.3897 30.9263 3.57006
55 29.3628 30.8671 3.56776
56 29.3325 30.7999 3.56525
57 29.2955 30.7179 3.56531
58 29.2644 30.6495 3.56729
59 29.2349 30.5844 3.56851
60 29.2065 30.5216 3.56579
61 29.1713 30.4435 3.56481
62 29.1325 30.357 3.56402
63 29.0952 30.2747 3.56613
64 29.0636 30.2049 3.56689
65 29.0322 30.1349 3.56505
66 28.9854 30.0301 3.56228
67 28.9462 29.9427 3.56253
68 28.9126 29.8682 3.56626
69 28.8804 29.7964 3.56462
70 28.8388 29.7025 3.56148
71 28.7985 29.6114 3.56054
72 28.7644 29.5352 3.56424
73 28.727 29.4518 3.56371
74 28.6844 29.3548 3.55893
75 28.6464 29.2687 3.55936
76 28.6114 29.1905 3.56362
77 28.5744 29.1074 3.56252
78 28.5314 29.01 3.56012
79 28.4922 28.9216 3.5603
80 28.4537 28.8357 3.56386
81 28.4155 28.7498 3.56181
82 28.3762 28.661 3.55948
83 28.3343 28.5667 3.55973
84 28.3002 28.4911 3.56467
85 28.266 28.4148 3.56381
86 28.228 28.3298 3.56243
87 28.1881 28.2407 3.56197
88 28.1498 28.156 3.56654
89 28.1068 28.0603 3.56398
90 28.0634 27.9628 3.56062
91 28.0196 27.8648 3.5614
92 27.9859 27.7901 3.56489
93 27.9413 27.6905 3.56287
94 27.8978 27.5924 3.55889
95 27.8625 27.5131 3.55917
96 27.8265 27.4336 3.56514
97 27.8022 27.3794 3.56328
98 27.7659 27.2979 3.56019
99 27.7275 27.2123 3.56171
100 27.694 27.1377 3.5613
101 27.6598 27.062 3.56378
102 27.6189 26.9709 3.56324
103 27.5767 26.876 3.55857
104 27.5351 26.7839 3.56392
105 27.5025 26.7111 3.56105
106 27.4611 26.6196 3.56417
107 27.4146 26.516 3.56327
108 27.3684 26.4128 3.56237
109 27.3334 26.3344 3.56154
110 27.2794 26.2131 3.56039
111 27.2273 26.0956 3.55907
112 27.1813 25.9916 3.55774
113 27.1322 25.88 3.55628
114 27.0689 25.7355 3.55436
115 27.0263 25.6378 3.55309
116 26.9915 25.5577 3.55172
117 26.9555 25.4748 3.55087
118 26.9096 25.3686 3.5493
119 26.757 25.3996 3.73232
120 26.7305 25.3601 3.73151
121 26.6875 25.2957 3.73067
122 26.6414 25.2414 3.7411
123 26.5991 25.1936 3.73674
124 26.555 25.1283 3.73552
125 26.5145 25.0805 3.74236
126 26.4728 25.0293 3.73962
127 26.4255 24.9598 3.73848
128 26.3891 24.9175 3.74652
129 26.347 24.8636 3.74407
130 26.2987 24.7933 3.74272
131 26.251 24.733 3.74963
132 26.2047 24.6724 3.74849
133 26.1455 24.587 3.7475
134 26.0875 24.5114 3.7509
135 26.026 24.4298 3.75217
136 25.9663 24.3519 3.75315
137 25.9119 24.2801 3.75632
138 25.8579 24.2115 3.75677
139 25.7937 24.1271 3.75667
140 25.7278 24.0391 3.75992
141 25.6725 23.9661 3.76003
142 25.6084 23.8759 3.75941
143 25.5679 23.8189 3.7589
144 25.5293 23.7644 3.7586
145 25.469 23.6795 3.75835
146 25.3994 23.5812 3.75821
147 25.3395 23.4967 3.75822
148 25.2864 23.4218 3.75828
149 25.237 23.3521 3.75833
150 25.1816 23.274 3.75839
151 25.1267 23.1965 3.75845
152 25.0639 23.1081 3.7585
153 25.0071 23.0279 3.7585
154 24.9467 22.9428 3.75851
155 24.8883 22.8605 3.75851
156 24.8293 22.7773 3.75852
157 24.7719 22.6964 3.75854
158 24.7053 22.6025 3.75863
159 24.6495 22.5238 3.75874
160 24.5953 22.4475 3.75893
161 24.4459 22.5633 3.99997
162 24.3647 22.4932 4.00018
163 24.2882 22.4271 4.00037
164 24.2099 22.3596 4.00059
165 24.1386 22.2981 4.00077
166 24.1468 22.2636 4.00743
167 24.0765 22.2038 4.00761
168 24.0765 22.1692 4.00996
169 24.0545 22.1229 4.0091
170 23.976 22.0564 4.00934
171 23.943 22.0055 4.00963
172 23.9166 21.9637 4.01008
173 23.8958 21.9286 4.00988
174 23.8686 21.8901 4.00866
175 23.8333 21.8479 4.00947
176 23.7983 21.8069 4.00903
177 23.7423 21.7486 4.00669
178 23.6796 21.686 4.00783
179 23.6288 21.6348 4.0082
180 23.5872 21.5925 4.00286
181 23.6774 22.0662 3.77539
182 23.607 22.0014 3.87272
183 23.5263 21.9128 3.8816
184 23.4537 21.8334 3.88247
185 23.3912 21.7652 3.88316
186 23.324 21.6919 3.88384
187 23.2447 21.6056 3.88465
188 23.2179 21.5048 3.7107
189 23.1599 21.4123 3.70713
190 23.0981 21.314 3.70607
191 23.0413 21.2239 3.70577
192 22.9887 21.1146 3.68941
193 22.9359 21.0049 3.68914
194 22.8919 20.9115 3.68998
195 22.8472 20.811 3.68482
196 22.7915 20.6992 3.6898
197 22.729 20.5679 3.6845
198 22.6592 20.4498 3.67382
199 22.5976 20.3435 3.67251
200 22.5347 20.2343 3.67162
201 22.485 20.1249 3.68168
202 22.4275 20.0037 3.68368
203 22.3711 19.8846 3.68299
204 22.3112 19.7604 3.68165
205 22.2514 19.6372 3.68249
206 22.2056 19.5371 3.68168
207 22.1574 19.4343 3.68205
208 22.0939 19.3054 3.68071
209 22.049 19.2083 3.67988
210 22.0017 19.1081 3.68057
211 21.948 18.9976 3.68082
212 21.9064 18.9083 3.68071
213 21.8645 18.8198 3.68081
214 21.8019 18.6961 3.6805
215 21.7369 18.5687 3.67987
216 21.6714 18.4494 3.68424
217 21.6117 18.3398 3.68292
218 21.5528 18.2322 3.68333
219 21.4923 18.1224 3.68345
220 21.421 17.9944 3.68288
221 21.3632 17.8888 3.68178
222 21.3005 17.775 3.68136
223 21.2328 17.6526 3.68077
224 21.1604 17.5352 3.69126
225 21.089 17.4197 3.69139
226 21.0205 17.3089 3.69091
227 20.9496 17.1939 3.68945
228 20.8782 17.0772 3.68809
229 20.8053 16.9576 3.68693
230 20.7648 16.8834 3.69349
231 20.7509 16.8538 3.69396
232 20.6752 16.7292 3.68842
233 20.5999 16.6051 3.68689
234 20.5734 16.5552 3.69123
235 20.5382 16.4906 3.69066
236 20.4978 16.4182 3.69037
237 20.4526 16.3375 3.68992
238 20.4061 16.2554 3.6891
239 20.3593 16.1726 3.68837
240 20.3098 16.085 3.68733
241 20.2626 16.0011 3.68607
242 20.2052 15.9007 3.68491
243 20.1422 15.7913 3.68345
244 20.0755 15.6748 3.68174
245 20.0056 15.5518 3.67977
246 19.9124 15.3935 3.68185
247 19.8434 15.2719 3.67583
248 19.7731 15.1471 3.67406
249 19.7163 15.0452 3.673
250 19.6542 14.9342 3.6718
251 19.5824 14.8071 3.67072
252 19.5117 14.6821 3.66942
253 19.4448 14.5624 3.66814
254 19.3579 14.4116 3.67375
255 19.2584 14.2328 3.66108
256 19.1683 14.0702 3.65723
257 19.0831 13.9162 3.65282
258 18.9985 13.7672 3.66424
259 18.913 13.6119 3.65358
260 18.8081 13.418 3.64212
261 18.73 13.2759 3.6499
262 18.6467 13.1244 3.64968
263 18.5711 12.9864 3.64925
264 18.4936 12.8447 3.64867
265 18.4359 12.7389 3.64789
266 18.3674 12.6137 3.64833
267 18.2911 12.4742 3.64777
268 18.201 12.3053 3.63817
269 18.1176 12.1496 3.63797
270 18.042 12.007 3.62875
271 17.9644 11.8877 3.62506
272 17.8881 11.7687 3.6231
273 17.808 11.6406 3.6219
274 17.7373 11.5282 3.62081
275 17.6748 11.4306 3.61971
276 17.6002 11.3085 3.61826
277 17.5275 11.1873 3.61743
278 17.4577 11.0705 3.61669
279 17.3892 10.9559 3.61593
280 17.3393 10.8731 3.63178
281 17.2551 10.7291 3.61401
282 17.1748 10.5851 3.61334
283 17.1583 10.5708 3.63267
284 17.1301 10.5328 3.63364
285 17.1257 10.5459 3.64189
286 17.1011 10.52 3.63393
287 17.0776 10.4858 3.63234
288 17.0656 10.4718 3.63247
289 17.0497 10.4503 3.63255
290 17.0257 10.4127 3.63232
291 17.0067 10.3839 3.63168
292 16.9814 10.3431 3.6317
293 16.9458 10.2825 3.63142
294 16.9112 10.2219 3.63169
295 16.8813 10.171 3.63226
296 16.8518 10.1205 3.63154
297 16.8175 10.0611 3.63171
298 16.7828 10.0006 3.63153
299 16.7387 9.92169 3.63151
300 16.6937 9.84019 3.6321
301 16.6499 9.76069 3.6324
302 16.5899 9.6515 3.63312
303 16.5336 9.54453 3.62891
304 16.4678 9.42447 3.62814
305 16.4108 9.3205 3.62731
306 16.3414 9.1929 3.62745
307 16.2802 9.08049 3.62799
308 16.2149 8.95944 3.62669
309 16.149 8.83702 3.62691
310 16.0847 8.71769 3.62768
311 16.0112 8.58053 3.62705
312 15.9385 8.4442 3.6272
313 15.8646 8.30532 3.62689
314 15.7864 8.15838 3.62692
315 15.7092 8.0127 3.62699
316 15.6389 7.88076 3.62851
317 15.5615 7.73444 3.62631
318 15.4872 7.59361 3.62602
319 15.427 7.48485 3.63732
320 15.348 7.33743 3.63821
321 15.2752 7.20024 3.6386
322 15.205 7.0686 3.63842
323 15.1399 6.94641 3.63821
324 15.0627 6.80281 3.63862
325 14.9859 6.65918 3.6393
326 14.9152 6.52643 3.63954
327 14.8413 6.38912 3.63979
328 14.7775 6.26984 3.64029
329 14.7077 6.14123 3.64099
330 14.6419 6.0196 3.64163
331 14.529 5.81959 3.66242
332 14.4573 5.69258 3.64237
333 14.3946 5.57776 3.64119
334 14.3342 5.46694 3.64166
335 14.2705 5.35041 3.64237
336 14.2041 5.22864 3.64244
337 14.1518 5.13573 3.65226
338 14.0965 5.03835 3.65267
339 14.0591 4.97307 3.65278
340 14.0066 4.88187 3.65379
341 13.94 4.76525 3.6552
342 13.8744 4.64942 3.6571
343 13.817 4.54843 3.65835
344 13.7575 4.44481 3.66059
345 13.7022 4.34934 3.66232
346 13.6437 4.24835 3.66459
347 13.5759 4.13299 3.66876
348 13.4889 3.97392 3.6613
349 13.4241 3.86227 3.6743
350 13.3613 3.75709 3.67742
351 13.2904 3.63935 3.68189
352 13.2217 3.5261 3.68604
353 13.1573 3.42055 3.69122
354 13.0903 3.31815 3.70814
355 13.0185 3.19982 3.70544
356 12.9507 3.09403 3.7105
357 12.8838 2.99108 3.71867
358 12.82 2.90046 3.73938
359 12.7468 2.78742 3.735
360 12.6719 2.67836 3.74625
361 12.5992 2.57477 3.75876
362 12.5291 2.47773 3.76727
363 12.439 2.35626 3.78483
364 12.3643 2.25737 3.79411
365 12.28 2.15128 3.80325
366 12.2157 2.07302 3.81692
367 12.1375 1.98022 3.83192
368 12.0647 1.89321 3.82754
369 11.9805 1.79492 3.84311
370 11.9011 1.70584 3.86209
371 11.8087 1.60561 3.87802
372 11.7248 1.51871 3.89819
373 11.6514 1.43527 3.86146
374 11.5453 1.33684 3.94157
375 11.4696 1.26946 3.96003
376 11.4021 1.21362 3.98266
377 11.2983 1.13084 4.00613
378 11.2201 1.05982 3.95936
379 11.1278 0.970703 3.94327
380 11.0192 0.898508 4.06871
381 10.9335 0.832003 4.01401
382 10.8044 0.752282 4.12792
383 10.7315 0.704831 4.06893
384 10.63 0.626669 4.05346
385 10.5387 0.562153 4.06369
386 10.4409 0.496448 4.08167
387 10.3214 0.448213 4.24746
388 10.2389 0.429467 4.2842
389 10.1681 0.411169 4.20927
390 10.0484 0.336776 4.16891
391 9.93532 0.277901 4.18483
392 9.82986 0.227352 4.21072
393 9.72896 0.180961 4.23296
394 9.62848 0.13644 4.25172
395 9.53032 0.0956542 4.27373
396 9.44003 0.0602899 4.29289
397 9.34436 0.0225301 4.30462
398 9.24926 -0.0111517 4.32625
399 9.14202 -0.0468383 4.3479
400 9.02643 -0.0820639 4.37138
401 8.91931 -0.111287 4.39421
402 8.8071 -0.140402 4.41253
403 8.699 -0.16519 4.43687
404 8.58719 -0.188377 4.46094
405 8.46439 -0.210875 4.48441
406 8.36583 -0.225455 4.50603
407 8.25185 -0.242584 4.52588
408 8.13525 -0.257048 4.54563
409 8.02878 -0.266863 4.56844
410 7.91677 -0.275918 4.59029
411 7.78732 -0.285113 4.60662
412 7.67232 -0.289449 4.62714
413 7.55826 -0.292326 4.6473
414 7.44262 -0.293742 4.66304
415 7.33497 -0.291946 4.68433
416 7.22481 -0.28978 4.7009
417 7.14086 -0.234201 4.91032
418 7.28152 0.00427669 4.84305
419 7.24506 0.0864381 4.79433
420 7.14516 0.09118 4.76547
421 7.01768 0.100772 4.77085
422 6.85753 0.156123 4.97849
423 6.86271 0.280553 4.87976
424 6.7507 0.291406 4.82633
425 6.63169 0.308102 4.83164
426 6.54425 0.324087 4.85129
427 6.44549 0.341238 4.8617
428 6.32711 0.363316 4.87487
429 6.21475 0.386206 4.88661
430 6.08611 0.413379 4.8977
431 5.96572 0.441013 4.90984
432 5.848 0.470866 4.92805
433 5.73857 0.497982 4.93463
434 5.63401 0.543298 5.01429
435 5.55235 0.592021 5.02757
436 5.4962 0.639782 5.03923
437 5.43989 0.686823 5.04704
438 5.35532 0.740002 5.05853
439 5.26568 0.794149 5.07269
440 5.18276 0.854382 5.08064
441 5.09137 0.914197 5.09172
442 4.99353 0.977793 5.09923
443 4.8975 1.04116 5.10987
444 4.80064 1.10636 5.1169
445 4.73155 1.16065 5.12296
446 4.65023 1.219 5.13201
447 4.54691 1.2895 5.13762
448 4.43307 1.36292 5.14614
449 4.32308 1.43363 5.15336
450 4.21589 1.5043 5.16083
451 4.10184 1.57947 5.16583
452 3.97921 1.65807 5.17204
453 3.87579 1.72819 5.17737
454 3.75319 1.80845 5.18226
455 3.63655 1.88625 5.18456
456 3.51175 1.96805 5.18742
457 3.39926 2.04289 5.18951
458 3.29159 2.11636 5.19045
459 3.18333 2.1892 5.19128
460 3.06822 2.26494 5.19176
461 2.94767 2.3427 5.1924
462 2.83155 2.41787 5.1923
463 2.72264 2.48869 5.19549
464 2.59753 2.56896 5.19192
465 2.46522 2.65049 5.19072
466 2.32071 2.73711 5.19455
467 2.22356 2.79132 5.18727
468 2.08451 2.87803 5.19408
469 1.95573 2.95636 5.19409
470 1.81775 3.03879 5.18941
471 1.66982 3.1238 5.18917
472 1.53511 3.20149 5.18881
473 1.40448 3.27731 5.18885
474 1.26631 3.35666 5.18907
475 1.13491 3.43196 5.18908
476 0.993164 3.51237 5.18899
477 0.850512 3.59279 5.189
478 0.70742 3.66972 5.18955
479 0.573976 3.74558 5.19555
480 0.443469 3.82092 5.19583
481 0.300906 3.90207 5.19026
482 0.147753 3.9867 5.19091
483 0.00515807 4.06554 5.19098
484 -0.133758 4.14272 5.1917
485 -0.262589 4.21471 5.19778
486 -0.405589 4.2961 5.20028
487 -0.551095 4.37556 5.19099
488 -0.70545 4.45724 5.19086
489 -0.851352 4.53573 5.2016
490 -1.02488 4.63003 5.19401
491 -1.1807 4.71339 5.20235
492 -1.32553 4.79356 5.20362
493 -1.47128 4.87305 5.19483
494 -1.64893 4.96661 5.19331
495 -1.81557 5.05334 5.19314
496 -1.95006 5.12618 5.20471
497 -2.09149 5.20272 5.19416
498 -2.22966 5.27764 5.20687
499 -2.39242 5.36519 5.1935
500 -2.54126 5.44234 5.19289
501 -2.70913 5.52965 5.1929
502 -2.86235 5.60839 5.18998
503 -2.98177 5.67412 5.20903
504 -3.11026 5.74376 5.18934
505 -3.25102 5.81877 5.19008
506 -3.38749 5.8913 5.18775
507 -3.52903 5.96602 5.18776
508 -3.6631 6.03598 5.18133
509 -3.8229 6.11462 5.17058
510 -3.89795 6.15915 5.20131
511 -4.00417 6.22103 5.20447
512 -4.11248 6.28375 5.20373
513 -4.2228 6.34737 5.20468
514 -4.31226 6.40307 5.21546
515 -4.43423 6.47762 5.22579
516 -4.53235 6.53729 5.2208
517 -4.65091 6.60424 5.22023
518 -4.76684 6.66872 5.21969
519 -4.90731 6.74707 5.21973
520 -5.00084 6.79835 5.21995
521 -5.12496 6.86863 5.22032
522 -5.25004 6.93778 5.22122
523 -5.37078 7.00453 5.22081
524 -5.50969 7.07471 5.193
525 -5.64081 7.13365 5.1648
526 -5.77354 7.19726 5.16216
527 -5.91299 7.26459 5.1622
528 -6.04761 7.32959 5.16219
529 -6.15302 7.39621 5.24358
530 -6.24142 7.45501 5.24728
531 -6.35835 7.52527 5.24815
532 -6.50841 7.6122 5.23755
533 -6.64873 7.68303 5.20304
534 -6.80093 7.75135 5.16797
535 -6.92181 7.82817 5.25418
536 -7.05163 7.89609 5.21161
537 -7.20459 7.96318 5.17043
538 -7.34803 8.04686 5.23662
539 -7.48506 8.12516 5.24077
540 -7.65769 8.21378 5.20624
541 -7.79952 8.2908 5.23871
542 -7.95549 8.38014 5.24275
543 -8.07236 8.44583 5.23902
544 -8.23321 8.5421 5.24487
545 -8.33877 8.60454 5.24163
546 -8.47408 8.68659 5.24691
547 -8.60152 8.76059 5.24661
548 -8.75314 8.84692 5.24663
549 -8.87592 8.91922 5.24398
550 -9.01472 9.0034 5.24927
551 -9.13708 9.07555 5.24954
552 -9.23859 9.14031 5.26206
553 -9.34153 9.20858 5.26261
554 -9.44954 9.27614 5.25068
555 -9.59452 9.36467 5.25108
556 -9.74126 9.45421 5.25046
557 -9.87593 9.53703 5.25293
558 -9.98005 9.60448 5.25987
559 -10.0992 9.67999 5.25578
560 -10.2727 9.78621 5.25543
561 -10.4414 9.88748 5.25622
562 -10.6167 9.99315 5.25464
563 -10.7595 10.08 5.25126
564 -10.8803 10.1577 5.26496
565 -11.0175 10.2448 5.25815
566 -11.1824 10.3452 5.26028
567 -11.3215 10.4302 5.25922
568 -11.4702 10.5219 5.2623
569 -11.5709 10.5853 5.27227
570 -11.7132 10.6738 5.26439
571 -11.8227 10.7413 5.27452
572 -11.9403 10.8158 5.26628
573 -12.0765 10.8978 5.26583
574 -12.1991 10.9713 5.2669
575 -12.3079 11.0397 5.2772
576 -12.423 11.1132 5.26953
577 -12.5181 11.1698 5.26909
578 -12.6376 11.2436 5.26926
579 -12.7505 11.3162 5.28203
580 -12.8593 11.388 5.2837
581 -12.9699 11.4615 5.28615
582 -13.0543 11.522 5.28757
583 -13.1595 11.5953 5.28792
584 -13.2484 11.6607 5.29331
585 -13.3327 11.7222 5.29431
586 -13.4257 11.7891 5.29418
587 -13.5175 11.8543 5.29473
588 -13.6261 11.9304 5.29556
589 -13.7382 12.0087 5.29556
590 -13.8634 12.0949 5.29617
591 -13.9835 12.1783 5.30054
592 -14.1174 12.2684 5.29736
593 -14.2418 12.3516 5.2916
594 -14.3694 12.4364 5.29127
595 -14.5106 12.5312 5.2953
596 -14.6484 12.6218 5.29548
597 -14.7867 12.7121 5.29294
598 -14.9172 12.802 5.30426
599 -15.0529 12.896 5.30529
600 -15.1946 12.9907 5.29514
601 -15.333 13.0828 5.29504
602 -15.4719 13.1752 5.29563
603 -15.6109 13.2678 5.29598
604 -15.754 13.3629 5.29633
605 -15.8948 13.4568 5.29677
606 -16.0401 13.5531 5.29579
607 -16.1798 13.6473 5.29791
608 -16.3244 13.7439 5.29832
609 -16.4622 13.8359 5.29906
610 -16.6084 13.9332 5.29825
611 -16.7571 14.0334 5.29928
612 -16.8979 14.1282 5.30022
613 -17.0418 14.2261 5.30328
614 -17.1779 14.3176 5.30359
615 -17.3116 14.4079 5.3036
616 -17.4463 14.4987 5.30417
617 -17.5832 14.5913 5.30525
618 -17.7301 14.6908 5.30567
619 -17.8687 14.7844 5.30611
620 -17.9973 14.8727 5.31136
621 -18.1322 14.9647 5.31516
622 -18.2534 15.0459 5.3155
623 -18.3761 15.1284 5.31594
624 -18.513 15.2207 5.31659
625 -18.6396 15.3054 5.31716
626 -18.7652 15.3897 5.31728
627 -18.8875 15.4719 5.31727
628 -19.0148 15.5575 5.31723
629 -19.133 15.6366 5.31639
630 -19.2655 15.7254 5.31428
631 -19.3983 15.8132 5.31145
632 -19.552 15.9146 5.3083
633 -19.6865 16.0013 5.3046
634 -19.8176 16.0858 5.30011
635 -19.932 16.159 5.29713
636 -20.0539 16.2368 5.29162
637 -20.1966 16.3268 5.28632
638 -20.3299 16.4089 5.28061
639 -20.4496 16.4822 5.2768
640 -20.5626 16.5509 5.27118
641 -20.6888 16.6271 5.26492
642 -20.8114 16.7001 5.26124
643 -20.9613 16.7886 5.25527
644 -21.0791 16.8556 5.24862
645 -21.2025 16.9262 5.24231
646 -21.3121 16.988 5.23773
647 -21.4225 17.051 5.24028
648 -21.5695 17.1309 5.23221
649 -21.717 17.2093 5.22555
650 -21.8502 17.2788 5.22031
651 -21.9896 17.3512 5.21229
652 -22.1368 17.4264 5.20392
653 -22.294 17.5045 5.19391
654 -22.4453 17.5773 5.18293
655 -22.5816 17.6414 5.17327
656 -22.7299 17.7102 5.16051
657 -22.8912 17.7821 5.1468
658 -23.0203 17.837 5.13593
659 -23.1713 17.9018 5.127
660 -23.2841 17.9474 5.11926
661 -23.3935 17.991 5.095
662 -23.4871 18.0255 5.0826
663 -23.6206 18.0764 5.06923
664 -23.7753 18.131 5.04651
665 -23.9085 18.1751 5.03113
666 -24.0465 18.2182 5.01091
667 -24.1959 18.2613 4.98965
668 -24.3199 18.2937 4.96838
669 -24.4612 18.3275 4.94651
670 -24.6002 18.3572 4.92526
671 -24.7335 18.3823 4.90306
672 -24.8608 18.4026 4.88037
673 -24.9737 18.4188 4.86319
674 -25.1042 18.4338 4.8324
675 -25.2292 18.4443 4.80619
676 -25.3426 18.45 4.77953
677 -25.4755 18.4523 4.75307
678 -25.5492 18.4503 4.73492
679 -25.6592 18.4465 4.70852
680 -25.7755 18.441 4.6744
681 -25.8582 18.4297 4.6603
682 -25.9738 18.4185 4.62536
683 -26.0701 18.4025 4.61316
684 -26.2037 18.3814 4.56617
685 -26.2986 18.3587 4.55456
686 -26.4464 18.3388 4.5761
687 -26.581 18.3121 4.55677
688 -26.7024 18.2821 4.52863
689 -26.7637 18.2451 4.44571
690 -26.8721 18.2154 4.47393
691 -26.9391 18.1739 4.3921
692 -26.9863 18.1364 4.37504
693 -27.0893 18.0994 4.41024
694 -27.2014 18.0612 4.40375
695 -27.3239 18.0159 4.39091
696 -27.4402 17.9689 4.37095
697 -27.5487 17.9231 4.35461
698 -27.6524 17.8767 4.33347
699 -27.7596 17.8277 4.3192
700 -27.863 17.7776 4.30162
701 -27.9729 17.7204 4.27563
702 -28.0751 17.6657 4.25981
703 -28.2 17.5977 4.24387
704 -28.302 17.5384 4.22811
705 -28.3975 17.4808 4.20902
706 -28.5042 17.4142 4.19053
707 -28.6168 17.3415 4.17323
708 -28.7195 17.2725 4.15785
709 -28.8276 17.1979 4.14148
710 -28.9378 17.1179 4.12276
711 -28.8732 17.0637 3.96713
712 -28.8331 17.0082 4.11864
713 -28.9903 16.9183 4.1039
714 -29.089 16.8363 4.06258
715 -29.0687 16.7689 3.91122
716 -29.097 16.6731 3.9765
717 -29.2074 16.5808 4.00715
718 -29.2834 16.5103 4.02916
719 -29.4283 16.407 4.01311
720 -29.5337 16.3032 3.97374
721 -29.6029 16.2273 3.97984
722 -29.7408 16.119 3.96247
723 -29.8343 16.0177 3.92544
724 -29.9003 15.9391 3.93084
725 -30.0009 15.8426 3.91574
726 -30.1266 15.7285 3.90669
727 -30.181 15.6492 3.88588
728 -30.2626 15.5593 3.87625
729 -30.3421 15.4713 3.86058
730 -30.4297 15.3738 3.84408
731 -30.4887 15.3037 3.83953
732 -30.5857 15.1977 3.8229
733 -30.6829 15.0827 3.80731
734 -30.7616 14.9865 3.7918
735 -30.8281 14.9009 3.78095
736 -30.8912 14.8197 3.76916
737 -30.9567 14.7337 3.75984
738 -31.0223 14.6433 3.74503
739 -31.0891 14.5474 3.73555
740 -31.1605 14.4428 3.7227
741 -31.216 14.3588 3.70981
742 -31.2701 14.2742 3.70117
743 -31.3255 14.1853 3.689
744 -31.3797 14.0945 3.68049
745 -31.4388 13.9944 3.67215
746 -31.4941 13.8978 3.66052
747 -31.5444 13.8063 3.64867
748 -31.5927 13.7152 3.64023
749 -31.6411 13.6221 3.62947
750 -31.6909 13.5235 3.61793
751 -31.7357 13.4306 3.60998
752 -31.7683 13.361 3.60222
753 -31.8058 13.2791 3.59447
754 -31.8424 13.1978 3.58686
755 -31.8828 13.107 3.57552
756 -31.9259 13.007 3.56672
757 -31.9786 12.8825 3.55014
758 -32.0206 12.7777 3.54179
759 -32.0636 12.6669 3.52839
760 -32.1042 12.5568 3.51536
761 -32.1388 12.4592 3.50128
762 -32.1766 12.3483 3.49149
763 -32.2188 12.2205 3.47708
764 -32.2518 12.1129 3.4616
765 -32.2814 12.0093 3.44572
766 -32.3116 11.9062 3.44724
767 -32.3394 11.802 3.41823
768 -32.3659 11.693 3.40666
769 -32.3931 11.5846 3.40174
770 -32.4202 11.4714 3.38381
771 -32.4443 11.3622 3.36974
772 -32.4693 11.238 3.35013
773 -32.4932 11.1028 3.3235
774 -32.5103 10.9889 3.308
775 -32.5238 10.8808 3.28639
776 -32.5343 10.7703 3.26397
777 -32.5426 10.6578 3.24137
778 -32.5475 10.5556 3.22479
779 -32.5503 10.4498 3.20223
780 -32.5541 10.3689 3.2325
781 -32.5531 10.2669 3.16978
782 -32.5579 10.147 3.20217
783 -32.5487 10.0279 3.11889
784 -32.5462 9.92061 3.15538
785 -32.531 9.80177 3.06522
786 -32.5224 9.6841 3.11051
787 -32.5174 9.55752 3.11635
788 -32.5039 9.40687 3.09356
789 -32.4884 9.27936 3.07432
790 -32.4683 9.14298 3.04828
791 -32.4457 9.00945 3.02301
792 -32.4238 8.89113 3.00554
793 -32.3995 8.76818 2.98856
794 -32.3702 8.64562 2.96033
795 -32.3399 8.52372 2.94129
796 -32.3039 8.39378 2.91987
797 -32.2651 8.2655 2.89604
798 -32.228 8.15088 2.8758
799 -32.1913 8.04182 2.8593
800 -32.1498 7.92978 2.83541
801 -32.0987 7.79458 2.81696
802 -32.0488 7.67898 2.79272
803 -32.0002 7.57019 2.7696
804 -31.9527 7.46652 2.75339
805 -31.9034 7.36371 2.7346
806 -31.8483 7.25586 2.71419
807 -31.7921 7.15178 2.6912
808 -31.7377 7.05368 2.67551
809 -31.6805 6.95419 2.65862
810 -31.6234 6.85909 2.64165
811 -31.5617 6.76378 2.61481
812 -31.4997 6.66923 2.59874
813 -31.4358 6.57494 2.58386
814 -31.3698 6.48488 2.55846
815 -31.2985 6.38791 2.54266
816 -31.2191 6.28321 2.52809
817 -31.138 6.18379 2.50418
818 -31.0711 6.10456 2.48655
819 -30.997 6.01918 2.46618
820 -30.9204 5.93325 2.44944
821 -30.8468 5.85336 2.43297
822 -30.7739 5.77593 2.41996
823 -30.7152 5.72771 2.41891
824 -30.6277 5.54252 2.39065
825 -30.5475 5.40302 2.36465
826 -30.4621 5.27732 2.33938
827 -30.3857 5.18198 2.31683
828 -30.3122 5.10395 2.2958
829 -30.2396 5.03724 2.28087
830 -30.1697 4.97719 2.26256
831 -30.0929 4.91416 2.24479
832 -30.0126 4.85509 2.22816
833 -29.9338 4.80215 2.21677
834 -29.859 4.75449 2.20331
835 -29.7721 4.69938 2.19001
836 -29.6892 4.65087 2.17832
837 -29.6063 4.60448 2.17029
838 -29.5262 4.5603 2.16512
839 -29.4375 4.51069 2.15244
840 -29.3497 4.46463 2.14662
841 -29.2546 4.41498 2.13991
842 -29.1608 4.36687 2.13564
843 -29.0516 4.3092 2.13119
844 -28.9694 4.27517 2.15794
845 -28.8765 4.22564 2.15645
846 -28.7675 4.16113 2.12729
847 -28.7003 4.13335 2.15461
848 -28.6315 4.09723 2.156
849 -28.5403 4.04686 2.15593
850 -28.4555 3.99953 2.15628
851 -28.3602 3.94567 2.15704
852 -28.2575 3.88579 2.15725
853 -28.163 3.83177 2.15832
854 -28.0682 3.77658 2.15838
855 -27.9628 3.71408 2.15941
856 -27.8469 3.64388 2.15925
857 -27.7519 3.58678 2.15973
858 -27.66 3.53117 2.16049
859 -27.5602 3.47033 2.15984
860 -27.4692 3.41489 2.15948
861 -27.3733 3.3554 2.15762
862 -27.278 3.29607 2.16116
863 -27.1765 3.23311 2.16033
864 -27.0648 3.16275 2.16215
865 -26.9634 3.09823 2.16331
866 -26.8512 3.02684 2.16399
867 -26.7456 2.95871 2.16486
868 -26.6273 2.8825 2.16541
869 -26.5325 2.82165 2.16479
870 -26.4245 2.75196 2.16406
871 -26.3117 2.67829 2.16725
872 -26.1966 2.60235 2.16845
873 -26.0877 2.5237 2.18777
874 -25.9708 2.4404 2.18817
875 -25.8476 2.35341 2.18807
876 -25.7305 2.27052 2.1866
877 -25.6192 2.19179 2.18626
878 -25.5026 2.10909 2.18603
879 -25.3936 2.03137 2.18557
880 -25.2681 1.94287 2.18521
881 -25.145 1.8557 2.18458
882 -25.0167 1.76528 2.18452
883 -24.8878 1.67523 2.18366
884 -24.7646 1.58873 2.18359
885 -24.6317 1.49538 2.18224
886 -24.5156 1.41375 2.18157
887 -24.3827 1.3204 2.18096
888 -24.261 1.23541 2.18061
889 -24.123 1.13919 2.18028
890 -23.9904 1.04671 2.17912
891 -23.8453 0.945473 2.17903
892 -23.7157 0.855693 2.17867
893 -23.5721 0.756209 2.17791
894 -23.4187 0.649912 2.17766
895 -23.2877 0.559296 2.17659
896 -23.1503 0.464403 2.17571
897 -23.0114 0.368575 2.17452
898 -22.8801 0.278104 2.17472
899 -22.7384 0.180688 2.17408
900 -22.6004 0.0860136 2.17215
901 -22.4584 -0.0111162 2.17034
902 -22.3203 -0.105908 2.1712
903 -22.1905 -0.194722 2.16914
904 -22.0511 -0.290137 2.16658
905 -21.9148 -0.386596 2.17755
906 -21.7731 -0.485519 2.17131
907 -21.6194 -0.590162 2.17053
908 -21.4664 -0.694092 2.1691
909 -21.318 -0.794881 2.16915
910 -21.1497 -0.908802 2.16838
911 -20.9871 -1.01838 2.16604
912 -20.8059 -1.14012 2.16437
913 -20.6532 -1.24221 2.16197
914 -20.489 -1.35171 2.16157
915 -20.337 -1.45295 2.16018
916 -20.1885 -1.55145 2.15868
917 -20.0363 -1.65191 2.15572
918 -19.8749 -1.75793 2.15297
919 -19.7186 -1.86022 2.15191
920 -19.558 -1.96529 2.15132
921 -19.4049 -2.06469 2.14856
922 -19.2512 -2.16442 2.14747
923 -19.0984 -2.26291 2.14467
924 -18.9329 -2.36928 2.14334
925 -18.7801 -2.46675 2.14012
926 -18.6249 -2.56487 2.13692
927 -18.467 -2.66247 2.13167
928 -18.3112 -2.76048 2.13447
929 -18.1496 -2.86164 2.13236
930 -17.9918 -2.9581 2.12687
931 -17.8238 -3.06103 2.12475
932 -17.6673 -3.15663 2.1229
933 -17.5108 -3.25249 2.12152
934 -17.3798 -3.33267 2.12118
935 -17.2553 -3.40819 2.11792
936 -17.0881 -3.51013 2.11861
937 -16.9276 -3.60663 2.11611
938 -16.7704 -3.70104 2.11482
939 -16.618 -3.79239 2.11365
940 -16.4594 -3.88714 2.11209
941 -16.278 -3.99541 2.11111
942 -16.1211 -4.08892 2.11051
943 -15.9333 -4.20071 2.10979
944 -15.7725 -4.29593 2.10851
945 -15.6179 -4.38755 2.10768
946 -15.4578 -4.48229 2.10689
947 -15.2871 -4.58311 2.10628
948 -15.1169 -4.68365 2.10591
949 -14.9608 -4.77563 2.10526
950 -14.7872 -4.87799 2.10487
951 -14.5989 -4.98868 2.10419
952 -14.4328 -5.08602 2.10311
953 -14.266 -5.18356 2.10205
954 -14.1045 -5.27808 2.10174
955 -13.969 -5.35728 2.10129
956 -13.8391 -5.43301 2.10048
957 -13.6773 -5.52733 2.09983
958 -13.4811 -5.64163 2.0995
959 -13.2787 -5.75922 2.09886
960 -13.1081 -5.85814 2.09819
961 -12.9363 -5.95761 2.09747
962 -12.764 -6.05753 2.09731
963 -12.5981 -6.15352 2.0968
964 -12.4228 -6.25512 2.09685
965 -12.2512 -6.35424 2.09622
966 -12.0845 -6.45056 2.0959
967 -11.9089 -6.55204 2.09577
968 -11.747 -6.64534 2.09519
969 -11.5849 -6.73876 2.09482
970 -11.5205 -6.79277 2.16543
971 -11.5743 -6.77414 2.15804
972 -11.5279 -6.81794 2.15738
973 -11.4814 -6.86126 2.1564
974 -11.3706 -6.94389 2.15578
975 -11.253 -7.02734 2.14901
976 -11.1336 -7.10888 2.1543
977 -11.0162 -7.19271 2.15437
978 -10.9131 -7.26665 2.1541
979 -10.8327 -7.32391 2.13965
980 -10.7107 -7.40712 2.13915
981 -10.596 -7.48875 2.15232
982 -10.4781 -7.56828 2.13815
983 -10.3712 -7.64327 2.1517
984 -10.2326 -7.73544 2.13796
985 -10.0813 -7.83522 2.13789
986 -9.94997 -7.92282 2.13775
987 -9.81816 -8.01045 2.13793
988 -9.6912 -8.0947 2.13741
989 -9.56093 -8.18136 2.13739
990 -9.41995 -8.27379 2.13763
991 -9.27193 -8.37055 2.13748
992 -9.12875 -8.46423 2.13758
993 -8.99607 -8.55125 2.13694
994 -8.84624 -8.65328 2.14974
995 -8.70168 -8.75086 2.15015
996 -8.53607 -8.86098 2.14946
997 -8.39181 -8.95727 2.14854
998 -8.23036 -9.0642 2.14826
999 -8.05836 -9.17807 2.14756
1000 -7.90358 -9.28041 2.14771
1001 -7.76203 -9.3744 2.1473
1002 -7.61107 -9.47451 2.14684
1003 -7.45251 -9.57908 2.14685
1004 -7.28755 -9.68782 2.14616
1005 -7.1383 -9.78579 2.14605
1006 -6.98526 -9.88635 2.14539
1007 -6.82844 -9.98938 2.14459
1008 -6.65407 -10.1033 2.14355
1009 -6.50486 -10.2004 2.1423
1010 -6.33883 -10.3083 2.14111
1011 -6.17583 -10.4137 2.13978
1012 -5.99081 -10.5329 2.13817
1013 -5.83482 -10.6326 2.13643
1014 -5.67416 -10.7352 2.13422
1015 -5.51839 -10.8339 2.13071
1016 -5.34993 -10.937 2.12851
1017 -5.20102 -11.0303 2.12525
1018 -5.02827 -11.1381 2.12219
1019 -4.87852 -11.23 2.11767
1020 -4.71055 -11.3325 2.11308
1021 -4.54534 -11.4319 2.10833
1022 -4.3669 -11.5379 2.10254
1023 -4.19625 -11.6375 2.09652
1024 -4.03277 -11.7313 2.08889
1025 -3.88346 -11.8159 2.08164
1026 -3.76493 -11.8826 2.07565
1027 -3.6114 -11.9677 2.06723
1028 -3.46495 -12.0464 2.05755
1029 -3.31165 -12.1272 2.04973
1030 -3.15835 -12.2054 2.03783
1031 -2.9991 -12.2838 2.02389
1032 -2.80805 -12.3719 2.00867
1033 -2.62924 -12.4507 1.9932
1034 -2.41942 -12.5394 1.97525
1035 -2.2436 -12.6092 1.95716
1036 -2.05826 -12.6805 1.94063
1037 -1.87197 -12.7469 1.91456
1038 -1.71373 -12.8003 1.89676
1039 -1.55256 -12.8551 1.89076
1040 -1.40049 -12.888 1.84577
1041 -1.25227 -12.9284 1.83749
1042 -1.06196 -12.9822 1.83333
1043 -0.899592 -13.0076 1.78914
1044 -0.76671 -13.0218 1.75422
1045 -0.597661 -13.0473 1.72222
1046 -0.432447 -13.0773 1.73408
1047 -0.274462 -13.0791 1.66458
1048 -0.0804622 -13.1039 1.6833
1049 0.0953328 -13.1075 1.64707
1050 0.252777 -13.1045 1.61778
1051 0.391441 -13.101 1.60034
1052 0.517309 -13.0704 1.50453
1053 0.638606 -13.0485 1.49532
1054 0.80678 -13.0426 1.51464
1055 0.971845 -13.0203 1.48372
1056 1.11154 -12.9947 1.45431
1057 1.25902 -12.9642 1.42471
1058 1.41306 -12.9285 1.399
1059 1.58439 -12.8866 1.37948
1060 1.7465 -12.8381 1.34708
1061 1.89122 -12.7914 1.32172
1062 2.03269 -12.7413 1.29332
1063 2.18888 -12.6811 1.26179
1064 2.34403 -12.6177 1.23762
1065 2.50018 -12.5473 1.21001
1066 2.65358 -12.4746 1.18569
1067 2.79802 -12.3982 1.15201
1068 2.95098 -12.3165 1.12998
1069 3.08546 -12.2355 1.09818
1070 3.22321 -12.1523 1.07821
1071 3.36075 -12.0603 1.04191
1072 3.48993 -11.9733 1.02616
1073 3.62941 -11.872 0.996094
1074 3.75136 -11.7791 0.972193
1075 3.84255 -11.7063 0.952549
1076 3.96028 -11.6134 0.934103
1077 4.0834 -11.5125 0.918944
1078 4.20755 -11.4033 0.895205
1079 4.34001 -11.2845 0.87638
1080 4.46682 -11.1671 0.861415
1081 4.58753 -11.0512 0.843881
1082 4.70712 -10.931 0.822689
1083 4.83277 -10.8032 0.808592
1084 4.95779 -10.6719 0.792275
1085 5.07409 -10.5473 0.779866
1086 4.90579 -10.5264 0.780411
1087 4.87545 -10.4835 0.774762
1088 4.89137 -10.4186 0.763824
1089 4.88313 -10.3723 0.735476
1090 4.93583 -10.2877 0.74598
1091 4.98677 -10.2153 0.736483
1092 5.03081 -10.1419 0.71386
1093 5.06423 -10.0891 0.708193
1094 5.12585 -10.0089 0.701715
1095 5.20884 -9.90933 0.701743
1096 5.28048 -9.81936 0.694899
1097 5.35771 -9.72103 0.688487
1098 5.42262 -9.63201 0.669181
1099 5.50478 -9.5228 0.660687
1100 5.58614 -9.41155 0.654823
1101 5.67973 -9.28603 0.652754
1102 5.77752 -9.14758 0.640553
1103 5.88224 -8.99924 0.635827
1104 5.96466 -8.87974 0.630306
1105 6.05062 -8.75385 0.626864
1106 6.13448 -8.63133 0.621874
1107 6.21306 -8.51497 0.618544
1108 6.29762 -8.38989 0.615059
1109 6.38848 -8.2545 0.610067
1110 6.48035 -8.11608 0.607247
1111 6.58482 -7.9647 0.60091
1112 6.68879 -7.81073 0.596618
1113 6.78876 -7.66072 0.592315
1114 6.88714 -7.5111 0.589241
1115 6.98387 -7.36282 0.585779
1116 7.07979 -7.21432 0.582103
1117 7.17508 -7.06572 0.57978
1118 7.2714 -6.91429 0.576356
1119 7.38385 -6.73607 0.572816
1120 7.48846 -6.56922 0.570871
1121 7.58756 -6.40987 0.567767
1122 7.69515 -6.23611 0.565627
1123 7.79356 -6.07604 0.561701
1124 7.89091 -5.9166 0.560402
1125 7.97555 -5.77662 0.557257
1126 8.07603 -5.60925 0.552276
1127 8.15981 -5.46932 0.552802
1128 8.25128 -5.31607 0.549816
1129 8.33671 -5.17181 0.5472
1130 8.43534 -5.00499 0.545916
1131 8.52599 -4.85841 0.555312
1132 8.6182 -4.6967 0.528262
1133 8.7114 -4.53325 0.531861
1134 8.797 -4.38257 0.529992
1135 8.89019 -4.21933 0.531125
1136 8.9737 -4.0726 0.528887
1137 9.06313 -3.91454 0.525392
1138 9.15162 -3.76883 0.542059
1139 9.26968 -3.58437 0.557012
1140 9.36973 -3.42397 0.557719
1141 9.47241 -3.25925 0.557988
1142 9.57762 -3.08977 0.557136
1143 9.6878 -2.91215 0.556438
1144 9.7902 -2.74733 0.556488
1145 9.89825 -2.57335 0.556377
1146 10.0016 -2.40702 0.556333
1147 10.1149 -2.22455 0.556339
1148 10.2333 -2.03318 0.55558
1149 10.3291 -1.87854 0.555361
1150 10.4347 -1.70809 0.55519
1151 10.5298 -1.55393 0.554276
1152 10.6299 -1.39181 0.554067
1153 10.7432 -1.20905 0.554642
1154 10.8423 -1.04865 0.554365
1155 10.9547 -0.866772 0.55384
1156 11.0612 -0.694858 0.554338
1157 11.1727 -0.515019 0.554497
1158 11.2758 -0.348798 0.554832
1159 11.3918 -0.162561 0.555815
1160 11.4877 -0.00831266 0.555835
1161 11.5885 0.153337 0.556727
1162 11.6846 0.307332 0.557048
1163 11.7084 0.324598 0.565607
1164 11.8229 0.506384 0.561704
1165 11.8431 0.517496 0.567469
1166 11.9555 0.695621 0.562893
1167 12.0524 0.851557 0.55945
1168 12.0821 0.877757 0.568123
1169 12.1438 0.955975 0.571009
1170 12.2594 1.13802 0.565673
1171 12.3698 1.31544 0.561114
1172 12.4201 1.37617 0.571941
1173 12.4987 1.48245 0.573695
1174 12.5657 1.57382 0.575819
1175 12.6327 1.66306 0.576395
1176 12.703 1.75871 0.576361
1177 12.7751 1.85837 0.578167
1178 12.8541 1.96948 0.578124
1179 12.9385 2.08933 0.579174
1180 13.0153 2.19793 0.579297
1181 13.0932 2.30862 0.579028
1182 13.1521 2.39046 0.579564
1183 13.2418 2.51954 0.579182
1184 13.325 2.6396 0.580534
1185 13.4148 2.76999 0.579884
1186 13.507 2.90369 0.581594
1187 13.6004 3.04045 0.580318
1188 13.7056 3.20333 0.574277
1189 13.7883 3.32434 0.580508
1190 13.8901 3.47355 0.581547
1191 13.9774 3.60102 0.580959
1192 14.0631 3.72565 0.580292
1193 14.1534 3.85765 0.581857
1194 14.2495 3.99892 0.580363
1195 14.3517 4.14944 0.581391
1196 14.4378 4.27558 0.58044
1197 14.5301 4.4109 0.582019
1198 14.6176 4.5399 0.581076
1199 14.7091 4.67499 0.579724
1200 14.7991 4.80712 0.582183
1201 14.9059 4.9662 0.578808
1202 14.9959 5.09883 0.581177
1203 15.0719 5.18955 0.646294
1204 15.1272 5.23708 0.658026
1205 15.201 5.32317 0.617166
1206 15.2975 5.44753 0.654489
1207 15.3745 5.53082 0.653232
1208 15.4527 5.6172 0.651321
1209 15.5293 5.70475 0.649233
1210 15.6147 5.80772 0.644579
1211 15.6951 5.9069 0.643596
1212 15.7735 6.00552 0.639958
1213 15.8613 6.11796 0.639139
1214 15.9588 6.24668 0.634844
1215 16.0462 6.36367 0.634062
1216 16.1421 6.4933 0.631028
1217 16.2283 6.61066 0.631142
1218 16.325 6.7436 0.627495
1219 16.4118 6.86268 0.63216
1220 16.4966 6.98107 0.626136
1221 16.5854 7.10703 0.619203
1222 16.6787 7.23935 0.619499
1223 16.7645 7.36865 0.60107
1224 16.8614 7.52067 0.584556
1225 16.9652 7.65807 0.641985
1226 17.0725 7.80577 0.650679
1227 17.1623 7.93206 0.651144
1228 17.2582 8.06434 0.651637
1229 17.3576 8.20139 0.651616
1230 17.4463 8.32487 0.651805
1231 17.5368 8.44977 0.652251
1232 17.6464 8.59939 0.652665
1233 17.7323 8.71934 0.652896
1234 17.8335 8.85772 0.652774
1235 17.9213 8.97897 0.6529
1236 18.0282 9.12412 0.653436
1237 18.1184 9.24815 0.654012
1238 18.2244 9.39199 0.654088
1239 18.3267 9.53227 0.653479
1240 18.4294 9.67291 0.653246
1241 18.531 9.81169 0.652941
1242 18.6213 9.93472 0.653496
1243 18.7425 10.0979 0.653494
1244 18.8366 10.2279 0.653135
1245 18.9348 10.3615 0.652904
1246 19.0325 10.4942 0.6526
1247 19.137 10.6361 0.652158
1248 19.2361 10.7713 0.652315
1249 19.344 10.9178 0.65228
1250 19.4414 11.05 0.653107
1251 19.5458 11.1912 0.653678
1252 19.6455 11.3261 0.65345
1253 19.7516 11.4696 0.652853
1254 19.8439 11.5952 0.653021
1255 19.9142 11.691 0.653492
1256 19.9974 11.8018 0.653643
1257 20.0942 11.9313 0.653499
1258 20.2001 12.0736 0.653708
1259 20.2892 12.1946 0.653645
1260 20.3855 12.3242 0.653335
1261 20.4946 12.4705 0.65364
1262 20.5988 12.6059 0.655475
1263 20.7261 12.7715 0.655546
1264 20.8248 12.8996 0.656017
1265 20.9317 13.0387 0.655703
1266 21.0536 13.1971 0.656161
1267 21.1537 13.3276 0.654559
1268 21.2547 13.4595 0.653887
1269 21.351 13.5854 0.65356
1270 21.4496 13.7142 0.653817
1271 21.5475 13.842 0.654173
1272 21.6406 13.9634 0.65467
1273 21.7403 14.0933 0.655065
1274 21.856 14.244 0.655246
1275 21.9529 14.3701 0.655907
1276 22.0564 14.5044 0.656588
1277 22.1476 14.6231 0.656086
1278 22.2488 14.7544 0.656868
1279 22.3521 14.8883 0.657342
1280 22.4453 15.009 0.658031
1281 22.5384 15.1296 0.658645
1282 22.6344 15.2537 0.659001
1283 22.7263 15.3729 0.657757
1284 22.8179 15.4917 0.657345
1285 22.911 15.6126 0.656815
1286 23.0162 15.7496 0.656169
1287 23.1123 15.8748 0.655343
1288 23.2173 16.0114 0.655615
1289 23.314 16.1373 0.655777
1290 23.4186 16.2737 0.655082
1291 23.5128 16.3964 0.654908
1292 23.6131 16.5276 0.653287
1293 23.7123 16.6572 0.65403
1294 23.8101 16.7848 0.65395
1295 23.9026 16.9055 0.654632
1296 23.9904 17.0201 0.654792
1297 24.0886 17.1485 0.6537
1298 24.1776 17.2648 0.653916
1299 24.2683 17.3835 0.65244
1300 24.3545 17.4965 0.652187
1301 24.4382 17.6063 0.652077
1302 24.5271 17.7225 0.653222
1303 24.6214 17.8461 0.652365
1304 24.7057 17.9566 0.651732
1305 24.795 18.0739 0.651817
1306 24.8847 18.1922 0.649571
1307 24.977 18.3139 0.648745
1308 25.0654 18.4308 0.648571
1309 25.1563 18.5514 0.64673
1310 25.2375 18.659 0.646759
1311 25.3157 18.7625 0.648039
1312 25.3841 18.8528 0.648773
1313 25.4694 18.9668 0.645996
1314 25.5459 19.0708 0.64102
1315 25.6255 19.1776 0.642137
1316 25.7096 19.2901 0.642726
1317 25.7708 19.3724 0.640183
1318 25.8283 19.45 0.638103
1319 25.9028 19.5506 0.637671
1320 25.9826 19.6594 0.636265
1321 26.0602 19.765 0.635699
1322 26.1469 19.8844 0.631149
1323 26.2365 20.0077 0.631375
1324 26.3088 20.1065 0.632609
1325 26.3878 20.2138 0.634214
1326 26.4653 20.3188 0.636054
1327 26.5284 20.4041 0.637229
1328 26.5998 20.5001 0.638641
1329 26.6565 20.5764 0.639828
1330 26.7322 20.6778 0.641095
1331 26.8093 20.7807 0.642894
1332 26.8949 20.8946 0.644391
1333 26.9775 21.0042 0.645952
1334 27.0531 21.1042 0.647473
1335 27.1321 21.2084 0.64884
1336 27.2107 21.3117 0.650043
1337 27.293 21.4197 0.651596
1338 27.3762 21.5286 0.652533
1339 27.4576 21.6348 0.653557
1340 27.534 21.7343 0.65468
1341 27.6259 21.8538 0.655712
1342 27.7177 21.9728 0.656936
1343 27.7976 22.0762 0.658161
1344 27.8771 22.1787 0.659296
1345 27.9703 22.2987 0.66054
1346 28.0623 22.4169 0.661758
1347 28.1434 22.5207 0.662946
1348 28.2356 22.6385 0.664094
1349 28.3167 22.742 0.665098
1350 28.4031 22.8519 0.666084
1351 28.4852 22.9561 0.667139
1352 28.5644 23.0565 0.667933
1353 28.6522 23.1676 0.668818
1354 28.7403 23.2787 0.669928
1355 28.8291 23.3907 0.670824
1356 28.9021 23.4825 0.671704
1357 29.0028 23.609 0.6724
1358 29.0906 23.7191 0.673284
1359 29.179 23.8297 0.673874
1360 29.2825 23.9592 0.674627
1361 29.3667 24.0643 0.675258
1362 29.4708 24.194 0.676262
1363 29.5656 24.312 0.676885
1364 29.6643 24.4347 0.677604
1365 29.7657 24.5604 0.67844
1366 29.8619 24.6796 0.679128
1367 29.954 24.7936 0.679793
1368 30.0685 24.9349 0.680796
1369 30.1695 25.0595 0.681384
1370 30.2606 25.1717 0.682016
1371 30.3345 25.2626 0.682653
1372 30.4327 25.3831 0.683368
1373 30.5546 25.5327 0.683913
1374 30.6574 25.6587 0.684432
1375 30.7296 25.7471 0.684977
1376 30.8323 25.8726 0.68549
1377 30.921 25.9809 0.685899
1378 31.0013 26.079 0.686224
1379 31.0831 26.1789 0.686454
1380 31.1743 26.2902 0.686668
1381 31.2448 26.376 0.686855
1382 31.3323 26.4828 0.687037
1383 31.4302 26.602 0.687229
1384 31.5207 26.7123 0.68734
1385 31.5962 26.8042 0.687463
1386 31.6963 26.9261 0.687589
1387 31.7808 27.029 0.687682
1388 31.8503 27.1136 0.687797
1389 31.9425 27.2257 0.687981
1390 32.0291 27.3311 0.688205
1391 32.1002 27.4175 0.688426
1392 32.2037 27.5432 0.68869
1393 32.2819 27.6383 0.688876
1394 32.3619 27.7353 0.68903
1395 32.4408 27.8311 0.689163
1396 32.5106 27.9157 0.689349
1397 32.603 28.0279 0.689536
1398 32.6801 28.1214 0.689665
1399 32.7488 28.2045 0.689828
1400 32.8511 28.3286 0.690009
1401 32.9123 28.4026 0.690167
1402 32.9938 28.5014 0.690412
1403 33.0627 28.5848 0.690568
1404 33.1328 28.6695 0.690796
1405 33.2187 28.7734 0.690981
1406 33.2888 28.8581 0.691207
1407 33.3684 28.9542 0.691464
1408 33.4665 29.0727 0.691673
1409 33.5304 29.1498 0.69184
1410 33.6085 29.2441 0.692085
1411 33.695 29.3485 0.692248
1412 33.7613 29.4283 0.692493
1413 33.8542 29.5403 0.692735
1414 33.9384 29.6416 0.692931
1415 34.0099 29.7277 0.693175
1416 34.1122 29.8508 0.693483
1417 34.1821 29.9348 0.693807
1418 34.265 30.0345 0.694113
1419 34.3442 30.1295 0.694387
1420 34.405 30.2025 0.694645
1421 34.4773 30.2893 0.694949
1422 34.5453 30.3708 0.695195
1423 34.6261 30.4676 0.695539
1424 34.7038 30.5607 0.695888
1425 34.7722 30.6424 0.696253
1426 34.8632 30.7512 0.696724
1427 34.926 30.8262 0.697087
1428 35.0045 30.9199 0.697573
1429 35.0889 31.0205 0.697985
1430 35.1543 31.0984 0.698363
1431 35.2241 31.1815 0.698651
1432 35.2859 31.255 0.69899
1433 35.3575 31.3401 0.699277
1434 35.4179 31.4119 0.699607
1435 35.4848 31.4913 0.699879
1436 35.5468 31.5649 0.700178
1437 35.6245 31.6571 0.700469
1438 35.6807 31.7238 0.7007
1439 35.7406 31.7947 0.700979
1440 35.8071 31.8735 0.701216
1441 35.8812 31.9611 0.7015
1442 35.9391 32.0297 0.701774
1443 36.0026 32.1048 0.702055
1444 36.0667 32.1805 0.702293
1445 36.13 32.2553 0.702547
1446 36.1893 32.3252 0.702816
1447 36.2529 32.4002 0.703141
1448 36.3149 32.4734 0.703365
1449 36.3692 32.5374 0.703575
1450 36.428 32.6066 0.703807
1451 36.4888 32.6783 0.704071
1452 36.5423 32.7412 0.704321
1453 36.5842 32.7905 0.704483
1454 36.6317 32.8464 0.704657
1455 36.6672 32.8881 0.704823
1456 36.6996 32.9262 0.704982
1457 36.7303 32.9623 0.705079
1458 36.7653 33.0033 0.705178
1459 36.7929 33.0358 0.705279
1460 36.8059 33.051 0.705326
1461 36.8124 33.0587 0.705347
1462 36.8179 33.0652 0.705361
1463 36.8227 33.0709 0.705377
1464 36.82 33.0676 0.70538
1465 36.8144 33.061 0.705367
1466 36.8091 33.0549 0.705349
1467 36.8066 33.0519 0.705338
1468 36.8066 33.0519 0.705335
1469 36.8074 33.0529 0.705338
1470 36.808 33.0535 0.705342
1471 36.808 33.0535 0.705343
1472 36.808 33.0535 0.705343
1473 36.808 33.0535 0.705343
1474 36.808 33.0535 0.705343
1475 36.808 33.0535 0.705343
1476 36.808 33.0535 0.705343
1477 36.808 33.0535 0.705343
1478 36.808 33.0535 0.705343
1479 36.808 33.0535 0.705343
1480 36.808 33.0535 0.705343
1481 36.808 33.0535 0.705343
1482 36.808 33.0535 0.705343
1483 36.808 33.0535 0.705343
1484 36.808 33.0535 0.705343
1485 36.808 33.0535 0.705343
1486 36.808 33.0535 0.705343
1487 36.808 33.0535 0.705343
1488 36.808 33.0535 0.705343
1489 36.808 33.0535 0.705343
1490 36.808 33.0535 0.705343
1491 36.808 33.0535 0.705343
1492 36.808 33.0535 0.705343
1493 36.808 33.0535 0.705343
1494 36.808 33.0535 0.705343
1495 36.808 33.0535 0.705343
1496 36.808 33.0535 0.705343
1497 36.808 33.0535 0.705343
1498 36.808 33.0535 0.705343
1499 36.808 33.0535 0.705343
1500 36.808 33.0535 0.705343
1501 36.808 33.0535 0.705343
1502 36.808 33.0535 0.705343
1503 36.808 33.0535 0.705343
1504 36.808 33.0535 0.705343
1505 36.808 33.0535 0.705343
1506 36.808 33.0535 0.705343
1507 36.808 33.0535 0.705343
1508 36.808 33.0535 0.705343
1509 36.808 33.0535 0.705343
1510 36.808 33.0535 0.705343
1511 36.808 33.0535 0.705343
1512 36.808 33.0535 0.705343
