0 2.42921 1.7153 5.29295
1 2.43407 1.71068 5.29484
2 2.43482 1.70916 5.29336
3 2.44062 1.70402 5.29556
4 2.44844 1.69778 5.29609
5 2.44584 1.69848 5.29397
6 2.45167 1.69337 5.29652
7 2.44703 1.69542 5.29422
8 2.44363 1.6965 5.29424
9 2.44729 1.69274 5.29665
10 2.44716 1.6919 5.29452
11 2.45221 1.68731 5.29722
12 2.45049 1.68754 5.29478
13 2.45516 1.68322 5.29764
14 2.46096 1.67835 5.29811
15 2.4554 1.68115 5.29527
16 2.44153 1.6892 5.29499
17 2.44277 1.68726 5.29747
18 2.43756 1.68986 5.29507
19 2.43765 1.68866 5.29744
20 2.42506 1.69612 5.29502
21 2.41749 1.70007 5.29694
22 2.4113 1.70339 5.29713
23 2.39221 1.71531 5.29482
24 2.36395 1.73303 5.29445
25 2.33377 1.75202 5.29406
26 2.30191 1.77203 5.29468
27 2.27099 1.79196 5.29356
28 2.22543 1.82095 5.29181
29 2.18752 1.84497 5.29274
30 2.13945 1.87617 5.29203
31 2.08942 1.90836 5.29151
32 2.03806 1.9413 5.29044
33 1.99468 1.96951 5.29078
34 1.9471 2.00041 5.29018
35 1.89166 2.03646 5.28929
36 1.82993 2.07638 5.28956
37 1.75538 2.12449 5.28856
38 1.68681 2.16863 5.28689
39 1.62656 2.20789 5.28571
40 1.55432 2.25468 5.28721
41 1.47233 2.30855 5.28641
42 1.37736 2.37075 5.2851
43 1.29703 2.42264 5.28463
44 1.21554 2.47601 5.28413
45 1.11706 2.53907 5.28159
46 1.0426 2.58827 5.28286
47 0.966996 2.63792 5.2834
48 0.895386 2.68389 5.28299
49 0.828148 2.72685 5.28332
50 0.748661 2.77767 5.28321
51 0.669417 2.82842 5.28286
52 0.598129 2.87501 5.28324
53 0.530223 2.91936 5.28255
54 0.453143 2.96976 5.28334
55 0.367956 3.02431 5.28282
56 0.297415 3.07044 5.28234
57 0.213956 3.12494 5.28309
58 0.12966 3.17919 5.28277
59 0.0389318 3.2374 5.28275
60 -0.0454522 3.29162 5.28269
61 -0.138426 3.35132 5.2829
62 -0.224524 3.40681 5.28317
63 -0.312863 3.46365 5.28336
64 -0.40353 3.522 5.28354
65 -0.473775 3.56703 5.28312
66 -0.569807 3.6284 5.28347
67 -0.666033 3.69048 5.28356
68 -0.745381 3.74162 5.2831
69 -0.844602 3.80525 5.2829
70 -0.917996 3.85238 5.28214
71 -1.00521 3.908 5.28273
72 -1.08378 3.95849 5.28292
73 -1.17564 4.01733 5.28076
74 -1.24513 4.06224 5.28492
75 -1.33325 4.11887 5.28444
76 -1.39728 4.1598 5.28344
77 -1.4829 4.21414 5.28073
78 -1.55672 4.26261 5.28452
79 -1.63195 4.31107 5.28419
80 -1.70788 4.35983 5.28434
81 -1.79412 4.41531 5.28453
82 -1.86928 4.46364 5.28346
83 -1.93871 4.50775 5.28321
84 -2.01856 4.55843 5.28187
85 -2.09965 4.61058 5.28279
86 -2.16677 4.6544 5.28159
87 -2.24352 4.7037 5.28196
88 -2.30798 4.74554 5.27944
89 -2.38498 4.79444 5.28225
90 -2.46492 4.84627 5.28442
91 -2.52993 4.88897 5.28308
92 -2.60719 4.93861 5.28102
93 -2.66522 4.9758 5.28041
94 -2.7503 5.03063 5.28703
95 -2.82732 5.08118 5.28215
96 -2.8964 5.12579 5.2809
97 -2.99061 5.18634 5.28363
98 -3.06327 5.2337 5.28309
99 -3.15677 5.29435 5.28348
100 -3.24168 5.34997 5.28454
101 -3.31607 5.39798 5.2762
102 -3.39564 5.4504 5.27705
103 -3.47323 5.502 5.27933
104 -3.55551 5.55634 5.27832
105 -3.64792 5.61746 5.27925
106 -3.72774 5.67103 5.28099
107 -3.81374 5.72799 5.27937
108 -3.88619 5.77706 5.27383
109 -3.98086 5.83908 5.27408
110 -4.06365 5.89421 5.27595
111 -4.13467 5.9401 5.26546
112 -4.23584 6.0059 5.26547
113 -4.31963 6.06146 5.26466
114 -4.40138 6.11531 5.26477
115 -4.49432 6.1757 5.26465
116 -4.58764 6.23637 5.26393
117 -4.68835 6.30166 5.26364
118 -4.79289 6.36956 5.26341
119 -4.87933 6.42643 5.2637
120 -4.96086 6.47969 5.26391
121 -5.03848 6.53037 5.26414
122 -5.12875 6.58859 5.26446
123 -5.26228 6.67805 5.28711
124 -5.3699 6.75561 5.30894
125 -5.4707 6.82425 5.3096
126 -5.57968 6.89834 5.3096
127 -5.69017 6.97341 5.3095
128 -5.80652 7.05269 5.31011
129 -5.93088 7.13727 5.30995
130 -6.05934 7.22471 5.31005
131 -6.17598 7.30414 5.3102
132 -6.29053 7.38223 5.31048
133 -6.41834 7.46939 5.31071
134 -6.53606 7.54956 5.31049
135 -6.66769 7.63123 5.2673
136 -6.7811 7.70757 5.28904
137 -6.90824 7.79826 5.31132
138 -7.01417 7.8708 5.31198
139 -7.08998 7.91733 5.26577
140 -7.16484 7.96473 5.26592
141 -7.21558 7.99735 5.26612
142 -7.2868 8.04219 5.26584
143 -7.37381 8.09782 5.2664
144 -7.47003 8.1594 5.2663
145 -7.51197 8.18565 5.26201
146 -7.58749 8.23261 5.26823
147 -7.69959 8.30811 5.29017
148 -7.77067 8.35475 5.26364
149 -7.8612 8.41243 5.28009
150 -7.94063 8.46658 5.26975
151 -8.01522 8.51486 5.26947
152 -8.05926 8.54447 5.26975
153 -8.1525 8.60405 5.26988
154 -8.2174 8.64694 5.27058
155 -8.32166 8.71276 5.2663
156 -8.39094 8.75546 5.26834
157 -8.44937 8.79207 5.27139
158 -8.5444 8.85336 5.27163
159 -8.64756 8.91956 5.26983
160 -8.71912 8.96433 5.26976
161 -8.79836 9.01387 5.27616
162 -8.8991 9.07625 5.27091
163 -8.99301 9.13516 5.27156
164 -9.09349 9.19806 5.27243
165 -9.19175 9.26086 5.27339
166 -9.30055 9.32891 5.27235
167 -9.41362 9.39948 5.27083
168 -9.51551 9.4653 5.27271
169 -9.5982 9.51849 5.27727
170 -9.7117 9.5893 5.27208
171 -9.80995 9.65145 5.2725
172 -9.9122 9.71606 5.27268
173 -10.022 9.78475 5.27128
174 -10.1437 9.86173 5.27277
175 -10.229 9.9173 5.27597
176 -10.3455 9.99014 5.27499
177 -10.4444 10.0539 5.27227
178 -10.5458 10.1182 5.26827
179 -10.6459 10.1843 5.27425
180 -10.7473 10.2496 5.27353
181 -10.8491 10.3137 5.26675
182 -10.9534 10.3807 5.26684
183 -11.0476 10.4428 5.27298
184 -11.1539 10.5096 5.26727
185 -11.2545 10.5744 5.26731
186 -11.3437 10.6327 5.27222
187 -11.4412 10.6947 5.27191
188 -11.5465 10.7617 5.27452
189 -11.6593 10.8334 5.27258
190 -11.7471 10.8894 5.27464
191 -11.8399 10.9475 5.27164
192 -11.9386 11.0103 5.27446
193 -12.0351 11.0714 5.27452
194 -12.131 11.1321 5.27412
195 -12.2202 11.1891 5.27456
196 -12.3165 11.2507 5.27556
197 -12.4125 11.3117 5.27648
198 -12.5001 11.3676 5.27727
199 -12.5805 11.4187 5.27708
200 -12.6863 11.4855 5.27791
201 -12.77 11.54 5.28586
202 -12.8579 11.5973 5.28564
203 -12.9488 11.6562 5.28447
204 -13.052 11.7226 5.28559
205 -13.1315 11.7744 5.2884
206 -13.2378 11.8423 5.28161
207 -13.354 11.9163 5.28196
208 -13.4627 11.9869 5.28781
209 -13.5615 12.0511 5.28857
210 -13.6725 12.1221 5.28383
211 -13.7764 12.1906 5.29543
212 -13.8846 12.262 5.29499
213 -14.0004 12.3384 5.29555
214 -14.1063 12.4081 5.29525
215 -14.2113 12.4783 5.29992
216 -14.3283 12.5557 5.29616
217 -14.4585 12.6416 5.29606
218 -14.5735 12.7176 5.29613
219 -14.6981 12.7999 5.29614
220 -14.8013 12.868 5.29595
221 -14.9212 12.9451 5.28528
222 -15.0399 13.0215 5.28492
223 -15.1584 13.0977 5.28502
224 -15.2809 13.1766 5.28497
225 -15.4258 13.2697 5.28316
226 -15.5375 13.3414 5.28494
227 -15.6484 13.4127 5.28507
228 -15.753 13.4799 5.28504
229 -15.8641 13.5512 5.28404
230 -15.9755 13.6223 5.28386
231 -16.0929 13.6972 5.28416
232 -16.2091 13.7717 5.2841
233 -16.3378 13.854 5.28446
234 -16.4541 13.9287 5.28567
235 -16.5545 13.9933 5.2856
236 -16.6723 14.069 5.28573
237 -16.7721 14.1332 5.28533
238 -16.8728 14.1979 5.28494
239 -16.9936 14.2754 5.28498
240 -17.1003 14.3441 5.28516
241 -17.2044 14.411 5.28541
242 -17.3104 14.4791 5.28522
243 -17.4285 14.5553 5.28692
244 -17.5414 14.629 5.28724
245 -17.6413 14.6944 5.28756
246 -17.7484 14.7643 5.28751
247 -17.8508 14.8321 5.29123
248 -17.9533 14.9003 5.29127
249 -18.0615 14.9722 5.29111
250 -18.1715 15.0453 5.29125
251 -18.2743 15.1136 5.29106
252 -18.3755 15.1809 5.29124
253 -18.4885 15.2559 5.29133
254 -18.5969 15.328 5.29156
255 -18.6999 15.3965 5.29147
256 -18.8012 15.4638 5.2911
257 -18.9167 15.5403 5.29083
258 -19.0237 15.6114 5.29031
259 -19.1427 15.6901 5.29011
260 -19.2436 15.7572 5.28999
261 -19.3555 15.831 5.28962
262 -19.4717 15.9078 5.28919
263 -19.5771 15.9776 5.28864
264 -19.6784 16.0444 5.28784
265 -19.801 16.1247 5.28715
266 -19.9011 16.1907 5.28583
267 -20.0119 16.263 5.28438
268 -20.1139 16.3297 5.28328
269 -20.23 16.405 5.28171
270 -20.3406 16.4768 5.28044
271 -20.4402 16.5414 5.27923
272 -20.5602 16.6185 5.27797
273 -20.6576 16.6815 5.27652
274 -20.7596 16.7468 5.27535
275 -20.8469 16.8027 5.27439
276 -20.9368 16.8599 5.2727
277 -21.0325 16.9203 5.27017
278 -21.1351 16.9849 5.26816
279 -21.234 17.047 5.26624
280 -21.3222 17.1021 5.26336
281 -21.4226 17.1642 5.26156
282 -21.5167 17.2222 5.25874
283 -21.5922 17.2686 5.25546
284 -21.6826 17.3237 5.25723
285 -21.7694 17.3771 5.25427
286 -21.8415 17.4214 5.25115
287 -21.9045 17.46 5.24937
288 -21.971 17.5 5.24681
289 -22.0351 17.5384 5.2435
290 -22.1146 17.5852 5.2392
291 -22.1907 17.6298 5.2344
292 -22.2598 17.6696 5.22809
293 -22.3304 17.7093 5.22126
294 -22.4066 17.7513 5.21409
295 -22.4725 17.787 5.20586
296 -22.5479 17.8268 5.19821
297 -22.6192 17.8638 5.19217
298 -22.6974 17.9029 5.1774
299 -22.7774 17.9416 5.16588
300 -22.8493 17.9749 5.15052
301 -22.9111 18.0025 5.14063
302 -22.9681 18.027 5.13049
303 -23.0487 18.0604 5.11565
304 -23.1057 18.0829 5.10085
305 -23.1691 18.1066 5.0895
306 -23.2389 18.1317 5.07344
307 -23.3183 18.1589 5.06058
308 -23.383 18.1803 5.05295
309 -23.4798 18.2102 5.02493
310 -23.5388 18.2265 5.01234
311 -23.6068 18.2432 4.98995
312 -23.6655 18.2565 4.98804
313 -23.7305 18.269 4.97088
314 -23.7832 18.2773 4.95979
315 -23.856 18.2904 4.94291
316 -23.9134 18.2987 4.92643
317 -23.9917 18.3093 4.90443
318 -24.0508 18.3155 4.89288
319 -24.1086 18.3205 4.87646
320 -24.1673 18.3244 4.86002
321 -24.2351 18.3285 4.84821
322 -24.309 18.3337 4.84104
323 -24.3782 18.3379 4.8286
324 -24.4564 18.3418 4.7931
325 -24.5107 18.34 4.78679
326 -24.5851 18.3395 4.75581
327 -24.6513 18.3357 4.73573
328 -24.714 18.3303 4.7221
329 -24.7721 18.3241 4.70182
330 -24.844 18.3185 4.71038
331 -24.9307 18.3093 4.66165
332 -25.0152 18.3011 4.67696
333 -25.1107 18.2911 4.65755
334 -25.1903 18.28 4.63893
335 -25.2817 18.2662 4.62053
336 -25.3731 18.2503 4.60201
337 -25.4584 18.2333 4.58386
338 -25.5483 18.2143 4.56561
339 -25.623 18.1914 4.51729
340 -25.7322 18.1668 4.53571
341 -25.8049 18.1423 4.4798
342 -25.8942 18.1137 4.46877
343 -25.9817 18.0848 4.44983
344 -26.0699 18.0541 4.43073
345 -26.131 18.0271 4.44555
346 -26.1593 18.0071 4.4271
347 -26.1857 17.9867 4.44213
348 -26.1996 17.968 4.42599
349 -26.2236 17.946 4.416
350 -26.2489 17.924 4.3948
351 -26.2707 17.9025 4.38494
352 -26.3008 17.8784 4.36891
353 -26.3322 17.8537 4.35907
354 -26.3703 17.8268 4.34305
355 -26.4068 17.8002 4.333
356 -26.4517 17.77 4.31765
357 -26.4924 17.7414 4.30821
358 -26.5467 17.7066 4.29303
359 -26.6008 17.6716 4.28408
360 -26.6687 17.6298 4.26945
361 -26.733 17.5893 4.25445
362 -26.8017 17.546 4.246
363 -26.8728 17.5009 4.23144
364 -26.9532 17.4502 4.21742
365 -27.0555 17.3893 4.2481
366 -27.1485 17.3325 4.23161
367 -27.2582 17.2655 4.21811
368 -27.3578 17.2021 4.21064
369 -27.4487 17.1425 4.19783
370 -27.5525 17.0742 4.18576
371 -27.5966 17.0373 4.21329
372 -27.6196 17.0142 4.20082
373 -27.6545 16.9839 4.15568
374 -27.6971 16.948 4.14089
375 -27.743 16.9092 4.15918
376 -27.7905 16.8703 4.14925
377 -27.8272 16.8351 4.13397
378 -27.8654 16.7977 4.11832
379 -27.9244 16.7452 4.10285
380 -27.9783 16.6969 4.09312
381 -28.0245 16.6524 4.07795
382 -28.0809 16.6008 4.06275
383 -28.1269 16.5541 4.05352
384 -28.1796 16.5027 4.03897
385 -28.2378 16.4446 4.02527
386 -28.2922 16.3892 4.01709
387 -28.3503 16.3307 4.00351
388 -28.4061 16.2722 3.99013
389 -28.4656 16.2112 3.98225
390 -28.5249 16.1481 3.9696
391 -28.5954 16.0739 3.96325
392 -28.664 16.0025 3.95182
393 -28.7294 15.9314 3.94084
394 -28.7999 15.8552 3.9358
395 -28.8561 15.7965 3.96304
396 -28.8872 15.7615 3.95315
397 -28.915 15.7287 3.94631
398 -28.9453 15.6928 3.93599
399 -28.9676 15.6627 3.93224
400 -28.9736 15.6448 3.92199
401 -28.9784 15.6287 3.91335
402 -28.9982 15.5982 3.9047
403 -29.0296 15.5548 3.89567
404 -29.0457 15.5279 3.89019
405 -29.0639 15.4986 3.88226
406 -29.0786 15.4738 3.8749
407 -29.1043 15.4371 3.86749
408 -29.1417 15.3866 3.86203
409 -29.1704 15.3465 3.85545
410 -29.1925 15.3144 3.85083
411 -29.2227 15.272 3.84421
412 -29.2529 15.2302 3.83802
413 -29.2906 15.1782 3.83356
414 -29.3269 15.1291 3.82795
415 -29.371 15.0698 3.82251
416 -29.4069 15.0204 3.81721
417 -29.441 14.9726 3.81363
418 -29.4812 14.9169 3.80812
419 -29.5169 14.8661 3.8044
420 -29.5609 14.8048 3.79862
421 -29.6089 14.7376 3.79145
422 -29.6465 14.6841 3.78696
423 -29.6851 14.6285 3.78297
424 -29.7269 14.569 3.77617
425 -29.7774 14.4963 3.77211
426 -29.8236 14.4295 3.76457
427 -29.8742 14.3545 3.75757
428 -29.9104 14.2997 3.75411
429 -29.9502 14.2387 3.74701
430 -29.991 14.1754 3.74259
431 -30.0318 14.1111 3.73641
432 -30.0755 14.0422 3.7295
433 -30.119 13.9721 3.72421
434 -30.1552 13.9127 3.71969
435 -30.1969 13.8439 3.71417
436 -30.2417 13.7695 3.71065
437 -30.2895 13.6904 3.70508
438 -30.3311 13.6204 3.70076
439 -30.3814 13.535 3.69585
440 -30.416 13.4756 3.69256
441 -30.4497 13.4157 3.68983
442 -30.4913 13.3422 3.68712
443 -30.5368 13.263 3.68329
444 -30.5786 13.1898 3.68058
445 -30.6268 13.1046 3.67685
446 -30.6825 13.0067 3.67233
447 -30.7324 12.9184 3.66895
448 -30.7757 12.8401 3.66459
449 -30.8204 12.7587 3.66099
450 -30.8628 12.6804 3.65567
451 -30.9069 12.5974 3.65128
452 -30.956 12.5052 3.64472
453 -31.0024 12.4174 3.63844
454 -31.0502 12.3248 3.63061
455 -31.0944 12.2375 3.62512
456 -31.1401 12.1461 3.61639
457 -31.1772 12.0646 3.59626
458 -31.2322 11.9602 3.60032
459 -31.2745 11.8696 3.58973
460 -31.3145 11.7816 3.5825
461 -31.3574 11.6839 3.57128
462 -31.3974 11.5904 3.55858
463 -31.4364 11.496 3.55065
464 -31.477 11.3952 3.53837
465 -31.5149 11.2986 3.5259
466 -31.5506 11.2031 3.5177
467 -31.5866 11.1048 3.50456
468 -31.6187 11.0128 3.49081
469 -31.6533 10.9088 3.4764
470 -31.6872 10.8041 3.47501
471 -31.71 10.7285 3.45144
472 -31.7378 10.633 3.43589
473 -31.7693 10.5176 3.42072
474 -31.7927 10.4285 3.40513
475 -31.8126 10.3447 3.40799
476 -31.8251 10.2787 3.39407
477 -31.8351 10.2203 3.38422
478 -31.8396 10.1801 3.3708
479 -31.8456 10.1288 3.36166
480 -31.8483 10.0921 3.35246
481 -31.858 10.0171 3.34263
482 -31.8666 9.94882 3.32319
483 -31.873 9.88198 3.30787
484 -31.8772 9.82202 3.29782
485 -31.8795 9.76782 3.28278
486 -31.8811 9.71064 3.27247
487 -31.8827 9.64788 3.25694
488 -31.8845 9.57782 3.24059
489 -31.8837 9.52378 3.2299
490 -31.897 9.41697 3.26653
491 -31.9051 9.3212 3.25016
492 -31.9124 9.21642 3.23309
493 -31.9049 9.15559 3.16625
494 -31.8995 9.08774 3.14954
495 -31.9053 8.97681 3.19049
496 -31.9059 8.87693 3.17366
497 -31.9046 8.77871 3.16236
498 -31.902 8.66835 3.14498
499 -31.8868 8.61157 3.07398
500 -31.8833 8.54283 3.1595
501 -31.8782 8.45252 3.04371
502 -31.8628 8.3722 3.02527
503 -31.8457 8.28372 3.00816
504 -31.829 8.205 2.99034
505 -31.8182 8.10516 3.08452
506 -31.8076 8.02372 2.96104
507 -31.7955 7.92856 3.05832
508 -31.7995 7.83666 3.13132
509 -31.7724 7.74535 2.91015
510 -31.7562 7.61779 3.01882
511 -31.7454 7.56593 3.06294
512 -31.7315 7.47376 2.99103
513 -31.7189 7.42269 3.03411
514 -31.7034 7.33673 2.95676
515 -31.6806 7.28022 2.94048
516 -31.6605 7.23626 2.92992
517 -31.6369 7.17857 2.91328
518 -31.6151 7.12997 2.9025
519 -31.5929 7.08203 2.88587
520 -31.5668 7.02235 2.86905
521 -31.5395 6.96088 2.8583
522 -31.5152 6.91033 2.84148
523 -31.4957 6.87236 2.89486
524 -31.4701 6.78813 2.81227
525 -31.4426 6.74389 2.80129
526 -31.4108 6.68905 2.78496
527 -31.3805 6.63682 2.77443
528 -31.3501 6.58794 2.7588
529 -31.3147 6.52696 2.74816
530 -31.2798 6.46979 2.73194
531 -31.245 6.41474 2.72104
532 -31.2089 6.35875 2.70486
533 -31.1723 6.30412 2.69513
534 -31.1349 6.24757 2.68442
535 -31.0928 6.18344 2.66812
536 -31.0602 6.13272 2.73073
537 -31.032 6.05356 2.77029
538 -30.9992 5.97678 2.76099
539 -30.967 5.90499 2.74726
540 -30.9317 5.82786 2.73429
541 -30.8945 5.74952 2.72194
542 -30.8584 5.67552 2.71197
543 -30.8229 5.60565 2.69774
544 -30.7799 5.52143 2.68834
545 -30.7398 5.4473 2.67392
546 -30.698 5.37024 2.66559
547 -30.6569 5.29798 2.65177
548 -30.6158 5.22696 2.64003
549 -30.569 5.14948 2.62414
550 -30.5288 5.08329 2.61629
551 -30.4852 5.01473 2.60102
552 -30.4464 4.95406 2.59372
553 -30.4055 4.89303 2.5773
554 -30.3634 4.83117 2.56615
555 -30.3183 4.76623 2.55518
556 -30.2733 4.70318 2.5443
557 -30.2267 4.63922 2.53321
558 -30.1802 4.57695 2.52214
559 -30.132 4.51395 2.51079
560 -30.0834 4.45192 2.49984
561 -30.0274 4.38166 2.48902
562 -29.9734 4.31597 2.47774
563 -29.9145 4.24717 2.4612
564 -29.8433 4.16443 2.45092
565 -29.7828 4.09766 2.4359
566 -29.722 4.03073 2.42632
567 -29.6453 3.94906 2.41216
568 -29.5659 3.86739 2.39802
569 -29.4939 3.79749 2.37862
570 -29.4553 3.80054 2.27626
571 -29.4625 3.89989 2.28251
572 -29.43 3.92544 2.27403
573 -29.3826 3.92168 2.26248
574 -29.3251 3.90394 2.24991
575 -29.2666 3.88251 2.23678
576 -29.1955 3.84779 2.22292
577 -29.133 3.81934 2.21038
578 -29.0603 3.78381 2.19762
579 -29.0151 3.77494 2.19923
580 -28.929 3.7235 2.17786
581 -28.8776 3.70647 2.17922
582 -28.8055 3.671 2.16811
583 -28.7182 3.62234 2.14691
584 -28.6536 3.59487 2.15195
585 -28.5822 3.56077 2.1442
586 -28.5055 3.52366 2.13774
587 -28.4169 3.47909 2.13239
588 -28.3381 3.43956 2.12904
589 -28.2679 3.40602 2.12733
590 -28.183 3.36263 2.12635
591 -28.1071 3.3241 2.12658
592 -28.0242 3.28035 2.12789
593 -27.9295 3.22911 2.12874
594 -27.8471 3.18419 2.13185
595 -27.7707 3.14126 2.13677
596 -27.6787 3.08721 2.14067
597 -27.5946 3.03683 2.14434
598 -27.5022 2.98033 2.14569
599 -27.4143 2.92611 2.14923
600 -27.3109 2.86174 2.14954
601 -27.2236 2.80673 2.14808
602 -27.1289 2.74592 2.15563
603 -27.0262 2.67922 2.15517
604 -26.9286 2.61578 2.15457
605 -26.8235 2.54561 2.15874
606 -26.7151 2.47149 2.15959
607 -26.6105 2.40008 2.16039
608 -26.5075 2.33031 2.16068
609 -26.4088 2.26339 2.16044
610 -26.3035 2.19181 2.15937
611 -26.18 2.10893 2.15822
612 -26.0787 2.04045 2.15818
613 -25.9647 1.9638 2.15667
614 -25.8549 1.89039 2.15595
615 -25.7471 1.81808 2.15544
616 -25.6172 1.7314 2.15431
617 -25.5152 1.66259 2.15458
618 -25.4032 1.58763 2.15333
619 -25.2954 1.51563 2.15325
620 -25.1887 1.44468 2.15239
621 -25.0743 1.36896 2.15092
622 -24.9504 1.28681 2.14976
623 -24.8375 1.21229 2.14819
624 -24.7272 1.13987 2.14725
625 -24.6153 1.06669 2.14597
626 -24.5003 0.991549 2.1456
627 -24.3794 0.912919 2.14394
628 -24.2651 0.838541 2.14338
629 -24.1567 0.768265 2.14218
630 -24.029 0.685877 2.14098
631 -23.9106 0.60943 2.13983
632 -23.7871 0.530176 2.13839
633 -23.6788 0.460588 2.13781
634 -23.5654 0.388053 2.13688
635 -23.4429 0.309995 2.13522
636 -23.3248 0.234831 2.13395
637 -23.2179 0.166893 2.13321
638 -23.0842 0.0824391 2.13191
639 -22.9597 0.00345075 2.13185
640 -22.843 -0.0701006 2.12987
641 -22.7101 -0.15356 2.12892
642 -22.5872 -0.230867 2.12808
643 -22.4723 -0.303101 2.12804
644 -22.3493 -0.380113 2.12759
645 -22.2258 -0.457493 2.12634
646 -22.0975 -0.537607 2.12553
647 -21.9627 -0.621672 2.12508
648 -21.8276 -0.705924 2.1243
649 -21.7086 -0.780089 2.12365
650 -21.5956 -0.852683 2.1313
651 -21.4459 -0.944486 2.12346
652 -21.3229 -1.02092 2.12228
653 -21.2022 -1.09587 2.1229
654 -21.0671 -1.17979 2.1233
655 -20.9216 -1.27007 2.12236
656 -20.8003 -1.3461 2.12428
657 -20.6777 -1.42256 2.1244
658 -20.5557 -1.49914 2.1268
659 -20.4375 -1.57323 2.12626
660 -20.2911 -1.66487 2.12699
661 -20.1671 -1.7432 2.12766
662 -20.0345 -1.82666 2.12806
663 -19.9076 -1.90665 2.12731
664 -19.7829 -1.98534 2.12807
665 -19.6401 -2.07517 2.12793
666 -19.5139 -2.15471 2.12648
667 -19.3977 -2.22792 2.12685
668 -19.2675 -2.3118 2.13812
669 -19.1452 -2.38966 2.12623
670 -19.0045 -2.47758 2.12601
671 -18.8948 -2.54868 2.13731
672 -18.798 -2.61345 2.14787
673 -18.6791 -2.6865 2.12154
674 -18.5707 -2.75614 2.13516
675 -18.4545 -2.82956 2.12237
676 -18.3344 -2.90445 2.12428
677 -18.2147 -2.97945 2.12568
678 -18.0704 -3.06905 2.12196
679 -17.9441 -3.15053 2.13422
680 -17.8209 -3.22792 2.12186
681 -17.7191 -3.29322 2.13305
682 -17.5942 -3.3747 2.14151
683 -17.4673 -3.45202 2.12068
684 -17.3386 -3.53395 2.13135
685 -17.213 -3.61589 2.13994
686 -17.076 -3.70321 2.13931
687 -16.9481 -3.78459 2.13891
688 -16.8143 -3.86956 2.13807
689 -16.6807 -3.95426 2.13729
690 -16.5372 -4.04499 2.13614
691 -16.3946 -4.13482 2.13497
692 -16.2698 -4.21351 2.13463
693 -16.1435 -4.29294 2.13373
694 -16.0041 -4.38063 2.1331
695 -15.8845 -4.45575 2.13273
696 -15.7645 -4.53108 2.13215
697 -15.6378 -4.61018 2.13066
698 -15.5076 -4.69152 2.13009
699 -15.3879 -4.76639 2.13019
700 -15.2647 -4.84317 2.12922
701 -15.1472 -4.91643 2.12914
702 -15.0188 -4.99631 2.12842
703 -14.9 -5.07025 2.12814
704 -14.7749 -5.14792 2.12758
705 -14.6433 -5.22957 2.12691
706 -14.5212 -5.30525 2.12666
707 -14.3881 -5.38747 2.12558
708 -14.2673 -5.46218 2.12549
709 -14.1256 -5.54978 2.12524
710 -13.9822 -5.63798 2.12403
711 -13.8496 -5.71959 2.12361
712 -13.7155 -5.80174 2.12244
713 -13.591 -5.87791 2.12145
714 -13.4641 -5.95539 2.12047
715 -13.3292 -6.0377 2.11987
716 -13.1935 -6.12021 2.11883
717 -13.0571 -6.20321 2.11838
718 -12.9308 -6.27989 2.11787
719 -12.7958 -6.36191 2.11759
720 -12.6686 -6.43902 2.11703
721 -12.5199 -6.52913 2.11667
722 -12.3947 -6.60487 2.11617
723 -12.237 -6.70016 2.11557
724 -12.0881 -6.78989 2.11491
725 -11.9585 -6.86791 2.11426
726 -11.822 -6.94991 2.11357
727 -11.6875 -7.03056 2.11273
728 -11.5518 -7.11185 2.11212
729 -11.7365 -7.00651 2.1341
730 -11.6938 -7.03876 2.1449
731 -11.6291 -7.08334 2.1441
732 -11.6202 -7.09299 2.13151
733 -11.5973 -7.11179 2.13103
734 -11.5402 -7.15118 2.13053
735 -11.4878 -7.18767 2.12986
736 -11.3879 -7.25288 2.12906
737 -11.2807 -7.32212 2.12866
738 -11.2497 -7.34133 2.11249
739 -11.1839 -7.38166 2.11244
740 -11.0786 -7.44587 2.11188
741 -10.9629 -7.51968 2.12533
742 -10.8625 -7.58053 2.10949
743 -10.7662 -7.63852 2.10885
744 -10.6759 -7.69374 2.10897
745 -10.5679 -7.75862 2.1091
746 -10.4548 -7.8269 2.10849
747 -10.3504 -7.88986 2.10867
748 -10.2258 -7.96484 2.10794
749 -10.1343 -8.02019 2.10706
750 -10.0305 -8.08286 2.10569
751 -9.92481 -8.14653 2.10842
752 -9.79784 -8.2228 2.1089
753 -9.66843 -8.30043 2.10965
754 -9.54027 -8.37772 2.11
755 -9.42056 -8.44994 2.10992
756 -9.29902 -8.52339 2.11075
757 -9.18823 -8.5904 2.11144
758 -9.06191 -8.66692 2.1111
759 -8.9312 -8.74954 2.12473
760 -8.80227 -8.83032 2.12473
761 -8.63971 -8.93192 2.12436
762 -8.50134 -9.01788 2.12379
763 -8.36696 -9.10194 2.12358
764 -8.22884 -9.18794 2.1235
765 -8.11252 -9.26075 2.12377
766 -7.96457 -9.35312 2.1233
767 -7.84213 -9.42945 2.12316
768 -7.70289 -9.51647 2.12272
769 -7.5543 -9.60877 2.12261
770 -7.43443 -9.68316 2.1218
771 -7.32706 -9.75029 2.12162
772 -7.22283 -9.81541 2.1212
773 -7.11886 -9.88064 2.121
774 -7.00571 -9.951 2.12033
775 -6.88695 -10.0246 2.11965
776 -6.77317 -10.0952 2.11965
777 -6.64534 -10.1741 2.11874
778 -6.52333 -10.2493 2.11806
779 -6.39745 -10.3267 2.11737
780 -6.28861 -10.3937 2.11726
781 -6.18032 -10.4605 2.1167
782 -6.04377 -10.5445 2.11663
783 -5.9501 -10.6019 2.11623
784 -5.87018 -10.6516 2.11624
785 -5.76675 -10.7157 2.11657
786 -5.63435 -10.7971 2.11644
787 -5.5237 -10.8648 2.11663
788 -5.40928 -10.9351 2.11592
789 -5.27584 -11.0169 2.11677
790 -5.14794 -11.095 2.11646
791 -5.04439 -11.1585 2.11621
792 -4.93531 -11.2256 2.11627
793 -4.81008 -11.3025 2.11637
794 -4.68782 -11.3774 2.11704
795 -4.58162 -11.4425 2.11655
796 -4.48164 -11.5041 2.11553
797 -4.37968 -11.5667 2.11711
798 -4.26453 -11.6375 2.11636
799 -4.15132 -11.7069 2.11557
800 -4.03576 -11.7775 2.11639
801 -3.93665 -11.8382 2.11629
802 -3.83342 -11.9015 2.11639
803 -3.73702 -11.9608 2.11657
804 -3.63972 -12.0204 2.11556
805 -3.5522 -12.0741 2.11551
806 -3.47243 -12.123 2.11533
807 -3.39784 -12.1681 2.11422
808 -3.31622 -12.2157 2.09954
809 -3.22559 -12.2646 2.08325
810 -3.14064 -12.3154 2.11162
811 -3.06074 -12.3632 2.1108
812 -2.98985 -12.4053 2.1083
813 -2.92298 -12.4436 2.09394
814 -2.82914 -12.4973 2.10617
815 -2.77467 -12.5292 2.10494
816 -2.72433 -12.5592 2.10491
817 -2.65934 -12.5973 2.09811
818 -2.59136 -12.6367 2.09682
819 -2.52434 -12.6747 2.0894
820 -2.46487 -12.7081 2.08643
821 -2.39834 -12.7452 2.08037
822 -2.36204 -12.7648 2.07335
823 -2.31559 -12.7901 2.06669
824 -2.27093 -12.8138 2.05713
825 -2.22098 -12.8404 2.0561
826 -2.16912 -12.868 2.05689
827 -2.11875 -12.8945 2.05734
828 -2.0721 -12.9182 2.04885
829 -2.00545 -12.9517 2.04567
830 -1.92592 -12.9901 2.03354
831 -1.86338 -13.0185 2.02321
832 -1.78597 -13.0516 2.00558
833 -1.71495 -13.083 1.99687
834 -1.6362 -13.1168 1.98603
835 -1.57412 -13.1422 1.97522
836 -1.4927 -13.1755 1.97494
837 -1.39872 -13.2114 1.96803
838 -1.27882 -13.2643 1.95462
839 -1.17098 -13.3102 1.94378
840 -1.04422 -13.3611 1.92085
841 -0.939701 -13.4003 1.90676
842 -0.819016 -13.4424 1.88178
843 -0.713581 -13.4757 1.86355
844 -0.610111 -13.5058 1.84646
845 -0.492011 -13.5375 1.82713
846 -0.381345 -13.5648 1.8078
847 -0.277305 -13.5876 1.78856
848 -0.197566 -13.6031 1.77054
849 -0.125365 -13.6147 1.74961
850 -0.0380941 -13.6272 1.73456
851 0.0397453 -13.6361 1.7148
852 0.142521 -13.6465 1.69363
853 0.227288 -13.6522 1.67517
854 0.259086 -13.652 1.66192
855 0.305404 -13.6511 1.64887
856 0.35069 -13.6495 1.63712
857 0.386137 -13.6471 1.62664
858 0.42235 -13.6444 1.6161
859 0.464073 -13.6414 1.60638
860 0.532069 -13.6386 1.58997
861 0.585164 -13.6352 1.57738
862 0.632542 -13.6307 1.56186
863 0.685559 -13.6247 1.53913
864 0.732687 -13.6174 1.5234
865 0.782081 -13.6092 1.50904
866 0.841878 -13.5987 1.48833
867 0.896499 -13.5872 1.46694
868 0.946972 -13.5747 1.45041
869 0.997281 -13.5608 1.43359
870 1.05664 -13.545 1.41531
871 1.11494 -13.5278 1.39598
872 1.1811 -13.5076 1.36809
873 1.25712 -13.4831 1.34646
874 1.32865 -13.4572 1.32364
875 1.39429 -13.4315 1.2987
876 1.46114 -13.4022 1.27358
877 1.52906 -13.3696 1.24757
878 1.59758 -13.3352 1.22201
879 1.66158 -13.2999 1.19604
880 1.72765 -13.2696 1.25987
881 1.81548 -13.2304 1.14246
882 1.8712 -13.191 1.11635
883 1.95121 -13.1481 1.19512
884 2.03361 -13.1207 1.23132
885 2.11266 -13.0867 1.20914
886 2.19332 -13.0509 1.19085
887 2.27902 -13.0114 1.17415
888 2.34175 -12.9568 0.958401
889 2.47499 -12.8749 1.06003
890 2.56201 -12.8348 1.10909
891 2.64625 -12.7865 1.08926
892 2.7352 -12.7344 1.07429
893 2.81447 -12.6837 1.05034
894 2.90718 -12.6233 1.03009
895 2.99041 -12.5661 1.00975
896 3.07279 -12.5091 0.997062
897 3.01104 -12.5049 1.0272
898 3.16273 -12.429 1.00135
899 3.23729 -12.366 0.945915
900 3.31949 -12.3001 0.929823
901 3.41753 -12.2198 0.914084
902 3.48398 -12.1595 0.889154
903 3.54323 -12.107 0.876496
904 3.6179 -12.0409 0.867064
905 3.69516 -11.9682 0.848693
906 3.76467 -11.9017 0.836308
907 3.82178 -11.8457 0.824547
908 3.8826 -11.7852 0.812103
909 3.94303 -11.7239 0.800614
910 4.00408 -11.6615 0.792861
911 4.06361 -11.5988 0.78079
912 4.12914 -11.5297 0.774022
913 4.18981 -11.4638 0.764466
914 4.24716 -11.4008 0.755465
915 4.31076 -11.331 0.749718
916 4.37229 -11.2625 0.743878
917 4.21493 -11.3175 0.738307
918 4.29133 -11.2409 0.736861
919 4.17618 -11.2746 0.727642
920 4.25677 -11.1889 0.727424
921 4.31948 -11.1152 0.718411
922 4.38628 -11.0376 0.716119
923 4.44936 -10.9639 0.713674
924 4.35937 -10.9908 0.707362
925 4.29027 -11.0055 0.706358
926 4.26173 -10.9918 0.705169
927 4.24116 -10.9785 0.705652
928 4.23166 -10.957 0.70492
929 4.29543 -10.8837 0.705018
930 4.35551 -10.8118 0.701308
931 4.34655 -10.7918 0.698225
932 4.33406 -10.7826 0.697516
933 4.39586 -10.7102 0.697958
934 4.40478 -10.6781 0.693324
935 4.41481 -10.6486 0.69103
936 4.44008 -10.604 0.688179
937 4.45399 -10.5745 0.685351
938 4.48357 -10.5273 0.68253
939 4.50845 -10.4869 0.680688
940 4.55944 -10.4243 0.683197
941 4.59216 -10.3734 0.676329
942 4.61465 -10.3371 0.673073
943 4.64256 -10.2935 0.671286
944 4.67474 -10.246 0.668196
945 4.70329 -10.2027 0.666335
946 4.73223 -10.1592 0.664419
947 4.77463 -10.099 0.661103
948 4.81937 -10.0366 0.657613
949 4.86409 -9.97326 0.655796
950 4.90767 -9.91125 0.6554
951 4.99548 -9.77544 0.605207
952 5.02205 -9.71154 0.649161
953 5.10697 -9.57901 0.591255
954 5.16479 -9.45734 0.595997
955 5.1895 -9.39361 0.650198
956 5.21934 -9.34904 0.649654
957 5.25286 -9.29978 0.6475
958 5.28331 -9.25449 0.646732
959 5.3122 -9.21123 0.646029
960 5.33796 -9.17243 0.645022
961 5.37101 -9.12463 0.642942
962 5.40692 -9.07307 0.642622
963 5.44362 -9.02042 0.641764
964 5.47483 -8.97508 0.640302
965 5.51173 -8.92204 0.638999
966 5.54192 -8.87815 0.638209
967 5.5668 -8.8415 0.635787
968 5.59428 -8.80097 0.63476
969 5.61473 -8.76987 0.633792
970 5.62902 -8.74758 0.632097
971 5.64074 -8.72851 0.631318
972 5.64994 -8.71308 0.630176
973 5.65986 -8.69699 0.62924
974 5.66796 -8.68317 0.628822
975 5.6768 -8.66832 0.627643
976 5.68771 -8.65069 0.62701
977 5.69552 -8.63722 0.626744
978 5.70144 -8.62644 0.625541
979 5.70848 -8.61416 0.62501
980 5.716 -8.60123 0.624641
981 5.72332 -8.58846 0.623854
982 5.72992 -8.57672 0.623299
983 5.74156 -8.55797 0.623106
984 5.74896 -8.54538 0.622244
985 5.76211 -8.5249 0.622131
986 5.76869 -8.51372 0.621526
987 5.7778 -8.49871 0.621261
988 5.78862 -8.48152 0.620502
989 5.79852 -8.46568 0.619841
990 5.81068 -8.44667 0.619618
991 5.82069 -8.43076 0.618911
992 5.83142 -8.41398 0.618454
993 5.84278 -8.3959 0.61789
994 5.85366 -8.37879 0.616639
995 5.86484 -8.36109 0.615848
996 5.87801 -8.3405 0.615334
997 5.89064 -8.32078 0.614207
998 5.90454 -8.29906 0.613724
999 5.91548 -8.28143 0.613032
1000 5.92754 -8.26224 0.612441
1001 5.94399 -8.23699 0.611334
1002 5.95792 -8.2152 0.610649
1003 5.97326 -8.1914 0.609523
1004 5.99069 -8.16428 0.608932
1005 6.00965 -8.13519 0.608269
1006 6.03142 -8.1021 0.606771
1007 6.05083 -8.07222 0.606255
1008 6.07023 -8.04231 0.604582
1009 6.09029 -8.01122 0.603357
1010 6.11619 -7.97147 0.602055
1011 6.13778 -7.93777 0.600982
1012 6.18919 -7.86354 0.614612
1013 6.23504 -7.79867 0.613406
1014 6.27894 -7.73598 0.611925
1015 6.32141 -7.67484 0.610621
1016 6.3606 -7.6178 0.608949
1017 6.39908 -7.56122 0.607201
1018 6.4334 -7.51042 0.605993
1019 6.46387 -7.46509 0.604486
1020 6.5112 -7.39487 0.602479
1021 6.54735 -7.3404 0.601298
1022 6.58099 -7.28938 0.59952
1023 6.6095 -7.24563 0.598652
1024 6.64344 -7.19377 0.597255
1025 6.67874 -7.13968 0.595832
1026 6.71184 -7.08851 0.594362
1027 6.73786 -7.04778 0.592797
1028 6.77529 -6.99154 0.596282
1029 6.81148 -6.93757 0.593682
1030 6.84628 -6.88521 0.590818
1031 6.869 -6.84901 0.584358
1032 6.89452 -6.80793 0.58181
1033 6.92277 -6.76405 0.583131
1034 6.94994 -6.7221 0.579742
1035 6.98515 -6.6674 0.575185
1036 7.01239 -6.62459 0.572487
1037 7.04052 -6.57989 0.56687
1038 7.06815 -6.53535 0.563739
1039 7.09737 -6.48785 0.557418
1040 7.12226 -6.44657 0.552528
1041 7.14583 -6.4069 0.548736
1042 7.16849 -6.36825 0.543852
1043 7.19017 -6.33078 0.539961
1044 7.21549 -6.28673 0.534484
1045 7.23883 -6.24552 0.529996
1046 7.26467 -6.19936 0.52387
1047 7.28978 -6.15391 0.519076
1048 7.31306 -6.11106 0.512805
1049 7.33977 -6.06132 0.507244
1050 7.36221 -6.01867 0.500076
1051 7.38389 -5.97654 0.494285
1052 7.40737 -5.93044 0.488247
1053 7.43376 -5.87782 0.479738
1054 7.45519 -5.83361 0.473553
1055 7.48274 -5.77641 0.464289
1056 7.50561 -5.72764 0.457529
1057 7.52838 -5.67757 0.450659
1058 7.55034 -5.62818 0.440906
1059 7.57198 -5.57816 0.433555
1060 7.59116 -5.53265 0.426152
1061 7.61547 -5.47394 0.41511
1062 7.63276 -5.43036 0.407673
1063 7.65332 -5.37775 0.39964
1064 7.67386 -5.32306 0.38832
1065 7.6855 -5.28877 0.384022
1066 7.70341 -5.23839 0.375751
1067 7.71614 -5.2001 0.367736
1068 7.73312 -5.14823 0.359277
1069 7.74831 -5.10059 0.347847
1070 7.7644 -5.0481 0.33906
1071 7.77827 -5.00095 0.33022
1072 7.79365 -4.94699 0.317684
1073 7.80888 -4.8911 0.308495
1074 7.82096 -4.84358 0.295705
1075 7.83288 -4.79327 0.286834
1076 7.84291 -4.74807 0.277646
1077 7.85208 -4.70344 0.26393
1078 7.8606 -4.65697 0.254976
1079 7.87049 -4.60514 0.245828
1080 7.88007 -4.55183 0.232021
1081 7.8853 -4.51268 0.222854
1082 7.88955 -4.47399 0.209386
1083 7.89353 -4.43297 0.199997
1084 7.89684 -4.39416 0.190823
1085 7.90073 -4.34956 0.17745
1086 7.90288 -4.3121 0.168489
1087 7.90461 -4.27426 0.159512
1088 7.90703 -4.22864 0.1457
1089 7.90719 -4.19222 0.136621
1090 7.90728 -4.15266 0.127362
1091 7.90667 -4.11672 0.112751
1092 7.90548 -4.07885 0.103084
1093 7.90414 -4.04 0.0931233
1094 7.90245 -3.99774 0.0829441
1095 7.9 -3.96014 0.0672327
1096 7.89688 -3.91753 0.0567504
1097 7.89382 -3.8628 0.0407638
1098 7.89018 -3.81749 0.0304772
1099 7.88584 -3.77191 0.0201913
1100 7.88114 -3.72878 0.00968106
1101 7.88351 -3.6511 0.0622165
1102 7.88723 -3.56975 0.0510733
1103 7.88274 -3.52577 6.24602
1104 7.88134 -3.45118 0.0226017
1105 7.88008 -3.37667 0.0110304
1106 7.87839 -3.31388 0.014634
1107 7.87622 -3.23245 0.00354095
1108 7.87291 -3.16463 6.27122
1109 7.86782 -3.10062 6.26061
1110 7.86146 -3.02633 6.2454
1111 7.85393 -2.95596 6.21526
1112 7.84401 -2.8877 6.19997
1113 7.83373 -2.82886 6.19032
1114 7.82151 -2.75844 6.17551
1115 7.809 -2.69335 6.16597
1116 7.79619 -2.63054 6.15647
1117 7.78176 -2.56261 6.14168
1118 7.7662 -2.49204 6.15068
1119 7.74886 -2.41739 6.11762
1120 7.73217 -2.34982 6.1083
1121 7.71358 -2.2772 6.09355
1122 7.69194 -2.19495 6.08476
1123 7.67189 -2.12205 6.07002
1124 7.65036 -2.04913 6.0611
1125 7.64116 -2.06869 6.10495
1126 7.63438 -2.0689 6.10404
1127 7.62939 -2.06851 6.0961
1128 7.62316 -2.06336 6.08317
1129 7.61891 -2.06986 6.07118
1130 7.61664 -2.09758 6.05764
1131 7.61156 -2.10634 6.05665
1132 7.60938 -2.12897 6.04316
1133 7.59973 -2.11228 6.02449
1134 7.59409 -2.11629 6.02376
1135 7.59175 -2.13655 6.00986
1136 7.58656 -2.14507 6.00377
1137 7.58183 -2.14901 5.99651
1138 7.57824 -2.15687 5.98683
1139 7.57694 -2.17813 5.9755
1140 7.57248 -2.18786 5.97202
1141 7.56884 -2.19953 5.96053
1142 7.56348 -2.20827 5.95
1143 7.55796 -2.21448 5.94266
1144 7.55062 -2.2111 5.93387
1145 7.53355 -2.18008 5.91735
1146 7.50751 -2.10827 5.94899
1147 7.48579 -2.05212 5.94283
1148 7.46956 -2.03276 5.86523
1149 7.45715 -2.02433 5.84864
1150 7.43795 -1.98569 5.8845
1151 7.4289 -1.98309 5.86179
1152 7.42203 -1.9841 5.81021
1153 7.41528 -1.99154 5.79586
1154 7.40713 -1.99785 5.78258
1155 7.39529 -2.00235 5.77319
1156 7.37892 -1.99665 5.7669
1157 7.35521 -1.97647 5.76159
1158 7.32909 -1.9458 5.74938
1159 7.30357 -1.91737 5.73981
1160 7.27087 -1.87835 5.71966
1161 7.22981 -1.81686 5.75419
1162 7.19349 -1.74969 5.77841
1163 7.15907 -1.71423 5.67579
1164 7.11039 -1.64048 5.72197
1165 7.06915 -1.574 5.7322
1166 7.03391 -1.54593 5.61948
1167 6.98373 -1.478 5.66958
1168 6.9418 -1.44132 5.58428
1169 6.89542 -1.4025 5.56824
1170 6.82209 -1.32417 5.54093
1171 6.75527 -1.26044 5.52632
1172 6.69935 -1.1964 5.62922
1173 6.65356 -1.14026 5.61703
1174 6.59773 -1.09758 5.49464
1175 6.53007 -1.01726 5.59215
1176 6.43728 -0.907505 5.51577
1177 6.3912 -0.882158 5.43659
1178 6.27557 -0.769042 5.51386
1179 6.18778 -0.68769 5.50586
1180 6.10038 -0.60955 5.4968
1181 6.07794 -0.602971 5.53288
1182 6.04403 -0.571162 5.52089
1183 6.00415 -0.533118 5.51666
1184 5.96009 -0.493537 5.50507
1185 5.90958 -0.447347 5.49708
1186 5.8655 -0.410958 5.49682
1187 5.81581 -0.367663 5.48901
1188 5.76496 -0.324731 5.48238
1189 5.72307 -0.290314 5.47489
1190 5.68299 -0.258838 5.46516
1191 5.63031 -0.212814 5.45568
1192 5.57069 -0.161693 5.44681
1193 5.51375 -0.113442 5.44342
1194 5.44176 -0.0525294 5.43287
1195 5.38591 -0.00637883 5.42921
1196 5.32865 0.0400297 5.41799
1197 5.27663 0.0806223 5.41266
1198 5.24377 0.101553 5.41265
1199 5.18495 0.146517 5.40393
1200 5.12449 0.191929 5.39765
1201 5.06057 0.24039 5.39002
1202 4.98968 0.294119 5.38439
1203 4.94535 0.324908 5.38293
1204 4.89542 0.359102 5.37983
1205 4.82156 0.413632 5.37203
1206 4.7427 0.47224 5.36763
1207 4.67001 0.525722 5.36419
1208 4.61594 0.563148 5.36387
1209 4.53459 0.621466 5.35861
1210 4.47557 0.662832 5.35952
1211 4.40005 0.716435 5.35523
1212 4.33487 0.763072 5.35309
1213 4.26355 0.814054 5.35167
1214 4.18809 0.870448 5.35285
1215 4.12283 0.915502 5.3495
1216 4.05526 0.96183 5.34883
1217 3.97842 1.01544 5.3455
1218 3.90855 1.06494 5.34305
1219 3.84737 1.10797 5.34139
1220 3.78116 1.15423 5.33906
1221 3.70975 1.20398 5.33744
1222 3.61854 1.26422 5.32081
1223 3.5181 1.32917 5.31868
1224 3.4173 1.39827 5.33027
1225 3.34436 1.44706 5.32758
1226 3.26681 1.49673 5.31216
1227 3.19161 1.5425 5.3183
1228 3.10487 1.59677 5.30752
1229 3.00577 1.66099 5.31201
1230 2.92644 1.71002 5.30396
1231 2.85631 1.75375 5.31642
1232 2.79548 1.79275 5.31561
1233 2.75381 1.81375 5.29601
1234 2.72809 1.82027 5.30225
1235 2.6941 1.83384 5.30801
1236 2.64854 1.85814 5.30526
1237 2.61158 1.87702 5.30777
1238 2.55477 1.91153 5.31418
1239 2.49822 1.94698 5.30779
1240 2.45577 1.97094 5.30911
1241 2.41296 1.99574 5.30935
1242 2.36025 2.02715 5.30863
1243 2.30341 2.06134 5.30821
1244 2.2485 2.09579 5.31193
1245 2.18057 2.14139 5.3079
1246 2.09527 2.19662 5.30644
1247 2.02648 2.24086 5.30418
1248 1.96705 2.27892 5.30541
1249 1.92054 2.30961 5.30478
1250 1.87189 2.34143 5.30137
1251 1.81906 2.3747 5.30292
1252 1.76761 2.40818 5.29917
1253 1.72327 2.43553 5.30125
1254 1.6987 2.45053 5.30066
1255 1.65936 2.47498 5.30123
1256 1.61821 2.50149 5.29731
1257 1.58039 2.52418 5.30046
1258 1.55806 2.53766 5.3003
1259 1.52627 2.55753 5.29652
1260 1.49313 2.57716 5.29644
1261 1.46321 2.59476 5.29613
1262 1.45076 2.60035 5.29925
1263 1.43736 2.60757 5.29587
1264 1.41918 2.61706 5.29584
1265 1.4031 2.62507 5.296
1266 1.39711 2.62611 5.29899
1267 1.39885 2.62273 5.29944
1268 1.39376 2.62421 5.29653
1269 1.38032 2.63059 5.29656
1270 1.37075 2.63426 5.29686
1271 1.36106 2.63815 5.297
1272 1.35098 2.64237 5.29717
1273 1.34207 2.64581 5.29732
1274 1.33938 2.6449 5.29873
1275 1.34088 2.64188 5.29771
1276 1.33365 2.64421 5.29784
1277 1.33019 2.64388 5.29908
1278 1.32887 2.64291 5.2982
1279 1.32138 2.64547 5.29829
1280 1.31395 2.64805 5.29846
1281 1.30849 2.6493 5.29864
1282 1.30613 2.64835 5.29926
1283 1.31248 2.64209 5.2997
1284 1.31456 2.63889 5.29907
1285 1.31196 2.63817 5.29998
1286 1.30988 2.63788 5.29932
1287 1.30208 2.64086 5.2995
1288 1.29583 2.64277 5.29966
1289 1.29416 2.64149 5.30011
1290 1.30107 2.63494 5.30058
1291 1.30862 2.628 5.30101
1292 1.3106 2.62495 5.30021
1293 1.30283 2.628 5.30029
1294 1.29397 2.63189 5.30044
1295 1.29173 2.6311 5.30103
1296 1.29052 2.63037 5.30074
1297 1.28326 2.63319 5.30088
1298 1.2769 2.63543 5.30099
1299 1.27269 2.63621 5.30117
1300 1.26759 2.6376 5.30125
