0 28.8079 32.9701 3.51928
1 28.8252 33.0136 3.51966
2 28.8391 33.049 3.51868
0 28.8503 33.0774 3.51747
1 28.8573 33.0949 3.51854
0 28.8606 33.1035 3.51767
1 28.858 33.0969 3.51735
0 28.8476 33.0705 3.5169
1 28.8386 33.0474 3.51608
0 28.8288 33.0226 3.51654
0 28.8228 33.0072 3.51535
1 28.8237 33.0096 3.51478
0 28.8251 33.013 3.51423
1 28.8251 33.013 3.51388
0 28.8251 33.013 3.51376
0 28.8251 33.013 3.51305
1 28.8251 33.013 3.51307
0 28.8251 33.013 3.51231
0 28.8251 33.013 3.51194
1 28.8251 33.013 3.51161
2 28.8251 33.013 3.51081
3 28.8251 33.013 3.51046
4 28.8251 33.013 3.51005
5 28.8251 33.013 3.50966
6 28.8225 33.0063 3.50925
7 28.8135 32.9829 3.50897
8 28.8021 32.9532 3.50861
9 28.7906 32.9233 3.50879
10 28.7799 32.8952 3.50744
11 28.7703 32.8702 3.50666
12 28.7603 32.8439 3.50673
13 28.7506 32.8184 3.50539
14 28.7323 32.7705 3.50626
15 28.7084 32.7073 3.50455
16 28.6897 32.6586 3.50543
17 28.6679 32.6012 3.505
18 28.6431 32.5353 3.50343
19 28.6197 32.4736 3.50371
20 28.5985 32.4167 3.50119
21 28.5739 32.3518 3.50315
22 28.5475 32.2822 3.50376
23 28.5231 32.2174 3.50189
24 28.5005 32.1569 3.5012
25 28.4798 32.1019 3.50097
26 28.4581 32.0434 3.49912
27 28.4325 31.9753 3.49999
28 28.4076 31.9092 3.50081
29 28.3852 31.849 3.49926
30 28.3624 31.7878 3.49855
31 28.3343 31.7122 3.49809
32 28.3092 31.6444 3.49721
33 28.2842 31.5776 3.49866
34 28.2587 31.5089 3.49784
0 28.2336 31.441 3.49662
0 28.2079 31.3718 3.49712
1 28.1779 31.2898 3.49434
2 28.1453 31.2021 3.49635
3 28.1098 31.1071 3.49754
4 28.0805 31.0269 3.49514
5 28.056 30.9609 3.49573
6 28.0225 30.8695 3.49437
7 27.9838 30.7656 3.49621
8 27.9561 30.691 3.49656
9 27.9313 30.623 3.49438
10 27.9002 30.5388 3.49484
11 27.8678 30.4513 3.49553
12 27.8321 30.3543 3.49519
13 27.7968 30.2593 3.49625
14 27.766 30.1751 3.49419
15 27.7258 30.0665 3.4955
16 27.6841 29.954 3.49596
17 27.6464 29.8509 3.49384
18 27.6172 29.7711 3.49345
19 27.5768 29.6614 3.49367
20 27.5383 29.5557 3.49232
21 27.5118 29.483 3.492
22 27.4809 29.3985 3.49223
23 27.444 29.2976 3.492
24 27.4163 29.2218 3.49194
25 27.3914 29.1526 3.4901
26 27.3601 29.0665 3.48988
27 27.3288 28.9805 3.49065
28 27.2945 28.8863 3.49038
29 27.2669 28.8096 3.4892
30 27.2429 28.7433 3.48891
31 27.2188 28.6765 3.48848
32 27.2167 28.7257 3.69062
33 27.0482 28.3187 3.48642
34 27.0718 28.3912 3.68546
35 27.0094 28.2654 3.6909
36 26.8917 27.9914 3.48787
37 26.8667 27.9107 3.48675
38 26.8652 27.9517 3.68288
39 26.7616 27.7022 3.48858
40 26.7697 27.7487 3.68403
41 26.7099 27.6405 3.69004
42 26.6497 27.5275 3.68659
43 26.5542 27.2997 3.48741
44 26.5435 27.3036 3.67971
45 26.4908 27.2057 3.68527
46 26.4056 26.9989 3.48873
47 26.3981 27.0061 3.67748
48 26.3493 26.9166 3.68453
49 26.2633 26.7091 3.4884
50 26.2403 26.6865 3.67743
51 26.1692 26.5544 3.6817
52 26.1179 26.447 3.68364
53 26.059 26.3341 3.68127
54 26.0087 26.2343 3.67981
55 25.9542 26.13 3.67832
56 25.9 26.0233 3.67696
57 25.8393 25.9032 3.67449
58 25.7787 25.7811 3.67129
59 25.6997 25.5786 3.4851
60 25.6847 25.5087 3.48137
61 25.6594 25.4357 3.48275
62 25.6252 25.3391 3.48215
63 25.596 25.2554 3.4799
64 25.5669 25.1723 3.47942
65 25.5354 25.0822 3.47857
66 25.5059 24.997 3.47675
67 25.4771 24.914 3.47599
68 25.4439 24.8186 3.47656
69 25.4112 24.7239 3.47493
70 25.3775 24.6251 3.47258
71 25.3453 24.5314 3.47298
72 25.3139 24.4402 3.4732
73 25.2818 24.3468 3.47271
74 25.2462 24.2433 3.47273
75 25.2126 24.1454 3.4727
76 25.1811 24.0536 3.4723
77 25.1561 23.9808 3.47228
78 25.1235 23.886 3.47234
79 25.0938 23.7994 3.47223
80 25.0642 23.7131 3.47224
81 25.0037 23.6319 3.7788
82 24.9747 23.5561 3.84404
83 24.9468 23.492 3.90141
84 24.9587 23.4288 3.47012
85 24.915 23.3687 3.89895
86 24.9275 23.3213 3.46754
87 24.9129 23.2236 3.46682
88 24.8605 23.1894 3.94514
89 24.9051 23.2136 3.46435
90 24.8936 23.1159 3.46268
91 24.8576 23.1055 3.95254
92 24.9306 23.2449 3.97607
93 24.9948 23.3685 3.96141
94 25.0499 23.4688 3.95062
95 25.0986 23.554 3.93871
96 25.1507 23.6335 3.9256
97 25.1997 23.7039 3.91119
98 25.2581 23.7789 3.895
99 25.3122 23.8492 3.87811
100 25.356 23.904 3.85719
101 25.4058 23.961 3.84094
102 25.468 24.0034 3.44394
103 25.4608 23.9149 3.44161
104 25.4358 23.8269 3.43906
105 25.4091 23.7385 3.43787
106 25.3812 23.6459 3.43561
107 25.3559 23.5606 3.4333
108 25.3265 23.4623 3.43218
109 25.2988 23.3682 3.43009
110 25.2705 23.271 3.42773
111 25.2443 23.1804 3.42552
112 25.2164 23.0841 3.42471
113 25.1861 22.9781 3.42445
114 25.132 22.9034 3.78491
115 25.1262 22.829 3.67608
116 25.0862 22.736 3.76475
117 25.0583 22.6405 3.76655
118 25.0177 22.5292 3.78411
119 24.9803 22.4158 3.7986
120 24.9401 22.298 3.80674
121 24.9115 22.1892 3.8176
122 24.8739 22.0729 3.82054
123 24.8368 21.9543 3.82861
124 24.8002 21.835 3.83399
125 24.7704 21.7112 3.74196
126 24.7232 21.5856 3.81308
127 24.6819 21.4523 3.80957
128 24.6341 21.3134 3.82096
129 24.5884 21.1729 3.82722
130 24.5485 21.0387 3.83242
131 24.5123 20.9109 3.83764
132 24.4678 20.7754 3.84357
133 24.4107 20.6221 3.84746
134 24.3357 20.4423 3.85182
135 24.2777 20.2728 3.85777
136 24.2084 20.094 3.86109
137 24.1424 19.9141 3.86635
138 24.0719 19.7286 3.87175
139 23.9978 19.5369 3.87537
140 23.9095 19.3113 3.83114
141 23.83 19.1062 3.84161
142 23.7455 18.892 3.84466
143 23.651 18.6642 3.84778
144 23.5794 18.4588 3.85047
145 23.4771 18.2218 3.85936
146 23.3864 17.9884 3.86332
147 23.2948 17.753 3.87296
148 23.2001 17.5132 3.88024
149 23.0943 17.2253 3.816
150 22.9948 16.9685 3.81971
151 22.89 16.7025 3.8264
152 22.7914 16.4388 3.83448
153 22.6883 16.1686 3.83909
154 22.5844 15.8625 3.75582
155 22.5174 15.6444 3.7544
156 22.453 15.4352 3.76189
157 22.3964 15.2364 3.76975
158 22.3429 15.0461 3.77628
159 22.2889 14.8575 3.78436
160 22.2363 14.6719 3.79248
161 22.1677 14.4674 3.8003
162 22.1289 14.294 3.80776
163 22.0849 14.1259 3.81652
164 22.0397 13.9575 3.82611
165 21.9821 13.7754 3.83313
166 21.9285 13.5929 3.8431
167 21.8826 13.4198 3.85398
168 21.8476 13.2635 3.86506
169 21.7889 13.0864 3.87563
170 21.7365 12.9084 3.8842
171 21.6957 12.7436 3.89644
172 21.6613 12.5905 3.9069
173 21.6105 12.4263 3.91918
174 21.5668 12.2638 3.93268
175 21.5418 12.1218 3.94468
176 21.5166 11.9882 3.95938
177 21.4845 11.8512 3.97066
178 21.4714 11.7305 3.98373
179 21.4332 11.5963 3.998
180 21.3826 11.4449 4.00916
181 21.3504 11.3011 4.02641
182 21.3134 11.1368 3.96956
183 21.2671 11.0124 4.05992
184 21.2292 10.8638 4.02366
185 21.1858 10.7 4.02292
186 21.164 10.5959 4.091
187 21.1003 10.394 4.05891
188 21.0374 10.209 4.05615
189 20.9712 10.0353 4.08895
190 20.9568 9.82032 3.41296
191 20.8599 9.68303 4.08993
192 20.7912 9.55324 4.16357
193 20.7554 9.42189 4.18628
194 20.711 9.29173 4.21756
195 20.7074 9.18507 4.24457
196 20.7037 9.0942 4.27126
197 20.7138 9.01748 4.29829
198 20.6849 8.93337 4.32719
199 20.722 8.79103 3.41858
200 20.7218 8.6013 3.41906
201 20.6836 8.44604 3.41997
202 20.6433 8.30358 3.42057
203 20.5984 8.14752 3.42125
204 20.5579 8.00748 3.42224
205 20.5187 7.87205 3.42194
206 20.4181 7.76131 3.89792
207 20.3916 7.625 3.75732
208 20.3325 7.49608 3.86348
209 20.3065 7.38816 3.86944
210 20.2848 7.29544 3.89449
211 20.2767 7.22177 3.90882
212 20.2696 7.15581 3.92045
213 20.2702 7.10044 3.92968
214 20.272 7.05056 3.9362
215 20.2768 7.00625 3.94276
216 20.2899 6.97229 3.94635
217 20.292 6.93112 3.9495
218 20.2951 6.8889 3.95011
219 20.319 6.86641 3.95282
220 20.3455 6.85279 3.95317
221 20.3715 6.84142 3.95271
222 20.3803 6.81408 3.95241
223 20.4129 6.80459 3.95057
224 20.4418 6.79707 3.94806
225 20.4771 6.79668 3.94633
226 20.5082 6.79473 3.94666
227 20.5282 6.77874 3.93946
228 20.5477 6.75794 3.93608
229 20.6433 6.78932 3.6928
230 20.5937 6.6406 3.69472
231 20.5373 6.50277 3.7874
232 20.4837 6.35847 3.81567
233 20.4149 6.19483 3.84439
234 20.3665 6.04749 3.86319
235 20.311 5.89508 3.88071
236 20.2634 5.75874 3.89667
237 20.209 5.60871 3.90318
238 20.1624 5.46625 3.91372
239 20.1009 5.30899 3.92409
240 20.0523 5.16318 3.93271
241 20.0054 5.02035 3.94146
242 19.9546 4.87524 3.94929
243 19.9085 4.735 3.95706
244 19.8532 4.58707 3.96581
245 19.8092 4.44806 3.97365
246 19.7721 4.31919 3.98135
247 19.7145 4.17506 3.98863
248 19.6683 4.03568 3.9976
249 19.6061 3.88574 4.00577
250 19.5681 3.75447 4.01337
251 19.506 3.60701 4.02205
252 19.4678 3.47591 4.02988
253 19.4199 3.34152 4.03793
254 19.4108 3.27802 4.09993
255 19.3801 3.16116 4.1034
256 19.3274 3.03496 4.11378
257 19.2258 2.80975 4.04685
258 19.2445 2.77863 4.14228
259 19.2202 2.67851 4.14622
260 19.1942 2.57877 4.15583
261 19.1734 2.48273 4.16563
262 19.0535 2.2506 4.08326
263 18.9721 2.09962 4.1196
264 18.9384 1.98093 4.12714
265 18.8757 1.84852 4.1367
266 18.8239 1.72076 4.14593
267 18.878 1.73147 4.24077
268 18.8448 1.63949 4.24619
269 18.8056 1.53893 4.26102
270 18.6635 1.28646 4.16493
271 18.7225 1.31021 4.29837
272 18.5736 1.06817 4.20311
273 18.5182 0.945682 4.22581
274 18.4633 0.830311 4.24311
275 18.4072 0.717328 4.25794
276 18.3449 0.6025 4.27337
277 18.272 0.483278 4.29286
278 18.1993 0.363959 4.31264
279 18.132 0.250441 4.33203
280 18.1345 0.191252 4.1868
281 18.1364 0.141351 4.1848
282 18.1436 0.101463 4.19699
283 18.1278 0.0525494 4.2115
284 18.1214 0.00689391 4.22235
285 18.1266 -0.0293383 4.23547
286 18.1332 -0.0604628 4.24857
287 18.1208 -0.0989034 4.26223
288 18.0997 -0.143992 4.27739
289 18.0948 -0.181202 4.28809
290 18.0843 -0.217258 4.30297
291 18.0876 -0.247053 4.31809
292 18.0829 -0.275596 4.32984
293 18.0729 -0.306431 4.34215
294 18.1062 -0.315157 4.26136
295 18.0505 -0.37228 4.37343
296 18.0541 -0.393208 4.33067
297 18.0116 -0.44072 4.40798
298 17.993 -0.47126 4.42459
299 17.9751 -0.502673 4.37707
300 17.9258 -0.552825 4.46344
301 17.9167 -0.57647 4.47459
302 17.8975 -0.602533 4.48908
303 17.8721 -0.631727 4.50989
304 17.8594 -0.657608 4.52519
305 17.837 -0.682385 4.54031
306 17.8124 -0.709016 4.55543
307 17.7783 -0.736589 4.57615
308 17.7366 -0.76705 4.59204
309 17.6956 -0.797494 4.61335
310 17.6769 -0.822962 4.62883
311 17.6527 -0.843954 4.64373
312 17.6185 -0.865741 4.6585
313 17.5819 -0.88781 4.58367
314 17.4608 -0.949707 4.62691
315 17.3549 -0.99805 4.64847
316 17.2541 -1.04044 4.66354
317 17.1676 -1.07729 4.67229
318 17.0818 -1.10819 4.69174
319 17.0008 -1.13463 4.70499
320 16.9196 -1.15829 4.71768
321 16.8237 -1.1789 4.73628
322 16.7381 -1.19844 4.74864
323 16.6385 -1.21409 4.7603
324 16.5841 -1.2092 4.63626
325 16.4406 -1.23746 4.78869
326 16.3469 -1.2478 4.79831
327 16.2548 -1.25834 4.89672
328 16.219 -1.25039 4.90814
329 16.1761 -1.24175 4.91898
330 16.131 -1.23512 4.92992
331 16.081 -1.2276 4.94042
332 16.033 -1.22115 4.95096
333 15.9822 -1.21316 4.961
334 15.9284 -1.20454 4.9706
335 15.8736 -1.19619 4.97988
336 15.8198 -1.18801 4.99124
337 15.7751 -1.18163 4.99662
338 15.7164 -1.16786 4.99936
339 15.6604 -1.15962 5.00079
340 15.5994 -1.148 4.99998
341 15.5301 -1.13535 4.99694
342 15.4559 -1.12298 4.99346
343 15.3786 -1.11057 4.98958
344 15.2927 -1.09663 4.98566
345 15.2062 -1.08486 4.98355
346 15.1097 -1.07033 4.98142
347 14.9981 -1.05573 4.97991
348 14.8881 -1.04627 4.98028
349 14.779 -1.03561 4.98085
350 14.6693 -1.02421 4.98214
351 14.5487 -1.01065 4.98583
352 14.4289 -0.999552 4.98892
353 14.3102 -0.988426 4.99293
354 14.1916 -0.97626 4.99779
355 14.0679 -0.962457 5.00315
356 14.1017 -0.931392 4.2356
357 14.0807 -0.949449 4.24245
358 14.0568 -0.962185 4.24957
359 14.0314 -0.974698 4.25313
360 14.0063 -0.986762 4.26072
361 13.9852 -0.996399 4.26927
362 13.9634 -1.0065 4.27384
363 13.934 -1.0198 4.28341
364 13.8081 -1.0489 4.3466
365 13.7787 -1.06397 4.30522
366 13.7419 -1.07992 4.31071
367 13.5868 -1.10842 4.51892
368 13.6085 -1.10933 4.33069
369 13.5829 -1.12187 4.33965
370 13.5565 -1.13204 4.34393
371 13.5311 -1.14144 4.3524
372 13.4949 -1.15462 4.36024
373 13.4466 -1.17223 4.36391
374 13.2831 -1.20637 4.57768
375 13.2008 -1.22571 4.60497
376 13.2411 -1.21751 4.38489
377 13.2227 -1.2262 4.39011
378 13.2029 -1.23281 4.39495
379 13.1903 -1.23678 4.39688
380 13.1755 -1.24153 4.40027
381 13.0283 -1.27774 4.6363
382 13.0967 -1.26014 4.40539
383 12.9595 -1.29491 4.65314
384 12.8937 -1.30909 4.67246
385 12.955 -1.29348 4.41723
386 12.9372 -1.3011 4.42397
387 12.9148 -1.30768 4.43157
388 12.8889 -1.31476 4.43982
389 12.8614 -1.32224 4.44433
390 12.8296 -1.33016 4.45915
391 12.6308 -1.36669 4.71431
392 12.6569 -1.35871 4.47605
393 12.4779 -1.39588 4.74676
394 12.3935 -1.41112 4.77722
395 12.3099 -1.42097 4.78854
396 12.3352 -1.41054 4.52074
397 12.2878 -1.426 4.53173
398 12.2457 -1.43292 4.543
399 12.2011 -1.44007 4.54835
400 12.155 -1.44664 4.55942
401 12.1091 -1.45271 4.57075
402 12.058 -1.45904 4.58164
403 12.0017 -1.46531 4.59257
404 11.9536 -1.46987 4.60307
405 11.8959 -1.47516 4.61276
406 11.8425 -1.47939 4.62224
407 11.7804 -1.48411 4.63116
408 11.7214 -1.48775 4.63959
409 11.6622 -1.49148 4.64394
410 11.5984 -1.49487 4.65291
411 11.5394 -1.49723 4.66216
412 11.4724 -1.49958 4.67142
413 11.3942 -1.50153 4.68165
414 11.3204 -1.50163 4.69484
415 11.2595 -1.50143 4.70263
416 11.1983 -1.50116 4.70937
417 11.1205 -1.50038 4.71882
418 11.0354 -1.49877 4.72612
419 10.9591 -1.49643 4.73306
420 10.8772 -1.49356 4.74093
421 10.8063 -1.49063 4.74536
422 10.7397 -1.48724 4.75374
423 10.6643 -1.48319 4.76115
424 10.5649 -1.4771 4.77002
425 10.4747 -1.4698 4.78139
426 10.3623 -1.46019 4.79197
427 10.2704 -1.45093 4.79954
428 10.1708 -1.44037 4.81017
429 10.0754 -1.42901 4.81976
430 9.97072 -1.41612 4.82792
431 9.8736 -1.40284 4.83728
432 9.7785 -1.38915 4.84538
433 9.68428 -1.37501 4.85302
434 9.59514 -1.36086 4.86068
435 9.49814 -1.34518 4.86708
436 9.40174 -1.32891 4.87278
437 9.31203 -1.31368 4.87567
438 9.21424 -1.29659 4.88108
439 9.1018 -1.27655 4.88587
440 8.9899 -1.2558 4.89055
441 8.89377 -1.23739 4.89525
442 8.77849 -1.21513 4.89984
443 8.67307 -1.19403 4.90441
444 8.57173 -1.17334 4.90863
445 8.46735 -1.15181 4.91251
446 8.3609 -1.1293 4.91636
447 8.24989 -1.10553 4.92024
448 8.15179 -1.08396 4.92365
449 8.05907 -1.06332 4.92724
450 7.95717 -1.04039 4.92775
451 7.84482 -1.01484 4.93393
452 7.72408 -0.959256 5.16596
453 7.59969 -0.933689 5.11913
454 7.43525 -0.890593 5.10088
455 7.27842 -0.846299 5.12766
456 7.11414 -0.800839 5.13489
457 6.95622 -0.757922 5.14311
458 6.78109 -0.70666 5.15076
459 6.61302 -0.659074 5.15824
460 6.42218 -0.5996 5.165
461 6.23525 -0.543251 5.17171
462 6.04092 -0.482479 5.1782
463 5.84998 -0.423139 5.1845
464 5.665 -0.365474 5.1904
465 5.47504 -0.304567 5.19646
466 5.28549 -0.243234 5.20197
467 5.08633 -0.176247 5.20828
468 4.88318 -0.106928 5.21406
469 4.68824 -0.0411254 5.2192
470 4.50419 0.0200476 5.22383
471 4.31477 0.0852863 5.23159
472 4.10931 0.160206 5.23813
473 3.92284 0.224323 5.24378
474 3.71795 0.301124 5.24974
475 3.53581 0.364319 5.25648
476 3.35644 0.428409 5.26175
477 3.15337 0.511552 5.30408
478 2.93024 0.607145 5.32683
479 2.71568 0.696599 5.33741
480 2.46858 0.809389 5.35083
481 2.29081 0.869551 5.29432
482 2.12159 0.935769 5.29981
483 1.96533 0.994085 5.30646
484 1.80807 1.0552 5.31225
485 1.66545 1.10712 5.31885
486 1.52418 1.16027 5.32427
487 1.39147 1.20778 5.33023
488 1.25718 1.25833 5.33613
489 1.1315 1.30354 5.3412
490 1.01343 1.34464 5.34654
491 0.897724 1.38508 5.35166
492 0.786389 1.42343 5.35633
493 0.679149 1.45978 5.36121
494 0.571359 1.49771 5.36595
495 0.474051 1.52839 5.3701
496 0.380701 1.55751 5.37435
497 0.285371 1.58889 5.37855
498 0.199253 1.61359 5.3823
499 0.121023 1.63413 5.38634
500 0.0452444 1.6542 5.39046
501 -0.0288447 1.67383 5.39395
502 -0.0998729 1.68873 5.37235
503 -0.168855 1.70752 5.40165
504 -0.228154 1.71777 5.40429
505 -0.282207 1.72519 5.40746
506 -0.332418 1.73062 5.41062
507 -0.37844 1.73391 5.41351
508 -0.420069 1.73458 5.41639
509 -0.458321 1.73338 5.41896
510 -0.49105 1.7288 5.42156
511 -0.536362 1.73235 5.39226
512 -0.57115 1.73091 5.40999
513 -0.599496 1.72534 5.41284
514 -0.616427 1.71327 5.43164
515 -0.652178 1.71331 5.41529
516 -0.678325 1.70807 5.42074
517 -0.701567 1.70123 5.42293
518 -0.712175 1.68652 5.43961
519 -0.729389 1.67638 5.44037
520 -0.765632 1.67935 5.42452
521 -0.769386 1.66121 5.44494
522 -0.784568 1.65077 5.44555
523 -0.822861 1.65647 5.43039
524 -0.821842 1.63587 5.44998
525 -0.856071 1.63957 5.43559
526 -0.853038 1.61803 5.45325
527 -0.864465 1.60663 5.45366
528 -0.901203 1.61316 5.4389
529 -0.895027 1.59028 5.45774
530 -0.903394 1.57763 5.45807
531 -0.940503 1.58551 5.44352
532 -0.930524 1.56061 5.46211
533 -0.966463 1.56824 5.44796
534 -0.982681 1.5624 5.45184
535 -0.999514 1.55728 5.45336
536 -0.98869 1.53241 5.46779
537 -0.997659 1.52192 5.46791
538 -1.03601 1.53292 5.45367
539 -1.04987 1.52672 5.45879
540 -1.06395 1.52087 5.46016
541 -1.04926 1.49408 5.47429
542 -1.08542 1.50467 5.46042
543 -1.07061 1.4782 5.47665
544 -1.10405 1.48729 5.46286
545 -1.11551 1.48057 5.46623
546 -1.10091 1.45464 5.48028
547 -1.13356 1.46391 5.46628
548 -1.14483 1.45763 5.4697
549 -1.15361 1.44967 5.47076
