0 21.3991 15.1976 3.82043
1 21.4009 15.2082 3.82015
2 21.402 15.2172 3.81999
3 21.4024 15.2252 3.8197
4 21.3996 15.2297 3.81945
5 21.3994 15.2373 3.81913
6 21.4022 15.2475 3.819
7 21.4014 15.2534 3.81877
8 21.4035 15.2625 3.81859
9 21.4036 15.2695 3.81838
10 21.3998 15.2722 3.81808
11 21.3978 15.2765 3.81781
12 21.3963 15.2814 3.81757
13 21.3955 15.2869 3.81735
14 21.3946 15.2925 3.8171
15 21.3931 15.2972 3.81688
16 21.3917 15.3018 3.81661
17 21.3924 15.3087 3.81648
18 21.3928 15.3151 3.81631
19 21.3901 15.3177 3.81608
20 21.3854 15.318 3.8158
21 21.3844 15.3225 3.81566
22 21.3819 15.3253 3.81537
23 21.3806 15.3297 3.81518
24 21.3729 15.3247 3.8149
25 21.3696 15.3259 3.81465
26 21.3648 15.3254 3.81434
27 21.3605 15.3245 3.81417
28 21.3513 15.3181 3.81383
29 21.3387 15.308 3.81343
30 21.3253 15.2965 3.81313
31 21.3072 15.2788 3.8128
32 21.2838 15.255 3.81231
33 21.2551 15.2253 3.81163
34 21.2196 15.1868 3.81135
35 21.1917 15.1562 3.81091
36 21.157 15.1176 3.8106
37 21.1139 15.0687 3.81022
38 21.0675 15.0155 3.80945
39 21.0236 14.9644 3.80911
40 20.9705 14.9019 3.80883
41 20.9148 14.8356 3.80836
42 20.8573 14.7677 3.80777
43 20.7902 14.6872 3.8075
44 20.7144 14.5955 3.80677
45 20.6465 14.5129 3.80624
46 20.574 14.4248 3.80539
47 20.4775 14.3055 3.80392
48 20.3986 14.2088 3.80351
49 20.3168 14.1077 3.8024
50 20.2295 14.0016 3.80264
51 20.1372 13.8859 3.79992
52 20.037 13.762 3.80079
53 19.9352 13.6356 3.79892
54 19.8415 13.5191 3.79781
55 19.748 13.4024 3.79736
56 19.6464 13.2753 3.79626
57 19.5538 13.1594 3.79485
58 19.4682 13.0483 3.78206
59 19.3835 12.9378 3.78034
60 19.2921 12.8176 3.7785
61 19.2012 12.6989 3.79331
62 19.105 12.5728 3.79324
63 19.0119 12.4504 3.79205
64 18.9375 12.3522 3.78994
65 18.8569 12.2455 3.78741
66 18.7634 12.1214 3.78597
67 18.6581 11.9813 3.78624
68 18.5291 11.8245 3.77836
69 18.405 11.6694 3.77362
70 18.2463 11.4543 3.75306
71 18.1426 11.325 3.76363
72 18.0306 11.1782 3.75973
73 17.901 10.9931 3.73209
74 17.7929 10.8337 3.72694
75 17.6828 10.6722 3.73887
76 17.564 10.5057 3.74275
77 17.5839 10.537 3.69799
78 17.5814 10.5192 3.69263
79 17.577 10.4864 3.68561
80 17.5575 10.4337 3.68401
81 17.544 10.3938 3.68379
82 17.5288 10.3516 3.68261
83 17.5072 10.3059 3.69227
84 17.4801 10.2527 3.69183
85 17.4516 10.1922 3.68159
86 17.4152 10.1211 3.68002
87 17.3658 10.028 3.67902
88 17.3201 9.9426 3.67808
89 17.2936 9.8901 3.67771
90 17.2603 9.82616 3.67665
91 17.2101 9.73382 3.67606
92 17.1595 9.64204 3.67617
93 17.1047 9.5433 3.67573
94 17.042 9.4321 3.67534
95 16.9879 9.33513 3.67464
96 16.9315 9.23428 3.67343
97 16.8624 9.11134 3.67238
98 16.7909 8.9856 3.67191
99 16.7107 8.84943 3.67356
100 16.6213 8.69542 3.67287
101 16.5424 8.559 3.67188
102 16.4541 8.4063 3.67152
103 16.3833 8.28327 3.67149
104 16.3096 8.15446 3.67285
105 16.2291 8.01503 3.66963
106 16.151 7.87865 3.6683
107 16.0645 7.72757 3.66794
108 15.9918 7.60014 3.66933
109 15.9124 7.46088 3.66629
110 15.8332 7.32145 3.6657
111 15.7586 7.18715 3.66563
112 15.6796 7.04693 3.66625
113 15.6066 6.91826 3.6666
114 15.525 6.77469 3.66702
115 15.4572 6.65567 3.66735
116 15.3867 6.53144 3.6678
117 15.3166 6.40857 3.66887
118 15.2443 6.28247 3.66959
119 15.1744 6.16082 3.67031
120 15.1073 6.04375 3.67096
121 15.0332 5.91527 3.67194
122 14.9631 5.79436 3.67364
123 14.8279 5.58371 3.70194
124 14.743 5.43888 3.67651
125 14.669 5.31323 3.67728
126 14.5879 5.17553 3.67918
127 14.5051 5.03604 3.68074
128 14.4367 4.92096 3.68237
129 14.3811 4.82647 3.68645
130 14.3208 4.72435 3.68825
131 14.2625 4.62566 3.68987
132 14.196 4.51444 3.69252
133 14.1332 4.41022 3.69554
134 14.0701 4.3061 3.69879
135 14.0033 4.19682 3.70121
136 13.9319 4.08121 3.70488
137 13.8652 3.97427 3.70929
138 13.8018 3.87308 3.71236
139 13.7369 3.7705 3.717
140 13.6694 3.66492 3.72159
141 13.5972 3.55316 3.72535
142 13.5228 3.44046 3.73455
143 13.4506 3.33214 3.73928
144 13.3819 3.233 3.75243
145 13.3034 3.121 3.7551
146 13.2268 3.01162 3.76125
147 13.1488 2.90228 3.77127
148 13.0733 2.79817 3.77799
149 13.002 2.7039 3.79379
150 12.9342 2.61881 3.80614
151 12.8528 2.51595 3.81258
152 12.7588 2.39795 3.82479
153 12.6812 2.30524 3.83668
154 12.6037 2.21906 3.85055
155 12.5257 2.13383 3.86028
156 12.4345 2.03424 3.86893
157 12.3368 1.92423 3.87883
158 12.2455 1.82732 3.89941
159 12.1448 1.72055 3.91114
160 12.0412 1.61546 3.92974
161 11.9375 1.51329 3.94369
162 11.8329 1.41358 3.96352
163 11.7254 1.31518 3.98412
164 11.6104 1.21494 4.00526
165 11.5155 1.13491 4.02081
166 11.4154 1.05358 4.04162
167 11.3262 0.983491 4.05713
168 11.2455 0.921758 4.07315
169 11.1416 0.846311 4.09602
170 11.0459 0.780091 4.11214
171 10.9248 0.700851 4.13495
172 10.8257 0.639742 4.15993
173 10.7367 0.587768 4.17736
174 10.6429 0.530194 4.16294
175 10.527 0.464619 4.1743
176 10.432 0.416429 4.19495
177 10.338 0.369676 4.21245
178 10.2378 0.331125 4.28023
179 10.1418 0.29333 4.30805
180 10.0425 0.257128 4.32534
181 9.93916 0.21351 4.29501
182 9.8385 0.172644 4.30293
183 9.7418 0.136735 4.31849
184 9.60554 0.104978 4.41768
185 9.51157 0.0757337 4.38026
186 9.42608 0.0463401 4.37347
187 9.18614 -0.056152 4.42034
188 9.09285 -0.0869368 4.40375
189 8.99248 -0.114464 4.42108
190 8.86252 -0.147157 4.43709
191 8.7606 -0.166394 4.46365
192 8.66606 -0.185715 4.47647
193 8.5494 -0.207107 4.494
194 8.44472 -0.222607 4.51696
195 8.3691 -0.232568 4.53332
196 8.28321 -0.24313 4.5542
197 8.19834 -0.251907 4.57265
198 8.10385 -0.261203 4.58578
199 8.01709 -0.267565 4.60186
200 7.9067 -0.276671 4.63782
201 7.80257 -0.294373 4.63111
202 7.70713 -0.299656 4.64647
203 7.61642 -0.300904 4.66359
204 7.5233 -0.299205 4.68596
205 7.42237 -0.296329 4.70331
206 7.31963 -0.291453 4.72049
207 7.21645 -0.284489 4.73926
208 7.10894 -0.273881 4.7621
209 7.02272 -0.264016 4.78063
210 6.93163 -0.252563 4.79815
211 6.83966 -0.239141 4.81863
212 6.74055 -0.224103 4.83042
213 6.63364 -0.205277 4.84769
214 6.53187 -0.183503 4.87399
215 6.43946 -0.163082 4.8909
216 6.36749 -0.146112 4.90538
217 6.30127 -0.13075 4.91525
218 6.20792 -0.108285 4.92867
219 6.09831 -0.0801369 4.93964
220 5.98342 -0.0463545 4.96007
221 5.88724 -0.0162095 4.97772
222 5.80785 0.0443504 5.11232
223 5.80171 0.142318 5.04906
224 5.6881 0.178361 5.02034
225 5.58097 0.21631 5.02937
226 5.48362 0.252918 5.04248
227 5.38323 0.291537 5.05463
228 5.34784 0.324144 5.01766
229 5.19782 0.343025 5.04571
230 5.05337 0.366316 5.0577
231 4.91861 0.388252 5.07283
232 4.7721 0.418141 5.08584
233 4.69294 0.443592 5.08661
234 4.61677 0.460797 5.0982
235 4.52165 0.484222 5.1035
236 4.45804 0.507471 5.11862
237 4.38318 0.530047 5.12593
238 4.29003 0.559605 5.12994
239 4.21694 0.58866 5.14552
240 4.12802 0.621298 5.15429
241 4.03907 0.655407 5.16068
242 3.95361 0.689292 5.16893
243 3.86283 0.72749 5.17443
244 3.75829 0.773735 5.18183
245 3.65656 0.819836 5.18837
246 3.54584 0.872824 5.19422
247 3.44552 0.922028 5.19843
248 3.337 0.974775 5.20022
249 3.24066 1.02512 5.20757
250 3.11708 1.08852 5.21148
251 2.99881 1.15016 5.21495
252 2.89663 1.20438 5.21731
253 2.79255 1.26049 5.2197
254 2.67443 1.32413 5.22153
255 2.54865 1.39268 5.21972
256 2.44203 1.44953 5.2254
257 2.3088 1.52314 5.22355
258 2.20807 1.57708 5.2295
259 2.10024 1.65949 5.24638
260 1.9918 1.72323 5.22852
261 1.87628 1.7864 5.23424
262 1.7475 1.85906 5.23651
263 1.61466 1.95579 5.24396
264 1.52901 2.00376 5.23923
265 1.3977 2.09445 5.25228
266 1.27565 2.17954 5.25291
267 1.1629 2.2453 5.24363
268 1.03769 2.31782 5.24575
269 0.910692 2.39126 5.24366
270 0.796511 2.45703 5.24923
271 0.685992 2.5221 5.25129
272 0.574456 2.58806 5.253
273 0.461713 2.65504 5.2549
274 0.346635 2.72384 5.25686
275 0.226207 2.79612 5.25907
276 0.107159 2.86808 5.26094
277 -0.00876214 2.93857 5.26318
278 -0.124155 3.00903 5.26523
279 -0.235494 3.07704 5.26667
280 -0.340054 3.14119 5.26424
281 -0.472875 3.22242 5.26656
282 -0.59914 3.30011 5.26859
283 -0.711637 3.36975 5.27539
284 -0.830956 3.44381 5.27051
285 -0.935075 3.50925 5.27907
286 -1.05192 3.58304 5.27385
287 -1.17638 3.66103 5.27547
288 -1.2753 3.72415 5.28403
289 -1.38023 3.79242 5.28728
290 -1.48008 3.85853 5.28623
291 -1.56178 3.91153 5.28586
292 -1.66255 3.97571 5.28423
293 -1.77634 4.04972 5.28842
294 -1.89001 4.124 5.29482
295 -2.00213 4.19791 5.2916
296 -2.12873 4.27993 5.28927
297 -2.24607 4.35632 5.28925
298 -2.36523 4.43416 5.29077
299 -2.47144 4.50464 5.29891
300 -2.58676 4.58226 5.30169
301 -2.69726 4.65677 5.30126
302 -2.82553 4.74337 5.30219
303 -2.95556 4.83214 5.30643
304 -3.06356 4.90669 5.30098
305 -3.17484 4.98186 5.30685
306 -3.28333 5.05655 5.31038
307 -3.41725 5.14538 5.30034
308 -3.51613 5.21318 5.30101
309 -3.62707 5.28526 5.29482
310 -3.75 5.36621 5.29486
311 -3.84501 5.43323 5.29274
312 -3.94054 5.50001 5.29503
313 -4.04104 5.57028 5.29666
314 -4.1567 5.65068 5.29694
315 -4.27637 5.73245 5.29724
316 -4.38514 5.80736 5.29995
317 -4.48582 5.87323 5.28465
318 -4.5889 5.94216 5.28399
319 -4.69929 6.01723 5.28942
320 -4.81172 6.09145 5.28953
321 -4.93656 6.17337 5.28945
322 -5.04326 6.24296 5.28589
323 -5.1591 6.3201 5.2867
324 -5.26944 6.3946 5.29074
325 -5.39202 6.47621 5.30097
326 -5.51208 6.55869 5.29796
327 -5.63574 6.64356 5.31019
328 -5.75529 6.72942 5.32275
329 -5.86687 6.80807 5.32433
330 -5.98165 6.88885 5.32489
331 -6.11559 6.983 5.32491
332 -6.22624 7.06088 5.32522
333 -6.37613 7.1569 5.28681
334 -6.5288 7.25657 5.28287
335 -6.64162 7.33457 5.30351
336 -6.73527 7.40325 5.31694
337 -6.81255 7.4563 5.31128
338 -6.89694 7.51248 5.29665
339 -6.99435 7.57835 5.3096
340 -7.10954 7.65274 5.28497
341 -7.25595 7.74877 5.28341
342 -7.35459 7.81668 5.29647
343 -7.46411 7.88942 5.2969
344 -7.56747 7.95568 5.2846
345 -7.68154 8.03073 5.28416
346 -7.79646 8.10649 5.28374
347 -7.88493 8.16506 5.28402
348 -8.00584 8.2447 5.28479
349 -8.09026 8.30106 5.28548
350 -8.1984 8.37311 5.28604
351 -8.32244 8.45528 5.28648
352 -8.41602 8.51861 5.2881
353 -8.52816 8.59035 5.28533
354 -8.61169 8.64618 5.28614
355 -8.70686 8.70961 5.28705
356 -8.83204 8.79326 5.28962
357 -8.91852 8.8489 5.28661
358 -9.05425 8.93945 5.29048
359 -9.15092 9.00387 5.29449
360 -9.26403 9.07711 5.29026
361 -9.36946 9.1466 5.29165
362 -9.47205 9.21513 5.29494
363 -9.59136 9.29331 5.29363
364 -9.70225 9.36658 5.29256
365 -9.83028 9.4507 5.29314
366 -9.94777 9.52878 5.29473
367 -10.0626 9.60558 5.29569
368 -10.183 9.68523 5.29492
369 -10.2964 9.76124 5.29602
370 -10.4125 9.83919 5.29695
371 -10.5298 9.91803 5.29827
372 -10.6515 9.99946 5.29714
373 -10.7691 10.0771 5.28965
374 -10.8788 10.1517 5.28928
375 -10.9787 10.2195 5.28936
376 -11.0957 10.2982 5.28948
377 -11.2321 10.3873 5.28918
378 -11.3375 10.4586 5.28943
379 -11.4462 10.532 5.29015
380 -11.5557 10.6061 5.28943
381 -11.6681 10.6793 5.28813
382 -11.7692 10.7473 5.29028
383 -11.862 10.8106 5.29442
384 -11.9751 10.8846 5.28951
385 -12.085 10.9586 5.29109
386 -12.2059 11.0397 5.29103
387 -12.3168 11.1146 5.29148
388 -12.4017 11.1733 5.297
389 -12.5133 11.2465 5.29534
390 -12.615 11.3137 5.29611
391 -12.7293 11.389 5.29638
392 -12.8432 11.4639 5.29604
393 -12.9505 11.5345 5.29769
394 -13.0421 11.5954 5.29751
395 -13.1401 11.6603 5.29794
396 -13.246 11.7317 5.30218
397 -13.3248 11.7851 5.30486
398 -13.4169 11.8475 5.30558
399 -13.5181 11.9161 5.30642
400 -13.6307 11.9915 5.30255
401 -13.7824 12.0913 5.29655
402 -13.9166 12.1797 5.29669
403 -14.0498 12.2675 5.29679
404 -14.1613 12.3415 5.30018
405 -14.2863 12.4241 5.29639
406 -14.4066 12.5032 5.2963
407 -14.511 12.5741 5.30667
408 -14.6182 12.6465 5.30574
409 -14.7331 12.7241 5.30689
410 -14.8181 12.7817 5.30675
411 -14.9163 12.8479 5.30689
412 -15.03 12.9248 5.30728
413 -15.1571 13.0085 5.29698
414 -15.2956 13.0999 5.2971
415 -15.423 13.184 5.2969
416 -15.5521 13.2693 5.29678
417 -15.6791 13.3526 5.29654
418 -15.8036 13.4346 5.2965
419 -15.9248 13.5144 5.29673
420 -16.0543 13.5996 5.29557
421 -16.1771 13.6801 5.29602
422 -16.3099 13.7673 5.29728
423 -16.4376 13.8516 5.29748
424 -16.5715 13.94 5.29675
425 -16.7033 14.0268 5.29656
426 -16.8333 14.1123 5.29704
427 -16.9516 14.1901 5.29807
428 -17.0664 14.2662 5.29948
429 -17.1909 14.3486 5.29953
430 -17.3329 14.4428 5.29917
431 -17.4631 14.5293 5.29944
432 -17.5812 14.6079 5.30008
433 -17.7073 14.6916 5.30021
434 -17.8557 14.7902 5.29999
435 -17.964 14.863 5.30343
436 -18.0892 14.9481 5.30654
437 -18.2179 15.0363 5.30659
438 -18.3323 15.1149 5.30641
439 -18.4476 15.1939 5.30655
440 -18.5624 15.2725 5.30662
441 -18.697 15.3646 5.30662
442 -18.8248 15.4523 5.30689
443 -18.9518 15.5395 5.30718
444 -19.0646 15.6172 5.30779
445 -19.1989 15.7091 5.30746
446 -19.3162 15.7898 5.30723
447 -19.4399 15.8746 5.30724
448 -19.5685 15.9628 5.30724
449 -19.6826 16.0412 5.30718
450 -19.8164 16.1326 5.30673
451 -19.94 16.2172 5.30609
452 -20.0721 16.3069 5.30395
453 -20.191 16.3873 5.30109
454 -20.3274 16.4786 5.2978
455 -20.4461 16.5577 5.29366
456 -20.5686 16.6385 5.29086
457 -20.6958 16.7215 5.28624
458 -20.8234 16.8039 5.28084
459 -20.9448 16.8813 5.27477
460 -21.071 16.9608 5.27007
461 -21.1955 17.0381 5.26344
462 -21.3248 17.1169 5.25561
463 -21.4451 17.1891 5.2497
464 -21.5691 17.262 5.24049
465 -21.6856 17.33 5.24086
466 -21.801 17.3957 5.23185
467 -21.9232 17.4635 5.22156
468 -22.0379 17.5257 5.21243
469 -22.1465 17.5829 5.20113
470 -22.2555 17.6384 5.18907
471 -22.3731 17.6963 5.17541
472 -22.4891 17.7513 5.16117
473 -22.6035 17.804 5.15015
474 -22.7172 17.8542 5.13594
475 -22.8308 17.9021 5.12011
476 -22.9467 17.9487 5.10374
477 -23.0434 17.9846 5.098
478 -23.1809 18.0335 5.0767
479 -23.2759 18.0652 5.0678
480 -23.3929 18.1024 5.04291
481 -23.4862 18.1294 5.02967
482 -23.5982 18.1604 5.00678
483 -23.6999 18.186 4.98823
484 -23.8022 18.2092 4.96978
485 -23.909 18.232 4.95062
486 -24.0384 18.257 4.93015
487 -24.1431 18.2749 4.90883
488 -24.2533 18.2906 4.8878
489 -24.3526 18.302 4.86624
490 -24.4734 18.3141 4.84395
491 -24.5758 18.3211 4.82092
492 -24.685 18.3253 4.79847
493 -24.7847 18.3271 4.77577
494 -24.8894 18.3263 4.75359
495 -25.0011 18.3237 4.73008
496 -25.1082 18.3185 4.71436
497 -25.206 18.312 4.70633
498 -25.3188 18.304 4.66673
499 -25.4549 18.2893 4.64241
500 -25.5745 18.2737 4.60825
501 -25.6584 18.2545 4.61378
502 -25.7423 18.2352 4.59326
503 -25.8105 18.2164 4.57663
504 -25.8858 18.1961 4.55987
505 -25.9621 18.1726 4.52831
506 -26.071 18.1392 4.50314
507 -26.158 18.1082 4.47903
508 -26.232 18.077 4.45465
509 -26.3368 18.0499 4.51439
510 -26.4817 18.0255 4.54135
511 -26.5764 17.976 4.37598
512 -26.6622 17.9251 4.34698
513 -26.7325 17.8776 4.32039
514 -26.8081 17.8413 4.39649
515 -26.918 17.8132 4.43937
516 -27.0322 17.7738 4.41968
517 -27.1516 17.7302 4.39918
518 -27.2752 17.6837 4.38651
519 -27.3952 17.6353 4.36886
520 -27.5039 17.5889 4.35051
521 -27.6133 17.5391 4.32854
522 -27.7211 17.4885 4.31161
523 -27.8269 17.4367 4.29388
524 -27.9329 17.3831 4.27799
525 -28.05 17.3224 4.26527
526 -28.1691 17.2575 4.24854
527 -28.2783 17.1929 4.22426
528 -28.3883 17.1275 4.21004
529 -28.5173 17.0473 4.19193
530 -28.616 16.981 4.17072
531 -28.7071 16.9063 4.09819
532 -28.7878 16.8431 4.12609
533 -28.8911 16.7727 4.12581
534 -28.9902 16.6984 4.10515
535 -29.0511 16.6287 4.03076
536 -29.1298 16.5552 4.05988
537 -29.115 16.4493 3.81761
538 -29.0447 16.3541 3.98325
539 -29.1156 16.2813 4.01101
540 -29.2139 16.1898 3.95775
541 -29.2824 16.1174 3.98618
542 -29.3743 16.035 3.98935
543 -29.4343 15.9539 3.91131
544 -29.4779 15.8833 3.90608
545 -29.5299 15.808 3.90224
546 -29.5903 15.7274 3.87652
547 -29.6399 15.6502 3.86609
548 -29.6953 15.5651 3.85304
549 -29.7529 15.4778 3.84337
550 -29.8053 15.3944 3.83071
551 -29.866 15.2995 3.81793
552 -29.921 15.2101 3.80893
553 -29.9791 15.1162 3.79608
554 -30.0418 15.015 3.78463
555 -30.1059 14.9097 3.77652
556 -30.1557 14.8229 3.77189
557 -30.2017 14.7425 3.76722
558 -30.2549 14.6529 3.74466
559 -30.309 14.5538 3.73256
560 -30.3762 14.4338 3.72088
561 -30.4351 14.3244 3.70929
562 -30.4812 14.2318 3.69805
563 -30.5271 14.1365 3.6908
564 -30.5713 14.0438 3.68361
565 -30.6213 13.9416 3.66936
566 -30.6766 13.8265 3.6615
567 -30.721 13.7295 3.65017
568 -30.7638 13.632 3.63965
569 -30.7963 13.5518 3.6323
570 -30.8371 13.4543 3.62515
571 -30.8884 13.3356 3.6143
572 -30.9482 13.1976 3.60257
573 -30.9964 13.0805 3.59243
574 -31.0371 12.9749 3.58031
575 -31.078 12.8671 3.56816
576 -31.1205 12.7518 3.55656
577 -31.1717 12.6137 3.54534
578 -31.2051 12.5147 3.53678
579 -31.2381 12.4126 3.52406
580 -31.2797 12.2854 3.51095
581 -31.3214 12.1546 3.49688
582 -31.3654 12.016 3.49701
583 -31.4096 11.876 3.46647
584 -31.4445 11.7479 3.44958
585 -31.4732 11.6335 3.44695
586 -31.5045 11.5096 3.43186
587 -31.5363 11.3785 3.41249
588 -31.5658 11.241 3.38785
589 -31.5876 11.1214 3.36801
590 -31.6087 10.9922 3.3479
591 -31.6251 10.8697 3.32705
592 -31.6383 10.7532 3.30584
593 -31.6487 10.6325 3.28433
594 -31.6554 10.5156 3.26252
595 -31.6593 10.4072 3.24692
596 -31.6619 10.2865 3.22396
597 -31.6616 10.1653 3.20026
598 -31.6573 10.0544 3.17514
599 -31.6603 9.94518 3.2288
600 -31.6708 9.83526 3.2428
601 -31.6782 9.7009 3.22695
602 -31.6821 9.57622 3.21324
603 -31.6814 9.4533 3.18706
604 -31.6795 9.33932 3.16888
605 -31.6764 9.22166 3.15329
606 -31.6693 9.12104 3.12696
607 -31.6618 8.99592 3.11337
608 -31.6521 8.8949 3.09562
609 -31.6415 8.79363 3.07702
610 -31.6275 8.68297 3.05716
611 -31.6122 8.57909 3.03926
612 -31.5921 8.46042 3.01559
613 -31.5711 8.34688 3.00028
614 -31.5472 8.24188 2.97159
615 -31.5244 8.1426 2.95595
616 -31.501 8.04785 2.9394
617 -31.475 7.94854 2.92164
618 -31.4473 7.8494 2.90657
619 -31.417 7.75296 2.88438
620 -31.3856 7.65708 2.866
621 -31.3522 7.55978 2.84928
622 -31.3127 7.44911 2.83293
623 -31.2731 7.3524 2.80641
624 -31.2247 7.22999 2.79549
625 -31.1742 7.11969 2.76824
626 -31.1288 7.02351 2.74851
627 -31.0822 6.92698 2.73122
628 -31.0348 6.83285 2.71315
629 -30.9935 6.75513 2.69654
630 -30.9509 6.67678 2.67863
631 -30.9003 6.58477 2.666
632 -30.8459 6.49353 2.64535
633 -30.7876 6.39738 2.63017
634 -30.7285 6.30368 2.61408
635 -30.6698 6.21622 2.59172
636 -30.6112 6.12932 2.57867
637 -30.5466 6.03559 2.56642
638 -30.4964 6.06724 2.46055
639 -30.471 6.20904 2.47302
640 -30.4242 6.24507 2.46562
641 -30.3767 6.2552 2.45899
642 -30.3226 6.23305 2.44669
643 -30.2625 6.20082 2.43408
644 -30.1988 6.16288 2.42171
645 -30.1323 6.121 2.40927
646 -30.0667 6.07508 2.396
647 -29.9996 6.02865 2.38716
648 -29.9344 5.98253 2.37425
649 -29.8593 5.9244 2.36094
650 -29.7872 5.87145 2.3481
651 -29.7102 5.81576 2.33494
652 -29.6372 5.76525 2.32545
653 -29.5629 5.714 2.31253
654 -29.4869 5.66095 2.30304
655 -29.4043 5.60389 2.288
656 -29.3243 5.55227 2.27675
657 -29.2645 5.5185 2.26975
658 -29.1881 5.47126 2.26253
659 -29.1112 5.42368 2.25297
660 -29.0239 5.36793 2.24378
661 -28.9194 5.3005 2.23633
662 -28.8189 5.23865 2.23003
663 -28.7255 5.18283 2.22334
664 -28.5978 5.10175 2.21582
665 -28.5146 5.05464 2.21039
666 -28.4375 5.01239 2.20729
667 -28.3401 4.95541 2.20318
668 -28.2482 4.90236 2.20042
669 -28.1698 4.85908 2.19853
670 -28.0733 4.80282 2.19715
671 -27.9915 4.75642 2.19628
672 -27.8988 4.70211 2.19595
673 -27.8069 4.64772 2.19568
674 -27.7214 4.59703 2.19685
675 -27.6335 4.54415 2.19706
676 -27.553 4.49552 2.198
677 -27.4733 4.44687 2.1994
678 -27.3881 4.39415 2.20016
679 -27.298 4.33679 2.2016
680 -27.1994 4.27285 2.20257
681 -27.123 4.22408 2.20312
682 -27.0344 4.16672 2.20336
683 -26.9437 4.10711 2.20513
684 -26.8655 4.05539 2.20651
685 -26.7745 3.99376 2.20731
686 -26.6786 3.92785 2.20937
687 -26.5734 3.85457 2.21023
688 -26.4862 3.79392 2.21024
689 -26.3948 3.73003 2.2113
690 -26.3062 3.6685 2.21293
691 -26.211 3.60142 2.21429
692 -26.121 3.53773 2.21392
693 -26.0176 3.46406 2.21548
694 -25.9139 3.38956 2.21606
695 -25.814 3.31746 2.21722
696 -25.722 3.25102 2.21723
697 -25.613 3.17216 2.21361
698 -25.5193 3.10393 2.21975
699 -25.4256 3.03531 2.21881
700 -25.3324 2.96632 2.22348
701 -25.2428 2.90061 2.21766
702 -25.1355 2.81844 2.21824
703 -25.038 2.74374 2.21844
704 -24.9451 2.67249 2.21868
705 -24.8386 2.591 2.21928
706 -24.7344 2.51102 2.22007
707 -24.6334 2.43294 2.22095
708 -24.5173 2.34352 2.22084
709 -24.4236 2.27053 2.22127
710 -24.3264 2.19534 2.22217
711 -24.215 2.10939 2.22267
712 -24.1243 2.03872 2.22242
713 -24.0275 1.96415 2.22263
714 -23.9325 1.89074 2.2235
715 -23.8254 1.80802 2.22382
716 -23.7287 1.73309 2.22325
717 -23.6314 1.65782 2.22384
718 -23.5356 1.58374 2.2243
719 -23.4385 1.50886 2.2239
720 -23.3482 1.43912 2.22292
721 -23.2629 1.37326 2.2219
722 -23.1669 1.29937 2.22371
723 -23.0602 1.219 2.21728
724 -22.946 1.13458 2.22163
725 -22.842 1.05457 2.22231
726 -22.7356 0.97276 2.22171
727 -22.6293 0.891006 2.22156
728 -22.5321 0.816264 2.22065
729 -22.4284 0.736711 2.22096
730 -22.315 0.649677 2.22097
731 -22.1906 0.555368 2.21565
732 -22.062 0.460431 2.21802
733 -21.9512 0.37649 2.21531
734 -21.8231 0.282495 2.21509
735 -21.7004 0.192641 2.21435
736 -21.574 0.100044 2.21362
737 -21.4454 0.00545106 2.21471
738 -21.3224 -0.0850485 2.21395
739 -21.2068 -0.170078 2.21454
740 -21.0915 -0.254998 2.21462
741 -20.9934 -0.329135 2.21493
742 -20.8956 -0.403067 2.21528
743 -20.7966 -0.477724 2.21378
744 -20.6985 -0.551806 2.21352
745 -20.6073 -0.620614 2.21334
746 -20.5152 -0.690046 2.21351
747 -20.4478 -0.741053 2.21402
748 -20.3663 -0.801657 2.2129
749 -20.2779 -0.867855 2.21263
750 -20.1758 -0.944621 2.21275
751 -20.083 -1.01473 2.21231
752 -19.9841 -1.08922 2.21243
753 -19.8807 -1.16669 2.20988
754 -19.7828 -1.24026 2.20926
755 -19.7047 -1.29918 2.21013
756 -19.6128 -1.36747 2.20852
757 -19.5252 -1.43312 2.20897
758 -19.4468 -1.49181 2.20953
759 -19.365 -1.55261 2.20844
760 -19.2798 -1.61618 2.20928
761 -19.2075 -1.67022 2.20877
762 -19.1066 -1.74508 2.20853
763 -19.0195 -1.81054 2.20853
764 -18.9392 -1.87069 2.20908
765 -18.8498 -1.93715 2.20799
766 -18.7638 -2.00156 2.20867
767 -18.6724 -2.06992 2.2092
768 -18.5885 -2.13254 2.20786
769 -18.4941 -2.20297 2.20831
770 -18.3941 -2.27779 2.20848
771 -18.2816 -2.36207 2.20809
772 -18.1873 -2.43336 2.20913
773 -18.0956 -2.5021 2.20775
774 -17.988 -2.58255 2.20754
775 -17.8931 -2.65918 2.22836
776 -17.7831 -2.74261 2.21158
777 -17.6946 -2.8089 2.20855
778 -17.594 -2.88411 2.20897
779 -17.5225 -2.9425 2.2284
780 -17.4282 -3.02076 2.2457
781 -17.3316 -3.09832 2.24676
782 -17.2407 -3.17103 2.2466
783 -17.1551 -3.23948 2.24622
784 -17.0782 -3.30088 2.24572
785 -16.9815 -3.37806 2.24545
786 -16.8902 -3.45087 2.24492
787 -16.7932 -3.52818 2.24465
788 -16.6734 -3.62354 2.24424
789 -16.5565 -3.71646 2.2438
790 -16.4624 -3.79104 2.24301
791 -16.3611 -3.87133 2.24243
792 -16.2689 -3.94435 2.24201
793 -16.1701 -4.0226 2.24149
794 -16.066 -4.10479 2.2407
795 -15.9622 -4.18655 2.23995
796 -15.8601 -4.26708 2.23961
797 -15.7594 -4.34632 2.23895
798 -15.6576 -4.42639 2.23854
799 -15.5532 -4.50838 2.23811
800 -15.4478 -4.59122 2.23789
801 -15.334 -4.68057 2.23749
802 -15.2204 -4.76955 2.23694
803 -15.1183 -4.84933 2.23595
804 -15.0293 -4.91875 2.23505
805 -14.925 -5.00019 2.23491
806 -14.8199 -5.08207 2.23409
807 -14.6961 -5.17848 2.23361
808 -14.587 -5.26331 2.23325
809 -14.4529 -5.36742 2.23245
810 -14.3302 -5.46244 2.2317
811 -14.1975 -5.56514 2.23098
812 -14.078 -5.65739 2.23016
813 -13.9572 -5.75048 2.22921
814 -13.8173 -5.8583 2.22879
815 -13.7043 -5.94505 2.22788
816 -13.5788 -6.04144 2.22718
817 -13.432 -6.15411 2.2269
818 -13.3056 -6.25081 2.22597
819 -13.1883 -6.34064 2.22565
820 -13.0726 -6.42911 2.22518
821 -12.9502 -6.52262 2.22457
822 -12.8296 -6.61461 2.22398
823 -12.6903 -6.72082 2.22351
824 -12.5725 -6.81038 2.22288
825 -12.4466 -6.90615 2.22232
826 -12.3257 -6.99787 2.22181
827 -12.2084 -7.08678 2.22088
828 -12.2218 -7.06669 2.16608
829 -12.1809 -7.08748 2.16328
830 -12.122 -7.11996 2.16299
831 -12.0303 -7.17863 2.16291
832 -11.9282 -7.24514 2.1624
833 -11.834 -7.30527 2.16212
834 -11.7308 -7.37198 2.16161
835 -11.6038 -7.45543 2.16082
836 -11.5265 -7.50041 2.14663
837 -11.4352 -7.55198 2.14519
838 -11.3431 -7.60423 2.14564
839 -11.2404 -7.66363 2.1452
840 -11.1777 -7.69785 2.14523
841 -11.0893 -7.74689 2.13844
842 -11.0001 -7.79941 2.14586
843 -10.9032 -7.85645 2.14645
844 -10.81 -7.91124 2.14631
845 -10.7134 -7.96851 2.14672
846 -10.6123 -8.0324 2.15901
847 -10.4933 -8.10672 2.14628
848 -10.3781 -8.1768 2.14565
849 -10.2536 -8.25272 2.1452
850 -10.1401 -8.32169 2.14475
851 -10.0364 -8.38412 2.14516
852 -9.90742 -8.463 2.1449
853 -9.78826 -8.53963 2.15679
854 -9.67731 -8.61248 2.15732
855 -9.56926 -8.6833 2.15683
856 -9.45409 -8.75899 2.15682
857 -9.34636 -8.82969 2.15631
858 -9.26234 -8.88456 2.15584
859 -9.13647 -8.96679 2.15568
860 -9.01704 -9.04504 2.1547
861 -8.91129 -9.11413 2.15447
862 -8.7851 -9.19657 2.15364
863 -8.65543 -9.28158 2.1527
864 -8.54922 -9.35082 2.15216
865 -8.43754 -9.42333 2.1519
866 -8.32074 -9.49937 2.15162
867 -8.21175 -9.57022 2.15077
868 -8.11019 -9.63585 2.14999
869 -8.00836 -9.70157 2.15022
870 -7.89634 -9.77395 2.14982
871 -7.79126 -9.84176 2.14952
872 -7.68427 -9.91071 2.14945
873 -7.58457 -9.97491 2.1487
874 -7.47095 -10.0479 2.14774
875 -7.34571 -10.1286 2.14729
876 -7.24734 -10.1919 2.14677
877 -7.14443 -10.2579 2.1464
878 -7.01846 -10.3388 2.14653
879 -6.90788 -10.4102 2.14604
880 -6.7966 -10.4818 2.14629
881 -6.68196 -10.5555 2.14537
882 -6.57957 -10.621 2.14438
883 -6.46747 -10.6928 2.14498
884 -6.35384 -10.7656 2.14389
885 -6.24379 -10.8362 2.14381
886 -6.11792 -10.9166 2.14228
887 -6.00418 -10.9893 2.14172
888 -5.8837 -11.066 2.14044
889 -5.73793 -11.1588 2.1397
890 -5.61772 -11.2355 2.13798
891 -5.50053 -11.3094 2.13569
892 -5.39202 -11.3776 2.13451
893 -5.28112 -11.4469 2.13307
894 -5.14709 -11.5302 2.12976
895 -5.02929 -11.6034 2.12744
896 -4.89667 -11.6849 2.12392
897 -4.78507 -11.7532 2.12028
898 -4.65643 -11.8308 2.1156
899 -4.55766 -11.8899 2.11292
900 -4.45217 -11.9518 2.10488
901 -4.33275 -12.021 2.09948
902 -4.21317 -12.0891 2.08959
903 -4.09021 -12.1577 2.08107
904 -3.98536 -12.2153 2.07507
905 -3.86878 -12.2777 2.0652
906 -3.72959 -12.3506 2.0553
907 -3.61704 -12.4083 2.04433
908 -3.50597 -12.4633 2.03318
909 -3.38808 -12.52 2.02182
910 -3.27508 -12.5727 2.00942
911 -3.17116 -12.6197 2.00109
912 -3.07114 -12.6629 1.9949
913 -2.96057 -12.7106 1.97659
914 -2.82844 -12.7649 1.96265
915 -2.7298 -12.8031 1.95539
916 -2.62677 -12.8426 1.93646
917 -2.53114 -12.8767 1.93317
918 -2.43729 -12.9086 1.9218
919 -2.35485 -12.936 1.91467
920 -2.28686 -12.9567 1.89573
921 -2.21891 -12.9753 1.88294
922 -2.15738 -12.9902 1.86318
923 -2.10075 -13.0023 1.85735
924 -2.04645 -13.014 1.85189
925 -1.99138 -13.0265 1.84683
926 -1.9354 -13.0382 1.82968
927 -1.85975 -13.0536 1.81791
928 -1.78621 -13.0687 1.81068
929 -1.70914 -13.0825 1.78397
930 -1.64389 -13.0919 1.7724
931 -1.5695 -13.1022 1.75646
932 -1.50084 -13.1103 1.74487
933 -1.42678 -13.1187 1.73771
934 -1.35 -13.1261 1.71381
935 -1.26516 -13.1325 1.69842
936 -1.18294 -13.137 1.67922
937 -1.09182 -13.141 1.66287
938 -0.994177 -13.144 1.64549
939 -0.879576 -13.1458 1.62305
940 -0.769983 -13.1447 1.60397
941 -0.676869 -13.1411 1.585
942 -0.590273 -13.1342 1.56094
943 -0.503715 -13.1253 1.54484
944 -0.396688 -13.1133 1.52299
945 -0.272158 -13.0991 1.50355
946 -0.150359 -13.0816 1.4745
947 -0.0323194 -13.062 1.46248
948 0.0775211 -13.0438 1.45594
949 0.197531 -13.0228 1.44142
950 0.350242 -12.9907 1.391
951 0.495136 -12.9551 1.36814
952 0.647782 -12.9171 1.3628
953 0.794035 -12.8913 1.42262
954 0.96476 -12.8648 1.43091
955 1.13045 -12.831 1.41517
956 1.29076 -12.7911 1.38752
957 1.46892 -12.7422 1.35871
958 1.62609 -12.6943 1.33414
959 1.80019 -12.6369 1.30631
960 1.95607 -12.578 1.2764
961 2.11057 -12.5184 1.25516
962 2.26021 -12.4537 1.2242
963 2.40973 -12.3851 1.19859
964 2.55593 -12.3148 1.17456
965 2.69247 -12.2433 1.14651
966 2.82584 -12.1716 1.12482
967 2.95093 -12.102 1.10783
968 3.07163 -12.0298 1.08404
969 3.19998 -11.9517 1.06458
970 3.31705 -11.8767 1.04438
971 3.43395 -11.7987 1.0255
972 3.54702 -11.7202 1.00459
973 3.65609 -11.6429 0.989601
974 3.74199 -11.5789 0.972188
975 3.85912 -11.4916 0.957543
976 3.96445 -11.4085 0.939987
977 3.91824 -11.3558 0.901793
978 3.9042 -11.3109 0.885336
979 3.9003 -11.2643 0.87124
980 3.90162 -11.2148 0.857819
981 3.91488 -11.1638 0.84918
982 3.94251 -11.1044 0.83627
983 3.97564 -11.045 0.824628
984 4.01273 -10.9842 0.813223
985 4.05575 -10.9199 0.802363
986 4.1013 -10.8536 0.795038
987 4.14454 -10.7874 0.784034
988 4.19583 -10.7152 0.774139
989 4.24629 -10.6427 0.763971
990 4.29845 -10.57 0.757757
991 4.35482 -10.4928 0.748877
992 4.42545 -10.4007 0.739655
993 4.47446 -10.3245 0.732502
994 4.53191 -10.245 0.727654
995 4.60102 -10.1526 0.719849
996 4.66232 -10.0637 0.713627
997 4.74879 -9.94542 0.707604
998 4.79215 -9.87589 0.704624
999 4.85949 -9.78397 0.699259
1000 4.91177 -9.70449 0.69539
1001 4.99859 -9.58837 0.691062
1002 5.05945 -9.49873 0.688051
1003 5.11469 -9.41687 0.683329
1004 5.17308 -9.33349 0.6785
1005 5.24953 -9.22754 0.676851
1006 5.31794 -9.12901 0.672595
1007 5.38579 -9.02995 0.669956
1008 5.45511 -8.92884 0.667137
1009 5.54582 -8.80009 0.661932
1010 5.61598 -8.69769 0.658974
1011 5.68077 -8.60137 0.656477
1012 5.75583 -8.49136 0.653048
1013 5.81924 -8.39631 0.650855
1014 5.8858 -8.29691 0.648629
1015 5.95113 -8.19886 0.64352
1016 6.02419 -8.09297 0.642808
1017 6.11334 -7.96516 0.642099
1018 6.17513 -7.87381 0.638542
1019 6.26925 -7.73811 0.637785
1020 6.32283 -7.65801 0.634179
1021 6.41358 -7.52663 0.632805
1022 6.48849 -7.41624 0.632649
1023 6.56246 -7.30982 0.632951
1024 6.63609 -7.20383 0.630035
1025 6.71546 -7.08955 0.628758
1026 6.79024 -6.98173 0.628114
1027 6.88484 -6.84566 0.624577
1028 6.9716 -6.72068 0.622941
1029 7.03646 -6.62412 0.620575
1030 7.11095 -6.51007 0.619005
1031 7.19133 -6.38951 0.619208
1032 7.28137 -6.25613 0.611971
1033 7.34838 -6.15216 0.61605
1034 7.43493 -6.02023 0.608168
1035 7.51293 -5.89964 0.606906
1036 7.59031 -5.78146 0.611996
1037 7.65741 -5.68204 0.611281
1038 7.73795 -5.56243 0.611385
1039 7.81762 -5.44007 0.601747
1040 7.91497 -5.28989 0.599833
1041 7.98689 -5.17745 0.603442
1042 8.05962 -5.06171 0.590689
1043 8.13024 -4.95322 0.599559
1044 8.20089 -4.84267 0.599695
1045 8.28121 -4.71734 0.587422
1046 8.36297 -4.59258 0.588921
1047 8.44762 -4.46359 0.586954
1048 8.52784 -4.34147 0.587174
1049 8.59625 -4.23119 0.583464
1050 8.65789 -4.13236 0.58327
1051 8.7253 -4.02364 0.583319
1052 8.81497 -3.89319 0.604925
1053 8.90296 -3.77488 0.623391
1054 8.98072 -3.66663 0.623851
1055 9.0668 -3.5463 0.623087
1056 9.14266 -3.43997 0.622298
1057 9.22395 -3.32596 0.621625
1058 9.29663 -3.22346 0.620102
1059 9.36939 -3.12053 0.618452
1060 9.45196 -3.00362 0.617397
1061 9.52582 -2.89862 0.616033
1062 9.60419 -2.78702 0.614812
1063 9.67563 -2.68503 0.613834
1064 9.7501 -2.57846 0.612544
1065 9.82304 -2.47374 0.611107
1066 9.8896 -2.37811 0.610222
1067 9.96546 -2.26915 0.609587
1068 10.0354 -2.16831 0.608415
1069 10.102 -2.07213 0.607473
1070 10.1712 -1.97242 0.607298
1071 10.2614 -1.84174 0.605915
1072 10.3292 -1.74359 0.605511
1073 10.3977 -1.6445 0.605307
1074 10.4637 -1.54897 0.605051
1075 10.5324 -1.44954 0.604862
1076 10.6036 -1.34677 0.60522
1077 10.6747 -1.24386 0.605059
1078 10.7434 -1.14455 0.605062
1079 10.8191 -1.03519 0.6051
1080 10.8846 -0.940534 0.605211
1081 10.9553 -0.838295 0.605301
1082 11.0252 -0.737316 0.605169
1083 11.0976 -0.632965 0.605792
1084 11.1687 -0.530479 0.606151
1085 11.2437 -0.42233 0.606205
1086 11.3126 -0.323006 0.606198
1087 11.3848 -0.218914 0.606086
1088 11.4584 -0.112968 0.606594
1089 11.5338 -0.00447378 0.606749
1090 11.6103 0.105674 0.606822
1091 11.6836 0.211093 0.607211
1092 11.7636 0.326092 0.607299
1093 11.834 0.427434 0.607328
1094 11.9038 0.527687 0.607481
1095 11.979 0.635646 0.607796
1096 12.0539 0.743284 0.607842
1097 12.135 0.859675 0.608155
1098 12.2088 0.965412 0.608638
1099 12.2863 1.07661 0.608549
1100 12.3606 1.18317 0.608517
1101 12.4352 1.29012 0.60866
1102 12.5052 1.39038 0.608933
1103 12.58 1.49754 0.609118
1104 12.6499 1.59772 0.609293
1105 12.7257 1.7062 0.60953
1106 12.8071 1.82249 0.609916
1107 12.6893 1.70692 0.433528
1108 12.4368 1.37681 0.477962
1109 12.3684 1.29167 0.554332
1110 12.4484 1.395 0.605814
1111 12.5034 1.48082 0.56946
1112 12.5401 1.54156 0.55528
1113 12.5754 1.60094 0.5555
1114 12.616 1.66856 0.556119
1115 12.6769 1.76169 0.582574
1116 12.7544 1.86649 0.609198
1117 12.8324 1.97712 0.611664
1118 12.8802 2.05615 0.557416
1119 12.9195 2.12138 0.555831
1120 12.9644 2.19573 0.55738
1121 13.0178 2.28333 0.558195
1122 13.0698 2.36782 0.559746
1123 13.1194 2.44878 0.558342
1124 13.1693 2.52971 0.560279
1125 13.2133 2.6011 0.561392
1126 13.2636 2.68276 0.562007
1127 13.3364 2.79924 0.562966
1128 13.3947 2.89127 0.562939
1129 13.4647 3.00267 0.564388
1130 13.5267 3.10004 0.564665
1131 13.5899 3.19993 0.564747
1132 13.655 3.30237 0.566927
1133 13.7349 3.42773 0.56632
1134 13.7975 3.52425 0.568423
1135 13.864 3.62813 0.568483
1136 13.9239 3.72095 0.569261
1137 13.9896 3.82273 0.571511
1138 14.0716 3.94915 0.572978
1139 14.1393 4.05205 0.573209
1140 14.209 4.15886 0.573239
1141 14.288 4.27924 0.575552
1142 14.356 4.38191 0.575791
1143 14.426 4.4879 0.578614
1144 14.4946 4.59182 0.578803
1145 14.5725 4.70915 0.581103
1146 14.6435 4.8152 0.581452
1147 14.7175 4.92625 0.58139
1148 14.7988 5.03728 0.614143
1149 14.8931 5.17448 0.607819
1150 14.9726 5.29082 0.594349
1151 15.0642 5.42637 0.604865
1152 15.1578 5.56254 0.608476
1153 15.2464 5.69064 0.61017
1154 15.3368 5.82065 0.612498
1155 15.4241 5.946 0.612473
1156 15.5179 6.07958 0.615265
1157 15.608 6.20716 0.617495
1158 15.6975 6.3333 0.61894
1159 15.7862 6.45875 0.616592
1160 15.8765 6.58587 0.618635
1161 15.9634 6.70755 0.620907
1162 16.0566 6.83829 0.619907
1163 16.1431 6.95885 0.621433
1164 16.2393 7.09027 0.629578
1165 16.3309 7.21154 0.638001
1166 16.4159 7.32536 0.639482
1167 16.5043 7.44415 0.639552
1168 16.593 7.56331 0.639587
1169 16.6874 7.69006 0.639891
1170 16.7959 7.83519 0.640984
1171 16.8662 7.93056 0.641179
1172 16.951 8.04715 0.636464
1173 17.0182 8.13974 0.636231
1174 17.0858 8.23288 0.635513
1175 17.1476 8.3185 0.63513
1176 17.2122 8.40739 0.635143
1177 17.2869 8.51022 0.634927
1178 17.362 8.6131 0.634989
1179 17.4377 8.71677 0.634736
1180 17.5163 8.82409 0.635224
1181 17.5883 8.92221 0.635657
1182 17.6646 9.02637 0.635528
1183 17.7371 9.12544 0.635556
1184 17.834 9.25734 0.635369
1185 17.9027 9.35105 0.63509
1186 17.9828 9.46007 0.635233
1187 18.0599 9.56507 0.635432
1188 18.1596 9.7008 0.635036
1189 18.2397 9.80929 0.635001
1190 18.3165 9.91398 0.635237
1191 18.4159 10.0487 0.635406
1192 18.5039 10.1679 0.635274
1193 18.5958 10.2922 0.635443
1194 18.6805 10.4071 0.635512
1195 18.7594 10.5141 0.635126
1196 18.8412 10.6249 0.635474
1197 18.9225 10.7352 0.635439
1198 18.9873 10.8229 0.635348
1199 19.0666 10.9305 0.635379
1200 19.1501 11.0435 0.635949
1201 19.2392 11.1636 0.636531
1202 19.3331 11.2901 0.636442
1203 19.4162 11.4021 0.635909
1204 19.5143 11.5345 0.636087
1205 19.6082 11.661 0.635724
1206 19.6933 11.7757 0.636427
1207 19.7762 11.8875 0.636447
1208 19.856 11.995 0.635706
1209 19.9382 12.1061 0.635907
1210 20.0292 12.2288 0.636109
1211 20.1145 12.3437 0.635452
1212 20.1906 12.4475 0.634912
1213 20.2948 12.5894 0.634394
1214 20.3698 12.692 0.633999
1215 20.4603 12.8157 0.634176
1216 20.5373 12.9209 0.634443
1217 20.6326 13.0509 0.634433
1218 20.7183 13.1679 0.633667
1219 20.7912 13.2675 0.63353
1220 20.8514 13.35 0.63327
1221 20.9421 13.4741 0.633453
1222 21.0283 13.5919 0.633345
1223 21.107 13.6999 0.631954
1224 21.1855 13.8075 0.631777
1225 21.2643 13.9156 0.631284
1226 21.3445 14.0255 0.631805
1227 21.4335 14.1471 0.632031
1228 21.5081 14.2492 0.632405
1229 21.5902 14.3615 0.633081
1230 21.6687 14.4688 0.633227
1231 21.7448 14.5727 0.632929
1232 21.8154 14.6691 0.633636
1233 21.8911 14.7721 0.634796
1234 21.9811 14.8943 0.635242
1235 22.0574 14.9978 0.636069
1236 22.1325 15.0996 0.636639
1237 22.208 15.2021 0.635842
1238 22.297 15.3226 0.636626
1239 22.3684 15.4195 0.63675
1240 22.442 15.5192 0.635572
1241 22.4949 15.5911 0.63611
1242 22.5651 15.6865 0.63463
1243 22.6355 15.7821 0.635653
1244 22.7264 15.9059 0.634362
1245 22.803 16.0102 0.633759
1246 22.8866 16.1239 0.633524
1247 22.9551 16.2171 0.633795
1248 23.0295 16.3183 0.633764
1249 23.0895 16.3999 0.633104
1250 23.1394 16.4679 0.632713
1251 23.1894 16.5361 0.632975
1252 23.2409 16.6062 0.632711
1253 23.288 16.6703 0.63289
1254 23.3328 16.7312 0.632385
1255 23.3711 16.7832 0.632445
1256 23.4088 16.8344 0.632262
1257 23.4421 16.8796 0.631798
1258 23.4674 16.9139 0.631502
1259 23.4912 16.9459 0.630333
1260 23.5102 16.9714 0.630094
1261 23.5238 16.9896 0.629729
1262 23.5336 17.0025 0.62897
1263 23.5398 17.0103 0.628466
1264 23.5432 17.0145 0.628026
1265 23.5477 17.0202 0.62801
1266 23.5528 17.0267 0.628429
1267 23.5579 17.0332 0.628755
1268 23.5628 17.0395 0.62911
1269 23.567 17.045 0.629186
1270 23.5716 17.0509 0.629587
1271 23.5763 17.057 0.62977
1272 23.5805 17.0625 0.629959
1273 23.5847 17.0679 0.630163
1274 23.5884 17.0728 0.630343
1275 23.592 17.0776 0.630541
1276 23.5953 17.0818 0.630734
1277 23.5986 17.0862 0.630941
1278 23.6019 17.0906 0.631083
1279 23.6052 17.095 0.631302
1280 23.6085 17.0993 0.631384
