0 29.5642 30.8676 3.61802
1 29.5637 30.8674 3.61799
2 29.5632 30.8673 3.61793
3 29.5626 30.867 3.61789
4 29.5622 30.8671 3.61785
5 29.5617 30.8669 3.61782
6 29.561 30.8664 3.61778
7 29.5606 30.8665 3.61774
8 29.5602 30.8665 3.61769
9 29.5599 30.8666 3.61766
10 29.5593 30.8662 3.61763
11 29.5589 30.8661 3.61761
12 29.5587 30.8666 3.61755
13 29.5583 30.8665 3.61752
14 29.5581 30.8669 3.61748
15 29.558 30.8675 3.61745
16 29.5577 30.8675 3.6174
17 29.5574 30.8677 3.61736
18 29.5573 30.8681 3.61734
19 29.5566 30.8675 3.6173
20 29.5563 30.8677 3.61729
21 29.5558 30.8674 3.61725
22 29.5555 30.8675 3.61721
23 29.5549 30.8671 3.61717
24 29.5548 30.8676 3.61714
25 29.555 30.8685 3.61709
26 29.5546 30.8684 3.61708
27 29.5542 30.8683 3.61705
28 29.5539 30.8684 3.61701
29 29.5536 30.8684 3.61699
30 29.5536 30.8689 3.61696
31 29.5532 30.8688 3.61694
32 29.5527 30.8685 3.61691
33 29.5519 30.8675 3.61688
34 29.5476 30.8597 3.61688
35 29.5411 30.8477 3.61691
36 29.5334 30.8332 3.61681
37 29.5259 30.8189 3.61682
38 29.5199 30.8079 3.61684
39 29.515 30.7986 3.61692
40 29.5061 30.782 3.61651
41 29.4969 30.7645 3.61647
42 29.4824 30.7365 3.61629
43 29.4669 30.7068 3.61637
44 29.45 30.6742 3.61644
45 29.4242 30.6242 3.61657
46 29.3946 30.5671 3.61694
47 29.3637 30.5073 3.61681
48 29.3398 30.4611 3.61733
49 29.3095 30.4027 3.61656
50 29.2815 30.3486 3.61704
51 29.2454 30.2785 3.61631
52 29.2208 30.2311 3.61694
53 29.1956 30.1821 3.61694
54 29.1724 30.1371 3.61624
55 29.1459 30.0858 3.6168
56 29.1113 30.0187 3.61742
57 29.0793 29.9564 3.61534
58 29.0547 29.9083 3.61624
59 29.0272 29.8551 3.61707
60 28.9961 29.7946 3.61587
61 28.9588 29.7219 3.61666
62 28.9181 29.6425 3.61609
63 28.8862 29.5802 3.61483
64 28.8528 29.5151 3.61575
65 28.82 29.4509 3.61484
66 28.7659 29.3454 3.61495
67 28.7266 29.2684 3.61422
68 28.6958 29.2081 3.61449
69 28.659 29.1363 3.6152
70 28.6152 29.05 3.61425
71 28.5666 28.9545 3.61334
72 28.5295 28.8819 3.61419
73 28.4903 28.8047 3.6127
74 28.4413 28.7081 3.61234
75 28.3926 28.6122 3.61197
76 28.3558 28.5394 3.61174
77 28.3066 28.4424 3.6113
78 28.2593 28.3487 3.61192
79 28.2184 28.268 3.61144
80 28.1842 28.2007 3.612
81 28.1395 28.1127 3.61186
82 28.0952 28.0249 3.60943
83 28.0494 27.934 3.60828
84 28.0161 27.8683 3.61135
85 27.9779 27.793 3.61034
86 27.9356 27.7091 3.6084
87 27.8994 27.6371 3.60797
88 27.8684 27.5756 3.60795
89 27.8316 27.5026 3.60836
90 27.7955 27.4306 3.60665
91 27.7544 27.3485 3.60702
92 27.7093 27.2588 3.60738
93 27.6677 27.1762 3.60766
94 27.6275 27.0964 3.60789
95 27.5801 27.0023 3.6081
96 27.5298 26.9023 3.60835
97 27.4798 26.8033 3.60865
98 27.4348 26.7141 3.60891
99 27.3911 26.6274 3.60904
100 27.3409 26.528 3.60897
101 27.2896 26.4264 3.60872
102 27.2428 26.3335 3.60837
103 27.1952 26.2388 3.60789
104 27.1457 26.1404 3.60744
105 27.0961 26.0416 3.60693
106 27.052 25.9536 3.60639
107 27.0008 25.8514 3.60589
108 26.9486 25.747 3.60528
109 26.9066 25.6629 3.60473
110 26.8655 25.5806 3.60421
111 26.8111 25.4712 3.60369
112 26.6139 25.515 3.74998
113 26.5792 25.493 3.74907
114 26.5369 25.4321 3.74883
115 26.4729 25.3592 3.75332
116 26.4181 25.2981 3.75135
117 26.3669 25.2247 3.75112
118 26.3149 25.1641 3.75178
119 26.2561 25.0918 3.74961
120 26.1981 25.0194 3.75152
121 26.1375 24.942 3.75002
122 26.0794 24.8714 3.74783
123 26.0238 24.7983 3.7492
124 25.9626 24.7176 3.74874
125 25.8909 24.622 3.74661
126 25.8247 24.5317 3.74752
127 25.772 24.4611 3.74716
128 25.7225 24.3943 3.74654
129 25.6636 24.3155 3.74831
130 25.6028 24.2316 3.74696
131 25.5489 24.1585 3.74817
132 25.4922 24.0769 3.74836
133 25.4363 23.9962 3.74841
134 25.391 23.9311 3.74841
135 25.3541 23.8779 3.74842
136 25.3023 23.8033 3.74845
137 25.2454 23.7214 3.74852
138 25.2034 23.6608 3.74856
139 25.1626 23.6021 3.7486
140 25.121 23.5422 3.74864
141 25.0733 23.4735 3.7487
142 25.029 23.4098 3.74874
143 24.9832 23.3439 3.74881
144 24.9893 23.3163 3.70545
145 24.9364 23.2327 3.70561
146 24.895 23.1673 3.70578
147 24.8464 23.0905 3.70597
148 24.8054 23.0257 3.70614
149 24.762 22.9572 3.70634
150 24.7128 22.8796 3.70655
151 24.6666 22.8067 3.70676
152 24.6187 22.7313 3.70701
153 24.5741 22.661 3.70718
154 24.5287 22.5895 3.70738
155 24.4829 22.5174 3.70759
156 24.4326 22.4383 3.70779
157 24.3859 22.3649 3.70801
158 24.3403 22.2932 3.70824
159 24.2322 22.3899 3.99939
160 24.2517 22.3688 4.00354
161 24.24 22.3277 4.00637
162 24.2278 22.293 4.00483
163 24.2015 22.2501 4.00591
164 24.1721 22.2074 4.00683
165 24.1316 22.1576 4.00785
166 24.0927 22.112 4.00557
167 24.1013 22.6423 3.78293
168 24.0472 22.5947 3.87557
169 23.9661 22.7407 3.76342
170 23.9043 22.6762 3.83321
171 23.8502 22.6102 3.84147
172 23.7923 22.5388 3.83984
173 23.7317 22.4661 3.84005
174 23.6511 22.3695 3.83993
175 23.5913 22.2977 3.84083
176 23.5336 22.2282 3.84198
177 23.4773 22.1609 3.83897
178 23.4475 22.2521 3.7392
179 23.4006 22.261 3.72823
180 23.3487 22.1829 3.72843
181 23.2945 22.0914 3.67691
182 23.2491 22.0149 3.67709
183 23.2059 21.9422 3.67729
184 23.1599 21.8648 3.67755
185 23.0882 21.7443 3.67512
186 23.0307 21.6483 3.67519
187 22.9637 21.5366 3.67226
188 22.9067 21.4399 3.67153
189 22.8532 21.349 3.67136
190 22.7822 21.228 3.66784
191 22.7268 21.1328 3.66813
192 22.6842 21.0594 3.66759
193 22.6309 20.9676 3.66681
194 22.5755 20.8718 3.66477
195 22.5067 20.7519 3.66247
196 22.4446 20.6429 3.66044
197 22.379 20.5272 3.659
198 22.3345 20.449 3.65833
199 22.2822 20.3567 3.65931
200 22.2233 20.2521 3.65758
201 22.1521 20.1258 3.65699
202 22.0788 19.9947 3.65407
203 22.0279 19.903 3.6525
204 21.9771 19.8115 3.65256
205 21.9312 19.7284 3.65054
206 21.8772 19.6303 3.64994
207 21.8194 19.5251 3.64756
208 21.7676 19.4304 3.64621
209 21.7177 19.3389 3.64556
210 21.6719 19.2542 3.64355
211 21.6216 19.1613 3.64246
212 21.575 19.0748 3.64156
213 21.5278 18.9867 3.63914
214 21.4829 18.9027 3.63862
215 21.4315 18.8063 3.63717
216 21.3856 18.7214 3.63712
217 21.349 18.6536 3.63602
218 21.3089 18.5789 3.63552
219 21.2719 18.5101 3.63435
220 21.2319 18.4352 3.63349
221 21.1904 18.3576 3.63277
222 21.1496 18.281 3.63115
223 21.1128 18.2117 3.62971
224 21.0717 18.1342 3.6292
225 21.0308 18.0569 3.62616
226 21.0202 18.0213 3.65646
227 20.9957 17.9631 3.6594
228 20.9806 17.923 3.66066
229 20.9394 17.8559 3.68209
230 20.8963 17.7861 3.6837
231 20.8526 17.7151 3.68293
232 20.8051 17.6373 3.68183
233 20.7581 17.5603 3.68138
234 20.701 17.466 3.6802
235 20.65 17.3816 3.67878
236 20.6048 17.3073 3.67841
237 20.5484 17.2131 3.67706
238 20.4964 17.1263 3.6761
239 20.4336 17.021 3.67442
240 20.3809 16.9326 3.67323
241 20.3286 16.8444 3.67233
242 20.2821 16.7659 3.67109
243 20.233 16.6827 3.67019
244 20.1736 16.5812 3.66915
245 20.1177 16.486 3.66807
246 20.066 16.3973 3.66631
247 20.0144 16.3086 3.66593
248 19.9616 16.2181 3.66527
249 19.9093 16.1278 3.66435
250 19.8501 16.0254 3.66315
251 19.7997 15.938 3.66233
252 19.7534 15.8576 3.66084
253 19.7022 15.7683 3.65994
254 19.651 15.6785 3.65879
255 19.5989 15.5871 3.65753
256 19.5421 15.4873 3.65624
257 19.4896 15.3945 3.65508
258 19.4374 15.302 3.65386
259 19.3809 15.2015 3.65221
260 19.3257 15.1028 3.65073
261 19.2726 15.0078 3.64954
262 19.2121 14.8992 3.64733
263 19.1563 14.7982 3.64435
264 19.1025 14.7009 3.64461
265 19.0494 14.6047 3.64315
266 19.0035 14.5205 3.63629
267 18.9471 14.418 3.64274
268 18.8868 14.3081 3.64225
269 18.8273 14.1991 3.64076
270 18.7746 14.1024 3.64012
271 18.7163 13.9948 3.63783
272 18.6759 13.9196 3.62698
273 18.6292 13.8323 3.62844
274 18.5832 13.7461 3.62723
275 18.5341 13.6541 3.62963
276 18.4851 13.5623 3.62845
277 18.4295 13.4578 3.62782
278 18.3844 13.373 3.62537
279 18.3353 13.2806 3.62785
280 18.2894 13.1941 3.62811
281 18.2371 13.0957 3.62941
282 18.1892 13.0055 3.62945
283 18.1336 12.9007 3.62835
284 18.0872 12.8116 3.62727
285 18.0355 12.7139 3.62779
286 17.9871 12.6221 3.62769
287 17.9355 12.5243 3.62744
288 17.8986 12.453 3.61955
289 17.8587 12.3756 3.61886
290 17.8152 12.2915 3.61635
291 17.7752 12.2138 3.61811
292 17.7352 12.136 3.61797
293 17.693 12.054 3.61791
294 17.6436 11.979 3.61531
295 17.589 11.8921 3.61098
296 17.5369 11.8003 3.6124
297 17.4913 11.7288 3.61202
298 17.4401 11.6457 3.61093
299 17.3902 11.5634 3.61001
300 17.3405 11.481 3.6089
301 17.2923 11.4003 3.6078
302 17.2427 11.3162 3.60683
303 17.195 11.2348 3.60629
304 17.1496 11.1571 3.60542
305 17.0989 11.0682 3.60393
306 17.0517 10.9848 3.60294
307 17.0051 10.9025 3.60232
308 16.9577 10.8176 3.60166
309 16.9113 10.7337 3.60134
310 16.8623 10.6444 3.59895
311 16.8263 10.5749 3.59673
312 16.7929 10.5092 3.59451
313 16.7578 10.4401 3.5974
314 16.7229 10.3689 3.59097
315 16.6903 10.2952 3.56719
316 16.6496 10.1937 3.5458
317 16.6257 10.1612 3.65608
318 16.5913 10.0892 3.6026
319 16.5545 9.98818 3.55024
320 16.5096 9.88171 3.54558
321 16.4574 9.75958 3.54553
322 16.4076 9.64309 3.54564
323 16.3597 9.53144 3.54622
324 16.3116 9.41962 3.54688
325 16.2613 9.30262 3.54724
326 16.214 9.1927 3.54746
327 16.1518 9.04792 3.54767
328 16.0989 8.92527 3.54807
329 16.0418 8.79306 3.54863
330 15.9841 8.65952 3.54912
331 15.9316 8.5387 3.54993
332 15.8776 8.41447 3.55078
333 15.82 8.2822 3.55146
334 15.7568 8.13707 3.55206
335 15.6983 8.00293 3.55237
336 15.6396 7.86833 3.55251
337 15.5763 7.72348 3.55301
338 15.5159 7.5855 3.55352
339 15.5192 7.64569 3.69948
340 15.5904 7.83483 3.68856
341 15.6256 7.94203 3.67648
342 15.6423 8.00208 3.67061
343 15.6412 8.02063 3.66063
344 15.6277 8.01096 3.65704
345 15.603 7.97623 3.65106
346 15.571 7.92375 3.64595
347 15.5331 7.85719 3.64081
348 15.4974 7.79253 3.63742
349 15.4532 7.71157 3.63502
350 15.4285 7.66517 3.64117
351 15.3987 7.61442 3.64058
352 15.3584 7.5458 3.63888
353 15.299 7.44142 3.63642
354 15.2445 7.34462 3.63542
355 15.1907 7.24902 3.63422
356 15.1525 7.18515 3.6419
357 15.1055 7.10181 3.64063
358 15.0482 6.99913 3.63897
359 14.9993 6.90982 3.6372
360 14.9434 6.80865 3.63498
361 14.8956 6.7212 3.63342
362 14.842 6.62363 3.63183
363 14.7951 6.53812 3.63036
364 14.7444 6.44546 3.6289
365 14.6959 6.35659 3.62714
366 14.6479 6.26829 3.6258
367 14.5581 6.10927 3.64474
368 14.4563 5.93295 3.64203
369 14.3977 5.83058 3.62255
370 14.347 5.73551 3.6198
371 14.3019 5.6501 3.618
372 14.2593 5.57002 3.61696
373 14.209 5.47487 3.6153
374 14.1536 5.36814 3.61352
375 14.1047 5.27337 3.61179
376 14.053 5.17349 3.61081
377 14.0095 5.08915 3.61032
378 13.9573 4.9879 3.60848
379 13.9061 4.8878 3.60806
380 13.8571 4.79218 3.60731
381 13.8065 4.69341 3.60742
382 13.7549 4.59267 3.60765
383 13.6993 4.48372 3.60743
384 13.648 4.38277 3.60757
385 13.6016 4.29224 3.60783
386 13.5492 4.19039 3.60835
387 13.5042 4.10271 3.60918
388 13.4499 3.99829 3.61144
389 13.3847 3.86752 3.61417
390 13.3341 3.76456 3.61357
391 13.2818 3.6651 3.61657
392 13.2314 3.56949 3.61935
393 13.1751 3.46467 3.62637
394 13.1145 3.3465 3.62864
395 13.0556 3.23178 3.62854
396 13.0066 3.14227 3.63344
397 12.9541 3.04763 3.63839
398 12.8975 2.94664 3.6445
399 12.8407 2.84672 3.6507
400 12.7852 2.75001 3.65531
401 12.732 2.659 3.663
402 12.6737 2.56091 3.67152
403 12.6162 2.46616 3.68082
404 12.5622 2.37908 3.68784
405 12.5063 2.29093 3.69812
406 12.4457 2.19715 3.70902
407 12.3893 2.11173 3.7166
408 12.3252 2.01674 3.73085
409 12.2552 1.91552 3.7432
410 12.1773 1.80614 3.76068
411 12.1077 1.71116 3.77418
412 12.0482 1.63421 3.77875
413 12 1.57493 3.78721
414 11.9466 1.51115 3.80343
415 11.8999 1.4579 3.81768
416 11.8536 1.40751 3.83169
417 11.8089 1.36095 3.8461
418 11.7586 1.30951 3.86128
419 11.7063 1.25786 3.87691
420 11.6537 1.20748 3.89325
421 11.5982 1.15642 3.90921
422 11.5409 1.10671 3.94567
423 11.4914 1.06688 3.94469
424 11.4403 1.02568 3.95452
425 11.3825 0.979556 3.97203
426 11.3291 0.938676 3.99075
427 11.2781 0.902175 4.00983
428 11.2178 0.859725 4.02326
429 11.1645 0.824071 4.04289
430 11.1109 0.790154 4.05709
431 11.0528 0.754225 4.07791
432 10.9869 0.715233 4.09946
433 10.9329 0.686089 4.11466
434 10.8684 0.651882 4.13713
435 10.8053 0.620151 4.15232
436 10.7399 0.588032 4.16819
437 10.6755 0.558268 4.19222
438 10.6298 0.537213 4.13326
439 10.5437 0.490702 4.23098
440 10.4758 0.464806 4.25155
441 10.4042 0.439849 4.27695
442 10.3389 0.419417 4.29365
443 10.2816 0.400009 4.22559
444 10.1826 0.358317 4.33348
445 10.1177 0.336364 4.2598
446 10.0489 0.298343 4.22555
447 9.95356 0.269264 4.39969
448 9.85955 0.248656 4.43371
449 9.78482 0.232701 4.35086
450 9.70222 0.193677 4.29745
451 9.6296 0.166466 4.31232
452 9.51768 0.147006 4.53024
453 9.42957 0.131478 4.43579
454 9.36773 0.106227 4.37218
455 9.30628 0.0857966 4.37353
456 9.21949 0.0602329 4.39433
457 9.14375 0.0395203 4.40787
458 9.06236 0.0188706 4.42628
459 8.97972 -0.000188714 4.44504
460 8.88852 -0.0198764 4.46115
461 8.80863 -0.0340503 4.48491
462 8.71479 -0.0509421 4.50108
463 8.6308 -0.0620208 4.52707
464 8.54015 -0.0730866 4.55029
465 8.44776 -0.0836308 4.56446
466 8.36622 -0.0910919 4.58158
467 8.2732 -0.0808399 4.73352
468 8.25791 -0.0249951 4.74341
469 8.24783 0.0240033 4.67673
470 8.15821 0.0177052 4.64957
471 8.04613 0.0137204 4.65575
472 7.95402 0.0143358 4.67545
473 7.8603 0.016343 4.69482
474 7.76776 0.0183824 4.70678
475 7.65968 0.0233424 4.72568
476 7.56319 0.0295591 4.74028
477 7.46762 0.0370181 4.75757
478 7.38088 0.0452268 4.77214
479 7.29229 0.0546737 4.78923
480 7.21507 0.0630302 4.79682
481 7.08918 0.108076 4.99635
482 7.08778 0.214199 5.00438
483 7.05376 0.317895 5.01036
484 7.01671 0.401737 5.01126
485 7.0148 0.479127 4.92621
486 6.88142 0.51182 5.02725
487 6.778 0.594187 5.03801
488 6.66284 0.67813 5.04472
489 6.50923 0.755787 5.05991
490 6.35859 0.849262 5.06309
491 6.19622 0.943487 5.05774
492 6.05679 1.033 5.06771
493 5.92222 1.09798 4.98947
494 5.78902 1.14058 5.05874
495 5.66122 1.198 4.99543
496 5.50348 1.25384 5.07995
497 5.35623 1.31523 5.01438
498 5.24484 1.34217 4.975
499 5.14552 1.3702 4.97647
500 5.03518 1.40379 4.98738
501 4.91195 1.44236 4.99676
502 4.7998 1.47932 5.00691
503 4.67389 1.52167 5.01767
504 4.56117 1.56102 5.02643
505 4.45126 1.60057 5.03726
506 4.31955 1.64911 5.04722
507 4.18343 1.70115 5.05837
508 4.05534 1.75175 5.06723
509 3.93854 1.79912 5.0773
510 3.8166 1.84894 5.0853
511 3.7752 1.8961 5.1492
512 3.73554 1.94368 5.15511
513 3.76 1.97291 5.17584
514 3.76433 2.01356 5.18113
515 3.75277 2.05457 5.18566
516 3.72118 2.10145 5.18972
517 3.68631 2.14594 5.19338
518 3.64062 2.19882 5.19648
519 3.58036 2.24925 5.19953
520 3.50918 2.30458 5.20069
521 3.42397 2.36516 5.20224
522 3.34914 2.42028 5.20194
523 3.30532 2.45702 5.19305
524 3.21253 2.5225 5.1999
525 3.15853 2.56113 5.18971
526 3.07575 2.61534 5.18776
527 3.00049 2.66491 5.1864
528 2.89322 2.72912 5.18443
529 2.80849 2.7802 5.1833
530 2.72613 2.83055 5.18142
531 2.65226 2.87558 5.17911
532 2.57085 2.92316 5.17876
533 2.46145 2.98703 5.18561
534 2.36757 3.04097 5.18363
535 2.27828 3.092 5.18231
536 2.18546 3.14456 5.18084
537 2.08471 3.20079 5.1797
538 1.97416 3.26157 5.17814
539 1.87589 3.31516 5.17701
540 1.77673 3.36952 5.17628
541 1.68265 3.42098 5.17484
542 1.58271 3.475 5.17343
543 1.47672 3.53155 5.17242
544 1.37076 3.58791 5.17182
545 1.2661 3.64338 5.17112
546 1.14917 3.70477 5.17078
547 1.03462 3.76462 5.17017
548 0.925325 3.82171 5.16993
549 0.814156 3.87956 5.16953
550 0.707204 3.93527 5.16919
551 0.59445 3.99344 5.16831
552 0.48749 4.04853 5.16834
553 0.371036 4.10821 5.16789
554 0.259852 4.1652 5.16802
555 0.146571 4.22323 5.16821
556 0.0395148 4.2781 5.1684
557 -0.0685782 4.33361 5.16872
558 -0.177693 4.38969 5.16826
559 -0.301213 4.45091 5.16754
560 -0.429162 4.51405 5.16718
561 -0.562076 4.57948 5.16693
562 -0.684663 4.63955 5.16685
563 -0.821217 4.70663 5.16661
564 -0.9533 4.7711 5.16648
565 -1.08369 4.83479 5.16641
566 -1.19313 4.89049 5.17937
567 -1.28294 4.93938 5.17906
568 -1.40129 4.99925 5.16761
569 -1.52038 5.0595 5.17924
570 -1.61895 5.11134 5.18012
571 -1.72456 5.16665 5.18065
572 -1.81659 5.2153 5.18125
573 -1.93098 5.27517 5.18166
574 -2.07506 5.34716 5.16998
575 -2.2208 5.41824 5.17094
576 -2.32265 5.47003 5.18322
577 -2.45294 5.53551 5.17142
578 -2.58787 5.60116 5.16985
579 -2.73121 5.67082 5.16931
580 -2.81853 5.71575 5.18055
581 -2.93838 5.77692 5.16913
582 -3.03369 5.82757 5.18101
583 -3.13435 5.88149 5.18263
584 -3.28213 5.95628 5.17161
585 -3.42431 6.02662 5.17051
586 -3.56953 6.0984 5.16944
587 -3.65592 6.14556 5.18733
588 -3.79397 6.21472 5.16909
589 -3.89869 6.27129 5.18893
590 -4.00362 6.32809 5.18652
591 -4.12529 6.39222 5.18749
592 -4.24993 6.45751 5.18891
593 -4.36992 6.52094 5.18993
594 -4.5074 6.59505 5.20169
595 -4.6073 6.64951 5.20782
596 -4.70239 6.70329 5.20454
597 -4.81924 6.76579 5.20385
598 -4.93701 6.82967 5.20927
599 -5.03301 6.88453 5.20999
600 -5.14369 6.94611 5.21188
601 -5.27115 7.01594 5.21298
602 -5.37975 7.06916 5.1846
603 -5.51849 7.13107 5.15768
604 -5.63474 7.19618 5.21194
605 -5.73933 7.2532 5.21419
606 -5.83436 7.3054 5.2151
607 -5.93455 7.35565 5.18749
608 -6.05066 7.40767 5.16174
609 -6.18615 7.47251 5.15999
610 -6.32109 7.53772 5.1609
611 -6.44721 7.59881 5.16184
612 -6.59258 7.66929 5.16257
613 -6.71428 7.72852 5.16347
614 -6.84321 7.79118 5.16383
615 -6.95951 7.84794 5.16472
616 -7.04036 7.90182 5.24952
617 -7.11064 7.94781 5.2548
618 -7.20441 7.99742 5.21281
619 -7.33958 8.05771 5.17273
620 -7.50118 8.13668 5.16936
621 -7.62466 8.19806 5.17081
622 -7.75275 8.26156 5.17142
623 -7.87695 8.3233 5.17216
624 -8.00733 8.38818 5.17284
625 -8.14547 8.45722 5.17401
626 -8.27913 8.52403 5.17462
627 -8.38928 8.59259 5.24236
628 -8.56002 8.68269 5.21025
629 -8.67533 8.74875 5.24466
630 -8.80834 8.82617 5.24708
631 -8.98403 8.92002 5.21351
632 -9.12034 8.98387 5.18288
633 -9.23462 9.05536 5.24684
634 -9.37279 9.13621 5.24888
635 -9.45391 9.19401 5.26979
636 -9.56518 9.26638 5.25745
637 -9.65973 9.32868 5.27173
638 -9.76855 9.39971 5.25906
639 -9.92011 9.48973 5.25785
640 -10.0177 9.55369 5.27467
641 -10.1336 9.62901 5.26152
642 -10.2774 9.71418 5.26031
643 -10.4147 9.79518 5.25834
644 -10.5703 9.88749 5.25826
645 -10.7151 9.97266 5.25882
646 -10.8117 10.0388 5.28178
647 -10.8798 10.0917 5.28475
648 -10.951 10.146 5.28494
649 -11.0653 10.2209 5.27043
650 -11.2174 10.3121 5.26796
651 -11.3736 10.3985 5.23424
652 -11.516 10.47 5.20429
653 -11.6371 10.5342 5.20203
654 -11.7627 10.6015 5.20284
655 -11.8582 10.6678 5.2762
656 -11.9197 10.7153 5.29932
657 -11.9833 10.7652 5.28653
658 -12.0773 10.8267 5.28496
659 -12.1776 10.8918 5.28633
660 -12.2913 10.965 5.2874
661 -12.3765 11.0253 5.29924
662 -12.4595 11.0833 5.29126
663 -12.5476 11.1456 5.30055
664 -12.6211 11.2002 5.30156
665 -12.7111 11.2631 5.29422
666 -12.8191 11.3327 5.29221
667 -12.9099 11.394 5.30178
668 -12.9888 11.4519 5.30271
669 -13.0652 11.5076 5.30313
670 -13.146 11.5659 5.3037
671 -13.2304 11.6258 5.30343
672 -13.3363 11.6981 5.29976
673 -13.4493 11.7707 5.29811
674 -13.5465 11.835 5.30386
675 -13.6331 11.8962 5.30462
676 -13.7427 11.9728 5.30509
677 -13.8494 12.0453 5.30155
678 -13.9873 12.1358 5.30538
679 -14.0941 12.2089 5.30647
680 -14.1868 12.2733 5.30674
681 -14.3092 12.358 5.30696
682 -14.4161 12.4311 5.3075
683 -14.5259 12.5064 5.30699
684 -14.6415 12.5856 5.30754
685 -14.7723 12.6748 5.30703
686 -14.9079 12.7669 5.30794
687 -15.0265 12.8473 5.30856
688 -15.1511 12.9323 5.30905
689 -15.2805 13.0203 5.30934
690 -15.3964 13.0993 5.30917
691 -15.5089 13.1761 5.30967
692 -15.6276 13.2573 5.30959
693 -15.7553 13.3443 5.30943
694 -15.8853 13.4325 5.30944
695 -16.0111 13.5181 5.31008
696 -16.1173 13.5925 5.30994
697 -16.2313 13.6701 5.30969
698 -16.3515 13.7524 5.31142
699 -16.5089 13.8554 5.31003
700 -16.6269 13.9352 5.30997
701 -16.7647 14.0269 5.31718
702 -16.8532 14.0921 5.32061
703 -16.9718 14.1769 5.32076
704 -17.1039 14.2694 5.31732
705 -17.213 14.3479 5.31754
706 -17.3175 14.4238 5.31919
707 -17.4281 14.5028 5.31896
708 -17.5375 14.5808 5.31938
709 -17.6423 14.6556 5.31968
710 -17.758 14.7379 5.31925
711 -17.8863 14.8289 5.32058
712 -17.9914 14.9025 5.32024
713 -18.0875 14.9702 5.32057
714 -18.1879 15.0419 5.32408
715 -18.2974 15.1171 5.32388
716 -18.4018 15.189 5.32434
717 -18.5003 15.2568 5.32432
718 -18.6019 15.3272 5.32438
719 -18.7021 15.3965 5.32456
720 -18.808 15.4699 5.32453
721 -18.9114 15.5412 5.32523
722 -19.0305 15.6239 5.3251
723 -19.1288 15.6913 5.32489
724 -19.2351 15.7646 5.32396
725 -19.3368 15.8346 5.32332
726 -19.4539 15.9153 5.32224
727 -19.5547 15.9838 5.32138
728 -19.6575 16.0544 5.3204
729 -19.761 16.125 5.31928
730 -19.8596 16.1921 5.31823
731 -19.9649 16.2641 5.31718
732 -20.0705 16.3356 5.31523
733 -20.167 16.4008 5.31434
734 -20.2684 16.4691 5.31235
735 -20.3683 16.5364 5.31107
736 -20.4962 16.6221 5.30864
737 -20.5946 16.6869 5.30743
738 -20.6956 16.754 5.30524
739 -20.8053 16.8265 5.30273
740 -20.9102 16.895 5.29996
741 -21.0178 16.9651 5.29656
742 -21.1247 17.0341 5.29347
743 -21.2247 17.0983 5.29059
744 -21.3229 17.1613 5.28901
745 -21.4228 17.2239 5.28121
746 -21.5192 17.2839 5.276
747 -21.6097 17.3397 5.27048
748 -21.707 17.399 5.2634
749 -21.8035 17.4567 5.25632
750 -21.896 17.5124 5.25939
751 -22.0146 17.5795 5.24968
752 -22.1254 17.6412 5.24084
753 -22.2421 17.7056 5.23112
754 -22.3677 17.7734 5.22053
755 -22.4952 17.84 5.20917
756 -22.6165 17.9015 5.19701
757 -22.7343 17.9603 5.18708
758 -22.8616 18.0224 5.17459
759 -22.9865 18.0808 5.16154
760 -23.112 18.138 5.14825
761 -23.2292 18.1896 5.13475
762 -23.3436 18.2385 5.12096
763 -23.464 18.2882 5.10665
764 -23.5826 18.3349 5.09148
765 -23.702 18.3799 5.07522
766 -23.8344 18.4273 5.05791
767 -23.9727 18.4728 5.03523
768 -24.0666 18.497 5.01366
769 -24.1654 18.5253 4.99973
770 -24.2651 18.5532 4.98522
771 -24.3851 18.5835 4.9596
772 -24.4931 18.6077 4.93866
773 -24.5968 18.6282 4.91793
774 -24.7217 18.6496 4.89005
775 -24.8195 18.6626 4.8678
776 -24.9257 18.6754 4.85098
777 -25.0366 18.6851 4.8218
778 -25.1454 18.6912 4.79765
779 -25.2512 18.6946 4.77357
780 -25.3546 18.6939 4.74222
781 -25.4472 18.6892 4.71788
782 -25.5428 18.6824 4.69409
783 -25.6419 18.6724 4.66998
784 -25.7427 18.66 4.64494
785 -25.8371 18.6449 4.61949
786 -25.9249 18.6278 4.59412
787 -26.0139 18.6084 4.57725
788 -26.1325 18.5821 4.54307
789 -26.2503 18.5535 4.51756
790 -26.3557 18.526 4.51228
791 -26.4874 18.502 4.53504
792 -26.5895 18.4609 4.45855
793 -26.7057 18.4329 4.48527
794 -26.8413 18.3973 4.47952
795 -26.9708 18.3576 4.45801
796 -27.0937 18.3155 4.4334
797 -27.2203 18.271 4.41639
798 -27.3315 18.2286 4.39673
799 -27.4533 18.181 4.37866
800 -27.5681 18.1304 4.35025
801 -27.6868 18.0775 4.33291
802 -27.7995 18.0245 4.31504
803 -27.9042 17.9722 4.29323
804 -28.011 17.918 4.27898
805 -28.122 17.8587 4.25964
806 -28.2232 17.8022 4.24397
807 -28.3303 17.7386 4.21994
808 -28.4408 17.6713 4.2011
809 -28.5344 17.6117 4.18628
810 -28.6344 17.5465 4.16764
811 -28.739 17.4774 4.15779
812 -28.8347 17.4103 4.13809
813 -28.7656 17.3611 3.97826
814 -28.6116 17.3316 3.98813
815 -28.5236 17.2659 4.05781
816 -28.5349 17.1866 4.0488
817 -28.5674 17.1027 4.03704
818 -28.6281 17.0053 4.02493
819 -28.7009 16.9041 4.01845
820 -28.7766 16.8019 4.00691
821 -28.8575 16.6984 3.99479
822 -28.9371 16.5965 3.98874
823 -29.0302 16.4864 3.97676
824 -29.1188 16.3796 3.9713
825 -29.2216 16.2634 3.95992
826 -29.3263 16.1463 3.95496
827 -29.4125 16.0729 4.00166
828 -29.5048 15.9939 3.99071
829 -29.5852 15.9227 3.97725
830 -29.6819 15.8351 3.96314
831 -29.7706 15.7514 3.95224
832 -29.8651 15.6598 3.93459
833 -29.9417 15.5821 3.92033
834 -30.0212 15.5006 3.906
835 -30.0974 15.4208 3.89571
836 -30.1653 15.3475 3.88229
837 -30.2392 15.2662 3.86913
838 -30.3052 15.1906 3.85583
839 -30.3574 15.1291 3.85132
840 -30.4198 15.0612 3.83848
841 -30.4837 14.9893 3.82897
842 -30.5473 14.9164 3.81531
843 -30.6086 14.8426 3.80533
844 -30.6716 14.764 3.79411
845 -30.7197 14.704 3.7868
846 -30.7692 14.6415 3.77565
847 -30.8142 14.5824 3.76769
848 -30.8647 14.5144 3.75598
849 -30.9153 14.4439 3.74613
850 -30.9576 14.384 3.73889
851 -31.0083 14.3103 3.72888
852 -31.0518 14.2459 3.72168
853 -31.0973 14.1781 3.71113
854 -31.1372 14.1161 3.70415
855 -31.1813 14.0468 3.69477
856 -31.2284 13.9708 3.68451
857 -31.2693 13.9035 3.67742
858 -31.314 13.8284 3.66765
859 -31.3581 13.7522 3.66022
860 -31.3991 13.68 3.65024
861 -31.4463 13.5942 3.6398
862 -31.4857 13.5206 3.6323
863 -31.5272 13.442 3.6222
864 -31.5623 13.3731 3.61506
865 -31.6024 13.293 3.60422
866 -31.6398 13.2156 3.59655
867 -31.6802 13.1309 3.58629
868 -31.7175 13.0508 3.57871
869 -31.7555 12.9669 3.56651
870 -31.7897 12.8879 3.55795
871 -31.8284 12.797 3.54549
872 -31.8676 12.7021 3.53317
873 -31.9134 12.5867 3.51902
874 -31.9521 12.4831 3.50515
875 -31.9826 12.3974 3.4949
876 -32.0165 12.3001 3.47931
877 -32.0488 12.2014 3.46291
878 -32.085 12.0984 3.47555
879 -32.1134 11.9943 3.43988
880 -32.1442 11.8885 3.42157
881 -32.1783 11.7606 3.40299
882 -32.2061 11.6475 3.38403
883 -32.2293 11.5426 3.36522
884 -32.2487 11.4461 3.34551
885 -32.2657 11.3501 3.32681
886 -32.2801 11.2574 3.30783
887 -32.294 11.1538 3.28897
888 -32.3029 11.0715 3.27633
889 -32.3108 10.9891 3.25784
890 -32.3167 10.8969 3.2345
891 -32.32 10.8202 3.22196
892 -32.3217 10.7409 3.19885
893 -32.3318 10.6152 3.2133
894 -32.3337 10.5271 3.16798
895 -32.3293 10.4523 3.14219
896 -32.3225 10.3789 3.12926
897 -32.3159 10.304 3.12289
898 -32.3076 10.2275 3.09163
899 -32.2962 10.1452 3.07853
900 -32.2831 10.0638 3.05198
901 -32.2673 9.97883 3.03188
902 -32.2486 9.88445 3.01169
903 -32.2288 9.79676 2.99072
904 -32.2059 9.70583 2.97021
905 -32.1806 9.61359 2.94896
906 -32.162 9.50805 2.99741
907 -32.148 9.40616 3.00881
908 -32.1288 9.30482 2.99347
909 -32.1065 9.19626 2.97631
910 -32.0828 9.09075 2.95927
911 -32.0572 8.99052 2.938
912 -32.0297 8.88663 2.92045
913 -31.9991 8.78295 2.89919
914 -31.9683 8.68476 2.87928
915 -31.9334 8.57398 2.86806
916 -31.8975 8.47149 2.84766
917 -31.8564 8.35962 2.82888
918 -31.8165 8.25827 2.81136
919 -31.7725 8.15452 2.78635
920 -31.7298 8.05753 2.7673
921 -31.689 7.96807 2.75274
922 -31.6408 7.86473 2.73687
923 -31.5907 7.76633 2.71575
924 -31.5456 7.67848 2.70174
925 -31.4937 7.58223 2.68254
926 -31.443 7.49199 2.66676
927 -31.3876 7.39498 2.65341
928 -31.3308 7.3029 2.63142
929 -31.2737 7.21135 2.61553
930 -31.217 7.12191 2.60576
931 -31.1601 7.03587 2.58943
932 -31.106 6.9574 2.57255
933 -31.0473 6.87255 2.56063
934 -30.9896 6.79135 2.54933
935 -30.9298 6.70864 2.53794
936 -30.8659 6.6227 2.52614
937 -30.7909 6.52274 2.51666
938 -30.7293 6.44355 2.50574
939 -30.6631 6.35943 2.49533
940 -30.5978 6.27755 2.48696
941 -30.5273 6.1898 2.48023
942 -30.4614 6.11078 2.46979
943 -30.3972 6.03459 2.46149
944 -30.3489 5.99908 2.46296
945 -30.2815 5.87627 2.4498
946 -30.2156 5.76914 2.43581
947 -30.1614 5.68895 2.42285
948 -30.0999 5.60328 2.40966
949 -30.0382 5.5245 2.39701
950 -29.9751 5.45011 2.38461
951 -29.914 5.37851 2.37445
952 -29.8418 5.29934 2.35928
953 -29.7804 5.23601 2.34956
954 -29.7166 5.17238 2.33775
955 -29.6405 5.09799 2.32544
956 -29.5681 5.03092 2.31314
957 -29.5013 4.97024 2.30139
958 -29.4331 4.91111 2.29033
959 -29.3629 4.85309 2.27904
960 -29.295 4.79931 2.26934
961 -29.2281 4.74663 2.2612
962 -29.162 4.69605 2.25151
963 -29.1089 4.65726 2.24485
964 -29.0565 4.61972 2.23742
965 -28.993 4.57442 2.23123
966 -28.9254 4.52673 2.22351
967 -28.8578 4.48043 2.21592
968 -28.7815 4.42819 2.209
969 -28.7138 4.38329 2.20277
970 -28.6465 4.33934 2.1978
971 -28.5808 4.29669 2.19287
972 -28.5 4.24412 2.18714
973 -28.4256 4.19661 2.18211
974 -28.3518 4.14999 2.17801
975 -28.276 4.10267 2.17414
976 -28.2054 4.0592 2.17057
977 -28.1304 4.01306 2.16775
978 -28.0444 3.95961 2.16522
979 -27.9633 3.90942 2.16317
980 -27.8889 3.86378 2.16132
981 -27.819 3.82144 2.16062
982 -27.735 3.76974 2.15963
983 -27.6542 3.71971 2.1592
984 -27.5817 3.67508 2.15863
985 -27.5057 3.62805 2.15948
986 -27.4303 3.58124 2.15874
987 -27.3516 3.53202 2.16005
988 -27.2664 3.47796 2.16115
989 -27.1756 3.41983 2.1616
990 -27.0894 3.36443 2.16253
991 -27.0055 3.31057 2.16137
992 -26.9212 3.25619 2.1624
993 -26.8398 3.20378 2.16177
994 -26.7569 3.15021 2.16311
995 -26.6672 3.09178 2.16428
996 -26.5793 3.03426 2.16545
997 -26.498 2.98114 2.16452
998 -26.4135 2.92568 2.16653
999 -26.3255 2.86766 2.16567
1000 -26.2396 2.81073 2.16734
1001 -26.142 2.74586 2.16807
1002 -26.052 2.68266 2.1787
1003 -25.959 2.61532 2.18787
1004 -25.8494 2.53732 2.18872
1005 -25.7478 2.46541 2.18819
1006 -25.6352 2.38561 2.18799
1007 -25.5421 2.31978 2.18742
1008 -25.4421 2.24897 2.18744
1009 -25.348 2.18229 2.18777
1010 -25.2467 2.11064 2.18715
1011 -25.1295 2.02784 2.18693
1012 -25.0202 1.9506 2.18677
1013 -24.9042 1.86857 2.18679
1014 -24.7858 1.78502 2.18644
1015 -24.6733 1.70579 2.18591
1016 -24.5684 1.63181 2.18596
1017 -24.4853 1.56668 2.20888
1018 -24.3864 1.49098 2.20991
1019 -24.2733 1.40538 2.20871
1020 -24.1726 1.3294 2.20817
1021 -24.0729 1.25414 2.20666
1022 -23.9643 1.17212 2.20591
1023 -23.8617 1.0952 2.20529
1024 -23.7253 0.994061 2.20414
1025 -23.6135 0.911484 2.20336
1026 -23.5095 0.834136 2.20177
1027 -23.3948 0.749244 2.20105
1028 -23.2661 0.654617 2.2003
1029 -23.135 0.558623 2.19865
1030 -23.0169 0.472537 2.19692
1031 -22.8975 0.385612 2.19616
1032 -22.7706 0.29338 2.19522
1033 -22.6102 0.177919 2.19292
1034 -22.4859 0.0889888 2.19083
1035 -22.3405 -0.0151915 2.18919
1036 -22.2434 -0.0894692 2.1983
1037 -22.0922 -0.19988 2.18857
1038 -21.9373 -0.309427 2.18689
1039 -21.8068 -0.405135 2.19265
1040 -21.6872 -0.495903 2.19367
1041 -21.5205 -0.615135 2.18441
1042 -21.3524 -0.734647 2.18827
1043 -21.2291 -0.822258 2.18283
1044 -21.08 -0.926227 2.18026
1045 -20.9373 -1.02517 2.17825
1046 -20.7329 -1.16668 2.17728
1047 -20.5535 -1.28909 2.17341
1048 -20.3849 -1.40453 2.17322
1049 -20.2104 -1.52335 2.17038
1050 -20.0444 -1.63593 2.16876
1051 -19.8632 -1.75813 2.16549
1052 -19.6996 -1.86834 2.16533
1053 -19.5284 -1.98308 2.16236
1054 -19.3647 -2.09286 2.16259
1055 -19.1839 -2.21316 2.15909
1056 -19.0131 -2.32664 2.15863
1057 -18.8486 -2.43521 2.15582
1058 -18.6856 -2.54239 2.15283
1059 -18.5087 -2.65803 2.15132
1060 -18.3356 -2.76984 2.14816
1061 -18.163 -2.88199 2.14797
1062 -17.9929 -2.99084 2.14476
1063 -17.8174 -3.10315 2.14337
1064 -17.6339 -3.22057 2.1424
1065 -17.4703 -3.32484 2.14133
1066 -17.3056 -3.42943 2.13975
1067 -17.1363 -3.5371 2.13921
1068 -16.9299 -3.66805 2.13833
1069 -16.7493 -3.78179 2.13673
1070 -16.5781 -3.88966 2.13571
1071 -16.4034 -3.9989 2.13363
1072 -16.2411 -4.10068 2.13305
1073 -16.0688 -4.20848 2.13219
1074 -15.9097 -4.30742 2.13057
1075 -15.7484 -4.40796 2.13013
1076 -15.5784 -4.51326 2.1285
1077 -15.4018 -4.62265 2.12762
1078 -15.2378 -4.72402 2.12696
1079 -15.0679 -4.82874 2.12587
1080 -14.8803 -4.94426 2.125
1081 -14.7215 -5.04143 2.12348
1082 -14.5552 -5.14323 2.12255
1083 -14.3948 -5.24092 2.12108
1084 -14.2202 -5.34741 2.12054
1085 -14.0616 -5.44355 2.11911
1086 -13.8812 -5.5528 2.11797
1087 -13.7025 -5.66056 2.11661
1088 -13.5296 -5.76425 2.11473
1089 -13.367 -5.86177 2.11386
1090 -13.2 -5.96158 2.11257
1091 -13.0283 -6.06404 2.11153
1092 -12.8574 -6.16589 2.11063
1093 -12.689 -6.2659 2.10963
1094 -12.5212 -6.36535 2.1085
1095 -12.3616 -6.4594 2.10677
1096 -12.1986 -6.55567 2.10627
1097 -12.0405 -6.64869 2.10543
1098 -11.8771 -6.74454 2.10404
1099 -11.7076 -6.84404 2.1036
1100 -11.5479 -6.93733 2.10256
1101 -11.3922 -7.02785 2.10085
1102 -11.239 -7.117 2.10009
1103 -11.0714 -7.21436 2.09931
1104 -10.9159 -7.30436 2.09831
1105 -10.7512 -7.39965 2.09738
1106 -10.5985 -7.48758 2.0962
1107 -10.4463 -7.57502 2.09498
1108 -10.4553 -7.56765 2.09235
1109 -10.4042 -7.59747 2.09429
1110 -10.3254 -7.64412 2.09415
1111 -10.2553 -7.68644 2.09414
1112 -10.1569 -7.74568 2.09604
1113 -10.0532 -7.80807 2.09553
1114 -9.93731 -7.87781 2.09584
1115 -9.8202 -7.94767 2.09436
1116 -9.70957 -8.01437 2.09674
1117 -9.5864 -8.08781 2.09467
1118 -9.46484 -8.16049 2.09476
1119 -9.32726 -8.24188 2.09401
1120 -9.17769 -8.33024 2.093
1121 -9.02548 -8.41933 2.09228
1122 -8.89999 -8.49343 2.09217
1123 -8.77417 -8.56749 2.09053
1124 -8.64853 -8.64143 2.09071
1125 -8.51511 -8.71942 2.09043
1126 -8.35701 -8.80891 2.08653
1127 -8.18185 -8.90615 2.08204
1128 -8.02966 -8.99092 2.08094
1129 -7.88363 -9.07244 2.08071
1130 -7.73989 -9.15271 2.08067
1131 -7.58197 -9.24088 2.08056
1132 -7.46214 -9.32577 2.15081
1133 -7.41276 -9.37072 2.14476
1134 -7.33042 -9.4368 2.14405
1135 -7.24564 -9.50377 2.14343
1136 -7.12984 -9.5872 2.14262
1137 -7.01635 -9.66902 2.14186
1138 -6.89543 -9.75432 2.14126
1139 -6.7692 -9.8425 2.14078
1140 -6.639 -9.93241 2.14004
1141 -6.51425 -10.0186 2.13946
1142 -6.37771 -10.1118 2.13871
1143 -6.22946 -10.2113 2.13818
1144 -6.08789 -10.3061 2.13801
1145 -5.9532 -10.3967 2.13721
1146 -5.8233 -10.4841 2.13641
1147 -5.69913 -10.5682 2.13521
1148 -5.56637 -10.6568 2.13504
1149 -5.42522 -10.7505 2.13462
1150 -5.2664 -10.8546 2.13307
1151 -5.11871 -10.9505 2.13142
1152 -4.96267 -11.0516 2.13006
1153 -4.82829 -11.1387 2.12781
1154 -4.68678 -11.2301 2.12512
1155 -4.54963 -11.3182 2.12303
1156 -4.41298 -11.4052 2.12009
1157 -4.27165 -11.4945 2.11659
1158 -4.1326 -11.5814 2.11255
1159 -3.98852 -11.6705 2.10798
1160 -3.85289 -11.7534 2.10287
1161 -3.72102 -11.8331 2.09718
1162 -3.57217 -11.9215 2.09037
1163 -3.4284 -12.0052 2.08274
1164 -3.2906 -12.0837 2.07367
1165 -3.15563 -12.1593 2.06491
1166 -3.00475 -12.2416 2.05558
1167 -2.88025 -12.3073 2.04442
1168 -2.73143 -12.3824 2.03416
1169 -2.59224 -12.4519 2.02115
1170 -2.44606 -12.5211 2.0126
1171 -2.32695 -12.5772 1.99692
1172 -2.20226 -12.6338 1.99453
1173 -2.07792 -12.6883 1.96865
1174 -1.93736 -12.7458 1.95336
1175 -1.79409 -12.8011 1.93095
1176 -1.67749 -12.8434 1.91386
1177 -1.55469 -12.8866 1.90253
1178 -1.44317 -12.9257 1.89731
1179 -1.30307 -12.974 1.88725
1180 -1.19653 -12.9985 1.8551
1181 -1.07363 -13.0324 1.83273
1182 -0.956064 -13.0626 1.81643
1183 -0.80988 -13.0974 1.79863
1184 -0.675463 -13.1255 1.77763
1185 -0.554653 -13.1494 1.76626
1186 -0.422029 -13.1717 1.73675
1187 -0.289633 -13.1905 1.71523
1188 -0.169929 -13.2035 1.68815
1189 -0.0501788 -13.2132 1.6641
1190 0.0814331 -13.2197 1.63249
1191 0.197556 -13.221 1.60669
1192 0.306599 -13.2183 1.58268
1193 0.421215 -13.2151 1.57265
1194 0.554658 -13.2066 1.52838
1195 0.704725 -13.2041 1.55734
1196 0.809118 -13.1774 1.45748
1197 0.921273 -13.1655 1.49471
1198 1.01713 -13.1345 1.39063
1199 1.11234 -13.1009 1.37476
1200 1.2141 -13.0675 1.36898
1201 1.32489 -13.0278 1.32098
1202 1.44838 -12.9969 1.36296
1203 1.58539 -12.9635 1.35998
1204 1.72619 -12.9225 1.33725
1205 1.87128 -12.8747 1.31162
1206 2.00977 -12.8224 1.27983
1207 2.15087 -12.7671 1.25354
1208 2.29358 -12.7057 1.2264
1209 2.43883 -12.6359 1.18967
1210 2.56738 -12.5718 1.167
1211 2.71581 -12.4938 1.14045
1212 2.86085 -12.4094 1.10893
1213 2.99315 -12.3295 1.08622
1214 3.12157 -12.2462 1.05504
1215 3.24072 -12.1672 1.03532
1216 3.37307 -12.0752 1.01152
1217 3.49133 -11.9853 0.981327
1218 3.5962 -11.9023 0.958659
1219 3.70203 -11.8171 0.937657
1220 3.79966 -11.7336 0.913527
1221 3.89802 -11.6488 0.898448
1222 3.99957 -11.5563 0.876093
1223 4.09155 -11.47 0.85994
1224 4.19219 -11.3713 0.836293
1225 4.27536 -11.287 0.820675
1226 4.3525 -11.2048 0.798246
1227 4.43354 -11.1182 0.783556
1228 4.51647 -11.0257 0.766453
1229 4.59999 -10.9301 0.750186
1230 4.67045 -10.8472 0.738061
1231 4.50221 -10.8705 0.74049
1232 4.41469 -10.8827 0.733273
1233 4.35833 -10.8831 0.72075
1234 4.32268 -10.8763 0.708817
1235 4.31797 -10.8471 0.697837
1236 4.30725 -10.8257 0.691006
1237 4.30916 -10.799 0.681444
1238 4.31188 -10.7715 0.672417
1239 4.31807 -10.7408 0.667769
1240 4.3327 -10.7011 0.660433
1241 4.36398 -10.6463 0.653656
1242 4.38824 -10.6003 0.647965
1243 4.41416 -10.5512 0.644307
1244 4.44432 -10.4987 0.639571
1245 4.47379 -10.4454 0.635647
1246 4.50326 -10.3923 0.633345
1247 4.53279 -10.3391 0.630079
1248 4.5721 -10.275 0.628919
1249 4.6348 -10.1811 0.625856
1250 4.68694 -10.1014 0.626893
1251 4.73281 -10.0315 0.624726
1252 4.81339 -9.9142 0.62458
1253 4.87631 -9.82086 0.625099
1254 4.94308 -9.72439 0.625678
1255 4.99244 -9.65195 0.624867
1256 5.04977 -9.56816 0.62376
1257 5.10699 -9.48423 0.623627
1258 5.16725 -9.39589 0.623215
1259 5.23977 -9.29205 0.62597
1260 5.32319 -9.17555 0.625929
1261 5.39898 -9.06854 0.625623
1262 5.48746 -8.94488 0.625037
1263 5.56213 -8.83931 0.624662
1264 5.64084 -8.72846 0.624246
1265 5.71106 -8.62948 0.623863
1266 5.78257 -8.52833 0.623293
1267 5.84234 -8.44418 0.620607
1268 5.92538 -8.32893 0.623826
1269 6.0013 -8.22482 0.619994
1270 6.08351 -8.10761 0.620091
1271 6.16903 -7.98789 0.619987
1272 6.25476 -7.86754 0.617697
1273 6.34234 -7.74372 0.616785
1274 6.42244 -7.6297 0.614438
1275 6.50173 -7.51426 0.608433
1276 6.56956 -7.41256 0.611823
1277 6.66039 -7.28276 0.610537
1278 6.74819 -7.15579 0.609064
1279 6.81407 -7.05873 0.611612
1280 6.90036 -6.93491 0.607568
1281 6.98469 -6.81155 0.604484
1282 7.04782 -6.71614 0.605599
1283 7.13624 -6.58709 0.60347
1284 7.21614 -6.46949 0.603408
1285 7.30247 -6.34123 0.600626
1286 7.37226 -6.23626 0.604215
1287 7.4537 -6.11566 0.599437
1288 7.53552 -5.99322 0.598793
1289 7.61409 -5.87566 0.597972
1290 7.7041 -5.74039 0.595877
1291 7.7812 -5.6239 0.59524
1292 7.86373 -5.49962 0.59509
1293 7.93064 -5.39818 0.60028
1294 8.02583 -5.25609 0.593997
1295 8.09211 -5.15663 0.599729
1296 8.16432 -5.04908 0.599702
1297 8.23791 -4.9379 0.595694
1298 8.3185 -4.81485 0.592734
1299 8.42051 -4.6582 0.582456
1300 8.52778 -4.49324 0.583552
1301 8.62148 -4.34863 0.5837
1302 8.70124 -4.22486 0.579985
1303 8.77313 -4.11354 0.579244
1304 8.83712 -4.01408 0.578379
1305 8.9294 -3.87457 0.584692
1306 9.01926 -3.74147 0.589636
1307 9.11059 -3.60471 0.589669
1308 9.20755 -3.45972 0.589976
1309 9.30694 -3.3108 0.589707
1310 9.40382 -3.16514 0.588854
1311 9.50892 -3.00681 0.587888
1312 9.61292 -2.85023 0.587611
1313 9.73253 -2.66987 0.587072
1314 9.8305 -2.52187 0.586556
1315 9.92504 -2.37874 0.585626
1316 10.0215 -2.23276 0.585158
1317 10.1157 -2.09003 0.584786
1318 10.2179 -1.9349 0.584027
1319 10.3067 -1.79958 0.58285
1320 10.4195 -1.62789 0.582629
1321 10.5174 -1.47853 0.581792
1322 10.6181 -1.32524 0.582006
1323 10.7133 -1.17977 0.581169
1324 10.8089 -1.03324 0.580132
1325 10.9238 -0.857641 0.580049
1326 11.0249 -0.702182 0.579141
1327 11.1195 -0.556925 0.578526
1328 11.2152 -0.409945 0.578271
1329 11.3111 -0.262207 0.577395
1330 11.4118 -0.10676 0.576701
1331 11.5224 0.063966 0.576057
1332 11.542 0.0948732 0.58199
1333 11.6515 0.262579 0.578924
1334 11.676 0.299633 0.585657
1335 11.7806 0.459455 0.580075
1336 11.8157 0.512461 0.584551
1337 11.864 0.582456 0.586769
1338 11.9659 0.73822 0.579815
1339 12.0674 0.899123 0.571577
1340 12.1187 0.973704 0.584028
1341 12.1831 1.06769 0.585138
1342 12.2828 1.22081 0.578095
1343 12.3373 1.30154 0.584328
1344 12.4074 1.40339 0.585773
1345 12.4749 1.5014 0.585778
1346 12.5507 1.61179 0.586061
1347 12.6171 1.70792 0.586017
1348 12.7 1.82867 0.586136
1349 12.7858 1.95448 0.586367
1350 12.8602 2.06349 0.586055
1351 12.9302 2.16437 0.585847
1352 13.0083 2.27779 0.586545
1353 13.1096 2.42674 0.586718
1354 13.1956 2.55311 0.587361
1355 13.2795 2.67648 0.586937
1356 13.3643 2.80046 0.587898
1357 13.4488 2.92437 0.586702
1358 13.5387 3.05626 0.587563
1359 13.6227 3.17936 0.589213
1360 13.718 3.31909 0.587888
1361 13.8078 3.45113 0.588771
1362 13.8979 3.58337 0.590168
1363 13.9886 3.71638 0.588906
1364 14.0879 3.86237 0.589012
1365 14.1735 3.98755 0.590989
1366 14.2617 4.1172 0.589586
1367 14.3525 4.25075 0.590477
1368 14.4414 4.38115 0.589019
1369 14.5293 4.51028 0.590497
1370 14.6342 4.66465 0.590912
1371 14.7205 4.79174 0.589144
1372 14.8146 4.9301 0.589654
1373 14.8979 5.05252 0.588998
1374 15.0029 5.21249 0.583806
1375 15.0872 5.34324 0.578818
1376 15.1757 5.47822 0.579522
1377 15.2623 5.61021 0.579959
1378 15.3638 5.72955 0.656617
1379 15.4125 5.78806 0.618843
1380 15.4854 5.87782 0.663853
1381 15.5193 5.90184 0.661608
1382 15.5824 5.96526 0.658659
1383 15.6505 6.04188 0.654416
1384 15.7204 6.12402 0.652881
1385 15.7922 6.21214 0.647326
1386 15.8692 6.30941 0.64548
1387 15.9398 6.39994 0.643806
1388 16.0171 6.50104 0.639606
1389 16.1157 6.63134 0.6413
1390 16.1887 6.73086 0.636211
1391 16.2767 6.84943 0.636423
1392 16.347 6.94583 0.634982
1393 16.4305 7.06118 0.629083
1394 16.506 7.16661 0.627297
1395 16.5952 7.29874 0.606821
1396 16.6736 7.42266 0.588355
1397 16.7638 7.55884 0.586873
1398 16.8558 7.69736 0.586651
1399 16.9473 7.83497 0.586829
1400 17.0361 7.96856 0.5869
1401 17.1231 8.09953 0.586818
1402 17.2064 8.22502 0.586829
1403 17.315 8.38841 0.586813
1404 17.409 8.5296 0.58726
1405 17.4921 8.65447 0.587215
1406 17.5838 8.79248 0.587052
1407 17.6911 8.9539 0.587131
1408 17.7768 9.08285 0.587006
1409 17.8743 9.22925 0.587589
1410 17.9652 9.36562 0.587787
1411 18.0488 9.49125 0.587576
1412 18.1442 9.6348 0.58739
1413 18.2388 9.77696 0.587252
1414 18.338 9.92624 0.587234
1415 18.4254 10.0574 0.587559
1416 18.5136 10.1898 0.587823
1417 18.5957 10.3133 0.587461
1418 18.6809 10.441 0.587923
1419 18.7624 10.5632 0.588232
1420 18.8507 10.6957 0.58816
1421 18.9375 10.8258 0.588457
1422 19.0377 10.9759 0.588674
1423 19.1322 11.1174 0.588937
1424 19.224 11.2546 0.589487
1425 19.3185 11.3953 0.590471
1426 19.4069 11.527 0.591047
1427 19.5013 11.6674 0.591449
1428 19.5896 11.7988 0.591524
1429 19.6858 11.9419 0.591886
1430 19.7416 12.0049 0.660356
1431 19.8076 12.0838 0.66662
1432 19.8657 12.1548 0.666762
1433 19.9229 12.2224 0.66649
1434 20 12.3179 0.669493
1435 20.0881 12.4272 0.669312
1436 20.1587 12.515 0.669039
1437 20.2407 12.6173 0.669074
1438 20.3239 12.722 0.66844
1439 20.4143 12.8358 0.668466
1440 20.4962 12.9389 0.668231
1441 20.5776 13.0416 0.667721
1442 20.6603 13.1461 0.668169
1443 20.7528 13.2629 0.668102
1444 20.8465 13.3815 0.668432
1445 20.9387 13.498 0.668406
1446 21.0243 13.6067 0.667202
1447 21.1193 13.7273 0.666889
1448 21.2114 13.8443 0.666839
1449 21.3074 13.9665 0.666619
1450 21.3973 14.0808 0.666657
1451 21.5044 14.217 0.66668
1452 21.5942 14.331 0.667448
1453 21.6825 14.4432 0.667538
1454 21.764 14.5467 0.667688
1455 21.8599 14.6683 0.668029
1456 21.9415 14.772 0.668162
1457 22.036 14.8921 0.667837
1458 22.1333 15.0154 0.66869
1459 22.2193 15.1244 0.668504
1460 22.3089 15.2381 0.668906
1461 22.4031 15.3574 0.669328
1462 22.5014 15.4822 0.668564
1463 22.5879 15.5922 0.66822
1464 22.6802 15.7098 0.666592
1465 22.7745 15.8301 0.666035
1466 22.8611 15.9407 0.665342
1467 22.9478 16.0516 0.664561
1468 23.0358 16.164 0.665273
1469 23.1271 16.2809 0.664121
1470 23.23 16.4124 0.665074
1471 23.3183 16.5255 0.663604
1472 23.4208 16.6573 0.662014
1473 23.5062 16.7671 0.662364
1474 23.5982 16.8853 0.661632
1475 23.6793 16.9896 0.662129
1476 23.7704 17.1066 0.662958
1477 23.8517 17.2113 0.661304
1478 23.9351 17.3188 0.66148
1479 24.018 17.4254 0.662123
1480 24.1094 17.5431 0.661515
1481 24.1935 17.6513 0.662287
1482 24.2794 17.7618 0.661493
1483 24.3572 17.8616 0.662597
1484 24.4372 17.9644 0.661941
1485 24.5147 18.064 0.661817
1486 24.5941 18.1661 0.662112
1487 24.6682 18.2615 0.66042
1488 24.7481 18.3644 0.660431
1489 24.8277 18.4671 0.660574
1490 24.9087 18.572 0.658335
1491 25.0027 18.6932 0.66018
1492 25.0797 18.7926 0.658942
1493 25.1548 18.8893 0.661194
1494 25.2168 18.9689 0.66192
1495 25.2798 19.051 0.657917
1496 25.3516 19.1457 0.653197
1497 25.4333 19.2523 0.653127
1498 25.5031 19.3428 0.656512
1499 25.5686 19.4278 0.656994
1500 25.6625 19.5496 0.657326
1501 25.7415 19.6529 0.653437
1502 25.8169 19.7513 0.65389
1503 25.8856 19.841 0.655392
1504 25.9584 19.9369 0.650661
1505 26.0259 20.026 0.649528
1506 26.1 20.1233 0.650549
1507 26.1733 20.2195 0.651612
1508 26.2501 20.32 0.652659
1509 26.318 20.4086 0.653715
1510 26.3893 20.5015 0.65475
1511 26.4429 20.5711 0.655543
1512 26.5088 20.6567 0.656468
1513 26.581 20.7502 0.657378
1514 26.6709 20.8664 0.658543
1515 26.745 20.962 0.659704
1516 26.8162 21.0536 0.660679
1517 26.8906 21.1491 0.661833
1518 26.965 21.2443 0.663136
1519 27.0359 21.3348 0.664446
1520 27.1166 21.4376 0.665994
1521 27.1874 21.5273 0.667389
1522 27.2716 21.6339 0.668868
1523 27.3511 21.7342 0.67029
1524 27.4217 21.823 0.671487
1525 27.4964 21.9168 0.67251
1526 27.5776 22.0185 0.674018
1527 27.6544 22.1144 0.675102
1528 27.7292 22.2076 0.676339
1529 27.8068 22.3041 0.677555
1530 27.8848 22.4007 0.678973
1531 27.9604 22.4941 0.68008
1532 28.0447 22.5982 0.681349
1533 28.1277 22.7003 0.682654
1534 28.2126 22.8043 0.683804
1535 28.2999 22.9112 0.685456
1536 28.3867 23.017 0.686696
1537 28.4675 23.1154 0.688003
1538 28.5766 23.2477 0.68969
1539 28.6747 23.3662 0.691135
1540 28.7653 23.4754 0.692258
1541 28.855 23.5834 0.693567
1542 28.9679 23.7188 0.694698
1543 29.0677 23.8384 0.695542
1544 29.15 23.9369 0.696422
1545 29.2482 24.054 0.697233
1546 29.354 24.1802 0.697899
1547 29.4284 24.2688 0.698778
1548 29.5292 24.3886 0.699596
1549 29.6233 24.5002 0.700247
1550 29.7129 24.6063 0.701144
1551 29.8158 24.7281 0.701659
1552 29.9338 24.8675 0.702403
1553 30.0249 24.975 0.703044
1554 30.1212 25.0885 0.703534
1555 30.2203 25.2052 0.704024
1556 30.3278 25.3316 0.704444
1557 30.4296 25.4514 0.704808
1558 30.5143 25.5509 0.705218
1559 30.6112 25.6647 0.705582
1560 30.7278 25.8014 0.705903
1561 30.8221 25.9119 0.706222
1562 30.9099 26.0149 0.706547
1563 31.0033 26.1242 0.706804
1564 31.0968 26.2336 0.707018
1565 31.1741 26.3241 0.707307
1566 31.2637 26.4288 0.707592
1567 31.357 26.5378 0.707849
1568 31.4418 26.6369 0.708082
1569 31.5327 26.743 0.70831
1570 31.637 26.8647 0.708585
1571 31.7082 26.9477 0.708754
1572 31.7976 27.0519 0.709017
1573 31.8906 27.1604 0.709223
1574 32.0221 27.3135 0.709448
1575 32.1042 27.4091 0.709609
1576 32.174 27.4903 0.709747
1577 32.2532 27.5825 0.709861
1578 32.3265 27.6678 0.709983
1579 32.4254 27.7828 0.710128
1580 32.5203 27.8932 0.710237
1581 32.5889 27.9729 0.710352
1582 32.6824 28.0816 0.710522
1583 32.7662 28.179 0.710602
1584 32.8333 28.257 0.710696
1585 32.9225 28.3606 0.71077
1586 33.0001 28.4507 0.710841
1587 33.071 28.533 0.710896
1588 33.175 28.6538 0.71097
1589 33.2379 28.7268 0.711014
1590 33.3263 28.8295 0.711084
1591 33.4195 28.9376 0.711156
1592 33.4797 29.0075 0.711229
1593 33.5646 29.106 0.711332
1594 33.6282 29.1798 0.711436
1595 33.6878 29.2489 0.711536
1596 33.7498 29.3208 0.711644
1597 33.8114 29.3921 0.711742
1598 33.8592 29.4476 0.711847
1599 33.9041 29.4997 0.711969
1600 33.9456 29.5476 0.71206
1601 33.9822 29.5901 0.71217
1602 34.0083 29.6203 0.712236
1603 34.028 29.6431 0.712296
1604 34.0337 29.6497 0.71233
1605 34.0343 29.6504 0.712339
1606 34.0314 29.647 0.712335
1607 34.0285 29.6438 0.712326
1608 34.0259 29.6407 0.712318
1609 34.0249 29.6395 0.712315
1610 34.0249 29.6395 0.712314
1611 34.0254 29.6401 0.712315
1612 34.0255 29.6403 0.712316
1613 34.0255 29.6403 0.712316
1614 34.0255 29.6403 0.712316
1615 34.0255 29.6403 0.712316
1616 34.0255 29.6403 0.712316
1617 34.0255 29.6403 0.712316
1618 34.0255 29.6403 0.712316
1619 34.0255 29.6403 0.712316
1620 34.0255 29.6403 0.712316
1621 34.0255 29.6403 0.712316
1622 34.0255 29.6403 0.712316
1623 34.0255 29.6403 0.712316
1624 34.0255 29.6403 0.712316
1625 34.0255 29.6403 0.712316
1626 34.0255 29.6403 0.712316
1627 34.0255 29.6403 0.712316
1628 34.0255 29.6403 0.712316
1629 34.0255 29.6403 0.712316
1630 34.0255 29.6403 0.712316
1631 34.0255 29.6403 0.712316
1632 34.0255 29.6403 0.712316
1633 34.0255 29.6403 0.712316
1634 34.0255 29.6403 0.712316
1635 34.0255 29.6403 0.712316
1636 34.0255 29.6403 0.712316
1637 34.0255 29.6403 0.712316
1638 34.0255 29.6403 0.712316
1639 34.0255 29.6403 0.712316
1640 34.0255 29.6403 0.712316
1641 34.0255 29.6403 0.712316
1642 34.0255 29.6403 0.712316
1643 34.0255 29.6403 0.712316
1644 34.0255 29.6403 0.712316
1645 34.0255 29.6403 0.712316
1646 34.0255 29.6403 0.712316
1647 34.0255 29.6403 0.712316
1648 34.0255 29.6403 0.712316
1649 34.0255 29.6403 0.712316
1650 34.0255 29.6403 0.712316
1651 34.0255 29.6403 0.712316
1652 34.0255 29.6403 0.712316
1653 34.0255 29.6403 0.712316
1654 34.0255 29.6403 0.712316
1655 34.0255 29.6403 0.712316
1656 34.0255 29.6403 0.712316
1657 34.0255 29.6403 0.712316
1658 34.0255 29.6403 0.712316
1659 34.0255 29.6403 0.712316
1660 34.0255 29.6403 0.712316
1661 34.0255 29.6403 0.712316
1662 34.0255 29.6403 0.712316
1663 34.0255 29.6403 0.712316
1664 34.0255 29.6403 0.712316
1665 34.0255 29.6403 0.712316
1666 34.0255 29.6403 0.712316
1667 34.0255 29.6403 0.712316
1668 34.0255 29.6403 0.712316
1669 34.0255 29.6403 0.712316
1670 34.0255 29.6403 0.712316
1671 34.0255 29.6403 0.712316
1672 34.0255 29.6403 0.712316
1673 34.0255 29.6403 0.712316
1674 34.0255 29.6403 0.712316
1675 34.0255 29.6403 0.712316
1676 34.0255 29.6403 0.712316
1677 34.0255 29.6403 0.712316
1678 34.0255 29.6403 0.712316
1679 34.0255 29.6403 0.712316
1680 34.0255 29.6403 0.712316
1681 34.0255 29.6403 0.712316
1682 34.0255 29.6403 0.712316
1683 34.0255 29.6403 0.712316
1684 34.0255 29.6403 0.712316
1685 34.0255 29.6403 0.712316
1686 34.0255 29.6403 0.712316
1687 34.0255 29.6403 0.712316
1688 34.0255 29.6403 0.712316
1689 34.0255 29.6403 0.712316
1690 34.0255 29.6403 0.712316
1691 34.0255 29.6403 0.712316
1692 34.0255 29.6403 0.712316
1693 34.0255 29.6403 0.712316
1694 34.0255 29.6403 0.712316
1695 34.0255 29.6403 0.712316
1696 34.0255 29.6403 0.712316
1697 34.0255 29.6403 0.712316
1698 34.0255 29.6403 0.712316
1699 34.0255 29.6403 0.712316
1700 34.0255 29.6403 0.712316
1701 34.0255 29.6403 0.712316
1702 34.0255 29.6403 0.712316
1703 34.0255 29.6403 0.712316
1704 34.0255 29.6403 0.712316
1705 34.0255 29.6403 0.712316
1706 34.0255 29.6403 0.712316
1707 34.0255 29.6403 0.712316
1708 34.0255 29.6403 0.712316
1709 34.0255 29.6403 0.712316
1710 34.0255 29.6403 0.712316
1711 34.0255 29.6403 0.712316
1712 34.0255 29.6403 0.712316
1713 34.0255 29.6403 0.712316
1714 34.0255 29.6403 0.712316
