0 13.068 20.8317 3.78566
0 13.0676 20.8312 3.78562
0 13.0674 20.831 3.78561
1 13.0668 20.8302 3.78558
0 13.0666 20.8299 3.78555
1 13.0658 20.8289 3.7855
2 13.0668 20.8302 3.78554
3 13.0585 20.8191 3.78495
4 13.0535 20.8124 3.78459
0 13.0436 20.7992 3.78414
0 13.0206 20.7685 3.7834
1 12.9934 20.7321 3.78275
2 12.9591 20.6863 3.78219
3 12.9209 20.6352 3.78138
4 12.8674 20.5636 3.78062
5 12.8215 20.5022 3.78012
6 12.756 20.4144 3.77956
7 12.699 20.3384 3.77938
8 12.6176 20.2295 3.77911
9 12.5391 20.124 3.77651
10 12.4635 20.0227 3.77564
11 12.3937 19.9285 3.77231
12 12.324 19.8357 3.77535
13 12.2248 19.7012 3.77241
14 12.1235 19.5655 3.77579
15 12.0195 19.4247 3.77223
16 11.9066 19.2721 3.77157
17 11.8085 19.1399 3.7711
18 11.7026 18.9956 3.76782
19 11.6261 18.8914 3.76221
20 11.5359 18.7716 3.78047
21 11.4435 18.6492 3.77994
22 11.3412 18.5114 3.77982
23 11.2436 18.3796 3.7794
24 11.1408 18.2407 3.77891
25 11.0445 18.1103 3.77833
26 10.9276 17.9521 3.77792
27 10.8234 17.8106 3.77736
28 10.7262 17.6786 3.77698
29 10.6307 17.5486 3.776
30 10.5424 17.4282 3.77538
31 10.4438 17.2938 3.77469
32 10.3351 17.145 3.7734
33 10.2253 16.9944 3.77252
34 10.1202 16.85 3.77181
35 10.0149 16.7046 3.76992
36 9.92925 16.5862 3.7692
37 9.84674 16.472 3.76837
38 9.74493 16.3312 3.76775
39 9.66276 16.2169 3.76664
40 9.57471 16.0945 3.76596
41 9.46655 15.944 3.76499
42 9.36051 15.7959 3.76401
43 9.26341 15.6599 3.76286
44 9.18633 15.5516 3.76203
45 9.11188 15.4472 3.76148
46 9.04425 15.3522 3.76108
47 8.96906 15.2466 3.7608
48 8.88813 15.1329 3.76119
49 8.81394 15.019 3.71998
50 8.73869 14.9205 3.76027
51 8.65992 14.8119 3.75987
52 8.59409 14.7146 3.73563
53 8.52586 14.6153 3.71954
54 8.45323 14.5127 3.71875
55 8.38301 14.4137 3.71677
56 8.30497 14.3024 3.71513
57 8.23415 14.2026 3.71258
58 8.16496 14.1049 3.71022
59 8.09053 13.9991 3.7093
60 8.02236 13.9054 3.71738
61 7.95259 13.8049 3.70705
62 7.88045 13.7025 3.70553
63 7.81588 13.6144 3.71474
64 7.74816 13.518 3.70984
65 7.69853 13.451 3.70891
66 7.63879 13.367 3.70772
67 7.58407 13.2914 3.70654
68 7.50785 13.1813 3.70557
69 7.44063 13.087 3.70433
70 7.37343 12.9922 3.70312
71 7.30457 12.895 3.70263
72 7.22668 12.7833 3.70179
73 7.15435 12.6812 3.70015
74 7.0885 12.5893 3.69913
75 7.01796 12.4899 3.69881
76 6.95362 12.4 3.69814
77 6.88627 12.3131 3.75931
78 6.80528 12.2056 3.75955
79 6.7328 12.1045 3.75998
80 6.6435 11.9793 3.76057
81 6.56681 11.8719 3.76117
82 6.49479 11.771 3.76131
83 6.41786 11.6634 3.76176
84 6.3346 11.5469 3.76209
85 6.25948 11.442 3.76239
86 6.1874 11.3413 3.76276
87 6.11455 11.2398 3.76345
88 6.04043 11.1367 3.76412
89 5.96481 11.0314 3.76416
90 5.87904 10.9121 3.76456
91 5.80031 10.8027 3.76498
92 5.72109 10.6926 3.76506
93 5.63577 10.5744 3.76616
94 5.55835 10.4672 3.76637
95 5.48076 10.3598 3.76688
96 5.40672 10.2575 3.76747
97 5.33555 10.1591 3.76766
98 5.25855 10.0527 3.76791
99 5.18229 9.93614 3.72085
100 5.10722 9.83681 3.73673
101 5.03689 9.73729 3.72306
102 4.95748 9.62704 3.72311
103 4.88931 9.53361 3.71955
104 4.81527 9.43106 3.71875
105 4.7361 9.32073 3.71631
106 4.66139 9.21813 3.71491
107 4.5904 9.12121 3.71502
108 4.51928 9.02371 3.71474
109 4.44663 8.92347 3.71245
110 4.37292 8.8222 3.71265
111 4.29979 8.72154 3.71094
112 4.22503 8.61889 3.71123
113 4.14929 8.51423 3.7096
114 4.07551 8.41337 3.71025
115 3.99596 8.30278 3.7089
116 3.90751 8.17897 3.70818
117 3.81906 8.05825 3.71522
118 3.73668 7.94536 3.71463
119 3.66078 7.84019 3.71093
120 3.59165 7.74639 3.70789
121 3.52155 7.65117 3.70796
122 3.43162 7.52488 3.70348
123 3.35558 7.42184 3.70365
124 3.27828 7.31558 3.70207
125 3.20555 7.21677 3.70066
126 3.13089 7.1147 3.69971
127 3.05706 7.01416 3.69902
128 2.98787 6.92121 3.69813
129 2.92065 6.83154 3.70046
130 2.84751 6.73085 3.69638
131 2.76314 6.6132 3.6955
132 2.69349 6.52075 3.69502
133 2.62765 6.43325 3.69436
134 2.55743 6.33819 3.69375
135 2.48509 6.24027 3.69271
136 2.41649 6.14879 3.6917
137 2.34034 6.04465 3.69111
138 2.2619 5.9379 3.69055
139 2.1921 5.84577 3.69043
140 2.12631 5.75932 3.68967
141 2.05479 5.66332 3.68897
142 1.98513 5.57079 3.68838
143 1.91641 5.48011 3.68735
144 1.84886 5.39111 3.68669
145 1.77074 5.28502 3.6862
146 1.69269 5.18051 3.68578
147 1.62443 5.09206 3.68526
148 1.55181 4.99597 3.68501
149 1.47754 4.8976 3.68469
150 1.41098 4.81304 3.6847
151 1.34475 4.72785 3.68435
152 1.2686 4.6279 3.68726
153 1.21451 4.56205 3.68678
154 1.14507 4.47174 3.68484
155 1.07471 4.38185 3.6855
156 1.00092 4.28765 3.68835
157 0.938419 4.20989 3.6895
158 0.857837 4.1048 3.68847
159 0.789016 4.021 3.68882
160 0.706203 3.91529 3.6946
161 0.652151 3.85449 3.69426
162 0.570068 3.75059 3.69593
163 0.498045 3.6661 3.6997
164 0.423244 3.57587 3.70273
165 0.341435 3.47845 3.71317
166 0.290835 3.42716 3.7129
167 0.219469 3.34565 3.71703
168 0.144803 3.2601 3.72075
169 0.0689858 3.17499 3.72739
170 0.00149908 3.10281 3.7315
171 -0.0687004 3.02703 3.73784
172 -0.133721 2.95943 3.74177
173 -0.207433 2.88025 3.74859
174 -0.278521 2.80619 3.7523
175 -0.340502 2.74563 3.75327
176 -0.424318 2.6562 3.76264
177 -0.50876 2.56589 3.76951
178 -0.59223 2.47832 3.77654
179 -0.680481 2.38583 3.78654
180 -0.772716 2.29042 3.79724
181 -0.861324 2.20248 3.80594
182 -0.950783 2.11389 3.81734
183 -1.0377 2.03092 3.82696
184 -1.12204 1.95255 3.84037
185 -1.20473 1.87584 3.85089
186 -1.28665 1.80191 3.86177
187 -1.37257 1.7256 3.87704
188 -1.44886 1.6616 3.88846
189 -1.52617 1.59709 3.90483
190 -1.60601 1.53124 3.91702
191 -1.68246 1.47097 3.92897
192 -1.76943 1.40439 3.97584
193 -1.83563 1.3544 3.95847
194 -1.91296 1.29925 3.99892
195 -1.97752 1.25467 4.0078
196 -2.04291 1.21089 4.02343
197 -2.10372 1.17083 4.01427
198 -2.16143 1.13564 4.04547
199 -2.21515 1.10345 4.05915
200 -2.26821 1.07272 4.0695
201 -2.3102 1.051 4.07946
202 -2.35247 1.02915 4.08943
203 -2.39988 1.00415 4.09949
204 -2.4379 0.986626 4.1095
205 -2.47467 0.97015 4.11927
206 -2.511 0.954359 4.12355
207 -2.54553 0.940207 4.12832
208 -2.57734 0.928784 4.15507
209 -2.60738 0.91807 4.16532
210 -2.64406 0.904154 4.18079
211 -2.66541 0.899402 4.19109
212 -2.69613 0.889063 4.20126
213 -2.72558 0.879211 4.18938
214 -2.75806 0.868671 4.20564
215 -2.78341 0.862773 4.2332
216 -2.81226 0.85399 4.226
217 -2.83099 0.851941 4.25298
218 -2.85376 0.847509 4.26255
219 -2.88114 0.840352 4.25811
220 -2.90055 0.838504 4.28446
221 -2.92344 0.834602 4.29422
222 -2.94756 0.83063 4.30523
223 -2.9674 0.82912 4.32631
224 -2.99367 0.823816 4.32276
225 -3.01324 0.821959 4.33656
226 -3.0304 0.820653 4.35013
227 -3.05863 0.815328 4.36275
228 -3.08428 0.812817 4.38506
229 -3.11982 0.805713 4.39384
230 -3.14785 0.801886 4.40658
231 -3.17124 0.799176 4.41809
232 -3.1896 0.797845 4.43055
233 -3.20601 0.796718 4.44239
234 -3.22458 0.794555 4.45248
235 -3.24283 0.792107 4.46471
236 -3.25333 0.791208 4.47134
237 -3.26648 0.789295 4.4764
238 -3.27686 0.787964 4.4816
239 -3.2877 0.786329 4.48632
240 -3.30081 0.784098 4.49061
241 -3.31625 0.781386 4.49448
242 -3.33077 0.778905 4.49814
243 -3.34657 0.776174 4.50179
244 -3.3448 0.776042 4.49175
245 -3.3718 0.770652 4.50815
246 -3.40034 0.765099 4.51404
247 -3.43187 0.75921 4.52109
248 -3.46871 0.752304 4.52533
249 -3.48088 0.7496 4.49374
250 -3.53292 0.741086 4.54572
251 -3.58044 0.734184 4.55109
252 -3.61552 0.729224 4.55666
253 -3.65611 0.723554 4.56692
254 -3.71109 0.71619 4.57745
255 -3.73261 0.715269 4.56349
256 -3.78197 0.709341 4.59286
257 -3.83417 0.704215 4.60318
258 -3.88775 0.699535 4.61381
259 -3.93833 0.695599 4.62417
260 -3.98072 0.692891 4.63366
261 -4.01758 0.690376 4.6371
262 -4.05585 0.68804 4.64447
263 -4.08678 0.686718 4.65426
264 -4.11624 0.685505 4.66186
265 -4.14348 0.684336 4.66481
266 -4.17157 0.683356 4.67144
267 -4.20463 0.68233 4.67809
268 -4.18109 0.689308 4.68337
269 -4.22775 0.687834 4.69305
270 -4.22128 0.693779 4.69412
271 -4.27517 0.692751 4.70705
272 -4.32639 0.693565 4.71619
273 -4.38022 0.694531 4.72552
274 -4.43673 0.696122 4.73225
275 -4.49757 0.69872 4.74591
276 -4.55431 0.702065 4.7573
277 -4.60858 0.705213 4.76297
278 -4.66445 0.709314 4.7755
279 -4.72844 0.714675 4.78745
280 -4.7844 0.719807 4.79354
281 -4.8455 0.726207 4.80556
282 -4.90943 0.733446 4.81769
283 -4.97425 0.741876 4.82956
284 -5.03987 0.750538 4.8358
285 -5.10295 0.760066 4.84821
286 -5.17768 0.771473 4.86022
287 -5.24231 0.783446 4.87426
288 -5.20575 0.798875 4.9005
289 -5.26167 0.809074 4.89343
290 -5.31711 0.819918 4.90135
291 -5.37975 0.832831 4.91172
292 -5.4553 0.849317 4.9207
293 -5.4275 0.866579 4.95955
294 -5.49688 0.883066 4.93346
295 -5.48688 0.901367 4.97246
296 -5.55617 0.918535 4.95484
297 -5.6195 0.935137 4.96671
298 -5.67606 0.950343 4.96903
299 -5.73324 0.966084 4.97498
300 -5.80051 0.985516 4.98684
301 -5.86878 1.0061 4.99655
302 -5.93715 1.02692 5.00186
303 -6.02508 1.05501 5.0157
304 -6.1084 1.0832 5.02677
305 -6.18046 1.10843 5.03593
306 -6.25162 1.13339 5.04186
307 -6.32564 1.16057 5.05375
308 -6.4067 1.19083 5.06315
309 -6.48465 1.22053 5.06819
310 -6.58637 1.26099 5.0847
311 -6.68254 1.30075 5.09378
312 -6.77745 1.34116 5.10309
313 -6.86621 1.37886 5.10743
314 -6.9497 1.4154 5.11524
315 -7.04451 1.45726 5.12267
316 -7.13759 1.49944 5.12976
317 -7.23869 1.54569 5.13657
318 -7.32317 1.5849 5.13987
319 -7.40704 1.62446 5.14657
320 -7.49741 1.66771 5.1529
321 -7.59904 1.71679 5.15875
322 -7.69514 1.76435 5.16483
323 -7.78239 1.80834 5.17091
324 -7.86781 1.85111 5.17394
325 -7.95673 1.89662 5.17986
326 -8.04323 1.94155 5.18572
327 -8.1396 1.99214 5.19134
328 -8.2317 2.0414 5.19718
329 -8.31917 2.08824 5.20024
330 -8.40826 2.13677 5.20023
331 -8.49695 2.18728 5.21871
332 -8.58318 2.23464 5.2166
333 -8.66697 2.28235 5.22377
334 -8.75766 2.33381 5.22701
335 -8.83765 2.37999 5.23183
336 -8.92852 2.43358 5.23897
337 -9.00189 2.47823 5.2556
338 -9.07247 2.52067 5.26375
339 -9.1406 2.56177 5.26968
340 -9.20424 2.60048 5.27479
341 -9.27002 2.63871 5.26051
342 -9.33242 2.67942 5.28441
343 -9.41082 2.72864 5.28811
344 -9.49129 2.77973 5.2928
345 -9.54935 2.81623 5.2969
346 -9.6082 2.85382 5.30083
347 -9.66419 2.88948 5.30353
348 -9.71696 2.92351 5.30775
349 -9.77592 2.96209 5.31081
350 -9.82477 2.99378 5.31479
351 -9.87016 3.02324 5.31704
352 -9.92093 3.05646 5.31938
353 -9.97243 3.09021 5.32215
354 -10.0276 3.12656 5.32369
355 -10.0822 3.16263 5.32518
356 -10.1393 3.20058 5.32756
357 -10.2026 3.24286 5.32915
358 -10.2548 3.27707 5.33014
359 -10.3089 3.3132 5.33469
360 -10.3671 3.35151 5.33272
361 -10.4213 3.38742 5.33412
362 -10.4772 3.42456 5.33552
363 -10.5314 3.46106 5.34075
364 -10.5938 3.50338 5.34676
365 -10.6605 3.54851 5.34868
366 -10.7196 3.58709 5.34088
367 -10.7783 3.62649 5.34196
368 -10.8418 3.66958 5.34342
369 -10.9035 3.71118 5.34468
370 -10.9584 3.74786 5.34591
371 -11.0132 3.78483 5.34694
372 -11.0725 3.82504 5.34811
373 -11.1256 3.86072 5.34931
374 -11.1842 3.9005 5.35043
375 -11.241 3.93903 5.3515
376 -11.2988 3.97827 5.35241
377 -11.3533 4.01499 5.35136
378 -11.4153 4.05762 5.35419
379 -11.4703 4.09487 5.35425
380 -11.5383 4.14206 5.35619
381 -11.6077 4.19025 5.35627
382 -11.6829 4.24254 5.35882
383 -11.7418 4.28294 5.36066
384 -11.7925 4.31733 5.36128
385 -11.8537 4.3598 5.36244
386 -11.9067 4.39596 5.36362
387 -11.9644 4.43599 5.36449
388 -12.0393 4.48873 5.36497
389 -12.1102 4.53752 5.36112
390 -12.1663 4.5766 5.36615
391 -12.2407 4.62879 5.36353
392 -12.3074 4.67573 5.36741
393 -12.3587 4.71029 5.36672
394 -12.4024 4.73969 5.3658
395 -12.4597 4.77979 5.36781
396 -12.5181 4.82033 5.36876
397 -12.5778 4.86186 5.3697
398 -12.639 4.90446 5.37039
399 -12.7049 4.95077 5.37118
400 -12.7688 4.99549 5.37178
401 -12.8339 5.04105 5.37246
402 -12.8968 5.08505 5.37322
403 -12.9607 5.13012 5.3752
404 -13.0393 5.18635 5.37616
405 -13.1072 5.23393 5.37674
406 -13.185 5.28971 5.3785
407 -13.2632 5.3439 5.36643
408 -13.3316 5.39377 5.37945
409 -13.4204 5.45683 5.37053
410 -13.4951 5.51157 5.3818
411 -13.5832 5.57561 5.38327
412 -13.6618 5.63177 5.38364
413 -13.7406 5.68852 5.3842
414 -13.8294 5.75352 5.38587
415 -13.9177 5.81783 5.38794
416 -13.9951 5.87331 5.38882
417 -14.0826 5.93772 5.39112
418 -14.1658 5.99802 5.39131
419 -14.2557 6.06397 5.39085
420 -14.3354 6.12176 5.39103
421 -14.4284 6.19076 5.39286
422 -14.5084 6.24867 5.39305
423 -14.5886 6.30734 5.39311
424 -14.691 6.38211 5.38336
425 -14.7581 6.43183 5.39484
426 -14.8336 6.48688 5.39501
427 -14.906 6.53974 5.39527
428 -14.9907 6.60283 5.39748
429 -15.0863 6.67274 5.38858
430 -15.1598 6.7276 5.39848
431 -15.2388 6.78557 5.39793
432 -15.3219 6.84616 5.39061
433 -15.4096 6.91016 5.38323
434 -15.4779 6.95993 5.38149
435 -15.556 7.01813 5.38581
436 -15.6201 7.06476 5.38631
437 -15.6902 7.11695 5.39017
438 -15.7669 7.17431 5.39523
439 -15.8487 7.23491 5.39158
440 -15.9183 7.28667 5.39678
441 -15.9933 7.34239 5.39764
442 -16.0734 7.40256 5.39954
443 -16.1483 7.45835 5.40276
444 -16.2368 7.52456 5.39909
445 -16.3252 7.5876 5.37425
446 -16.4006 7.64171 5.35732
447 -16.4789 7.70214 5.37311
448 -16.5671 7.768 5.37129
449 -16.6441 7.82806 5.38853
450 -16.7169 7.88291 5.39182
451 -16.792 7.93938 5.39223
452 -16.8725 7.99791 5.37897
453 -16.9571 8.06142 5.37959
454 -17.0445 8.12721 5.38037
455 -17.1228 8.18583 5.38179
456 -17.2017 8.24504 5.38225
457 -17.2758 8.30049 5.38254
458 -17.3602 8.36441 5.38398
459 -17.4422 8.42611 5.38448
460 -17.5182 8.48299 5.38473
461 -17.5972 8.54241 5.38509
462 -17.6931 8.61305 5.35773
463 -17.7744 8.67257 5.35799
464 -17.8598 8.73683 5.35851
465 -17.9431 8.79969 5.35873
466 -18.0279 8.86374 5.3589
467 -18.0935 8.91332 5.35933
468 -18.1571 8.96141 5.35946
469 -18.2272 9.01439 5.35948
470 -18.3215 9.08575 5.36004
471 -18.4021 9.14684 5.36025
472 -18.4863 9.21051 5.36023
473 -18.563 9.26859 5.36018
474 -18.643 9.3291 5.36013
475 -18.7261 9.39213 5.36087
476 -18.8107 9.45623 5.36079
477 -18.9038 9.52681 5.36098
478 -18.982 9.58626 5.36155
479 -19.0677 9.65123 5.3613
480 -19.1521 9.71533 5.3614
481 -19.2378 9.78045 5.36207
482 -19.3215 9.84394 5.36161
483 -19.4188 9.91796 5.36216
484 -19.5004 9.98012 5.36258
485 -19.5812 10.0415 5.36222
486 -19.6598 10.1012 5.36244
487 -19.7136 10.1457 5.39179
488 -19.8039 10.2124 5.36221
489 -19.898 10.2823 5.36223
490 -19.978 10.3429 5.36212
491 -20.06 10.4051 5.36159
492 -20.1451 10.4696 5.36148
493 -20.247 10.547 5.36163
494 -20.3296 10.6097 5.36148
495 -20.4145 10.674 5.36115
496 -20.5044 10.7421 5.3609
497 -20.5939 10.81 5.36116
498 -20.684 10.8782 5.36072
499 -20.7528 10.9352 5.39303
500 -20.8278 10.9918 5.39424
501 -20.9191 11.0617 5.39485
502 -21.0011 11.1236 5.3947
503 -21.0941 11.1946 5.39549
504 -21.1789 11.2584 5.39528
505 -21.2639 11.3229 5.39615
506 -21.3573 11.3937 5.39506
507 -21.4419 11.4576 5.39721
508 -21.5307 11.5245 5.39466
509 -21.6293 11.6 5.39744
510 -21.7254 11.6726 5.39621
511 -21.8106 11.7363 5.39583
512 -21.9028 11.8063 5.39712
513 -21.9935 11.8746 5.39612
514 -22.0863 11.9448 5.39721
515 -22.177 12.0131 5.39644
516 -22.2854 12.0959 5.39669
517 -22.3777 12.1648 5.39531
518 -22.4784 12.2412 5.39603
519 -22.5735 12.3125 5.39449
520 -22.6726 12.3874 5.39528
521 -22.7653 12.4566 5.39356
522 -22.8754 12.537 5.35589
523 -22.9775 12.6111 5.3555
524 -23.0741 12.6831 5.35577
525 -23.1746 12.7582 5.35463
526 -23.2666 12.8269 5.35418
527 -23.3535 12.8939 5.36926
528 -23.4485 12.9644 5.3659
529 -23.5368 13.0307 5.36947
530 -23.6305 13.1006 5.36914
531 -23.7208 13.168 5.36999
532 -23.8163 13.2392 5.3699
533 -23.9073 13.307 5.37012
534 -23.9965 13.3733 5.3702
535 -24.0848 13.4388 5.37037
536 -24.1708 13.5027 5.37085
537 -24.2584 13.5678 5.3702
538 -24.3539 13.639 5.3708
539 -24.4525 13.7122 5.37033
540 -24.5516 13.7858 5.37058
541 -24.6399 13.851 5.37052
542 -24.7254 13.9143 5.37038
543 -24.8129 13.9793 5.37081
544 -24.9131 14.0539 5.37128
545 -24.9985 14.1167 5.37103
546 -25.0774 14.1749 5.37094
547 -25.1647 14.2396 5.37116
548 -25.2508 14.3032 5.37104
549 -25.3321 14.3629 5.37039
550 -25.4165 14.4253 5.37087
551 -25.4836 14.4741 5.37024
552 -25.5525 14.5248 5.37085
553 -25.6216 14.5756 5.37187
554 -25.7081 14.6396 5.37114
555 -25.7949 14.7039 5.37261
556 -25.8783 14.7655 5.37336
557 -25.96 14.8257 5.37339
558 -26.0465 14.8897 5.37393
559 -26.1327 14.9535 5.3743
560 -26.2128 15.0125 5.37454
561 -26.3044 15.0806 5.37504
562 -26.4096 15.1586 5.37294
563 -26.4948 15.2214 5.37458
564 -26.5833 15.2866 5.37272
565 -26.6723 15.3526 5.37465
566 -26.758 15.416 5.37562
567 -26.8421 15.4782 5.37614
568 -26.9353 15.5474 5.37643
569 -27.0201 15.6099 5.37681
570 -27.1271 15.6899 5.37725
571 -27.2179 15.757 5.37735
572 -27.3018 15.8187 5.37764
573 -27.3856 15.8804 5.37788
574 -27.4862 15.9553 5.37754
575 -27.5785 16.0235 5.37777
576 -27.6796 16.0987 5.37806
577 -27.7656 16.1619 5.37824
578 -27.8496 16.2236 5.37683
579 -27.9429 16.293 5.37809
580 -28.0271 16.355 5.37833
581 -28.1246 16.4275 5.37921
582 -28.2012 16.4835 5.37954
583 -28.2738 16.5365 5.3796
584 -28.352 16.5941 5.3808
585 -28.4476 16.6654 5.38134
586 -28.5344 16.7292 5.37995
587 -28.6195 16.7921 5.38052
588 -28.7124 16.861 5.38072
589 -28.8055 16.9297 5.37867
590 -28.9079 17.0059 5.37902
591 -28.9954 17.0703 5.37908
592 -29.083 17.135 5.37884
593 -29.1791 17.2063 5.37906
594 -29.2834 17.2841 5.37939
595 -29.3795 17.3553 5.37984
596 -29.4737 17.4249 5.37838
597 -29.5643 17.4918 5.37821
598 -29.6731 17.5732 5.37865
599 -29.7722 17.6468 5.3795
600 -29.8634 17.7142 5.37956
601 -29.957 17.7835 5.37923
602 -30.0502 17.8527 5.38011
603 -30.1417 17.9203 5.37993
604 -30.2447 17.997 5.3793
605 -30.3406 18.0677 5.37778
606 -30.4275 18.1318 5.3778
607 -30.5146 18.1962 5.37814
608 -30.6065 18.2644 5.37872
609 -30.6981 18.3324 5.37923
610 -30.797 18.4062 5.37983
611 -30.8857 18.4718 5.38033
612 -30.9881 18.5483 5.38062
613 -31.0782 18.6149 5.38097
614 -31.1785 18.6898 5.38133
615 -31.2756 18.762 5.38137
616 -31.356 18.821 5.38161
617 -31.4396 18.8828 5.38192
618 -31.5339 18.953 5.38215
619 -31.6186 19.0155 5.3825
620 -31.7088 19.0826 5.38289
621 -31.8014 19.1515 5.38309
622 -31.8885 19.2159 5.38348
623 -31.9759 19.2807 5.38391
624 -32.0667 19.348 5.38391
625 -32.1478 19.4077 5.38409
626 -32.2377 19.4745 5.38413
627 -32.3241 19.5383 5.38415
628 -32.4172 19.6075 5.38405
629 -32.5013 19.6693 5.38417
630 -32.596 19.7397 5.38414
631 -32.6862 19.8062 5.38407
632 -32.7779 19.8738 5.38364
633 -32.8765 19.9468 5.38325
634 -32.9694 20.0152 5.38323
635 -33.058 20.0799 5.38243
636 -33.1463 20.1445 5.38183
637 -33.2247 20.201 5.38125
638 -33.3115 20.2641 5.3801
639 -33.3899 20.3203 5.37954
640 -33.4705 20.378 5.37813
641 -33.5637 20.4454 5.37704
642 -33.6516 20.5078 5.37473
643 -33.7385 20.5695 5.37311
644 -33.8117 20.6205 5.37484
645 -33.8971 20.6803 5.37217
646 -34.001 20.7535 5.3674
647 -34.0986 20.8205 5.36267
648 -34.19 20.8822 5.35752
649 -34.2843 20.9456 5.35143
650 -34.3893 21.0159 5.34397
651 -34.4967 21.0861 5.33563
652 -34.5924 21.1472 5.32789
653 -34.6861 21.2064 5.32052
654 -34.7854 21.2683 5.31142
655 -34.8725 21.3208 5.30202
656 -34.9632 21.3751 5.29294
657 -35.051 21.426 5.28122
658 -35.1515 21.4831 5.2671
659 -35.2493 21.5368 5.25493
660 -35.3408 21.5852 5.2397
661 -35.4286 21.6305 5.22745
662 -35.5169 21.675 5.21832
663 -35.6103 21.7198 5.19465
664 -35.6965 21.7597 5.18112
665 -35.7793 21.7966 5.16792
666 -35.8621 21.8316 5.14604
667 -35.947 21.8658 5.12715
668 -36.0341 21.899 5.10831
669 -36.1098 21.9261 5.094
670 -36.1929 21.9543 5.07406
671 -36.2772 21.9809 5.05338
672 -36.3463 22.0004 5.03084
673 -36.4072 22.016 5.01733
674 -36.4598 22.0277 4.99823
675 -36.5229 22.0411 4.97887
676 -36.5737 22.0498 4.96062
677 -36.6147 22.0552 4.9482
678 -36.6533 22.0593 4.93087
679 -36.6931 22.0627 4.91365
680 -36.724 22.0638 4.90199
681 -36.758 22.0649 4.88475
682 -36.8012 22.0668 4.86701
683 -36.8383 22.0671 4.85522
684 -36.888 22.0683 4.8376
685 -36.9293 22.0677 4.82532
686 -36.9766 22.0666 4.80123
687 -37.0159 22.0641 4.78832
688 -37.0539 22.0609 4.77003
689 -37.098 22.0571 4.75143
690 -37.1455 22.0525 4.73871
691 -37.1903 22.0473 4.71957
692 -37.2339 22.0413 4.7063
693 -37.2872 22.0344 4.6868
694 -37.3496 22.0263 4.674
695 -37.4088 22.0177 4.6535
696 -37.4758 22.0073 4.63375
697 -37.532 21.9969 4.62073
698 -37.6017 21.9843 4.6004
699 -37.6663 21.9714 4.58681
700 -37.7299 21.9578 4.56603
701 -37.7999 21.9424 4.55275
702 -37.8488 21.9323 4.56362
703 -37.9178 21.9162 4.51871
704 -37.9716 21.9039 4.52933
705 -38.0102 21.8935 4.51808
706 -38.0564 21.8803 4.49748
707 -38.0985 21.8673 4.48324
708 -38.1362 21.8544 4.46884
709 -38.1808 21.8383 4.44766
710 -38.2173 21.8238 4.43253
711 -38.26 21.8065 4.41783
712 -38.3032 21.7885 4.40273
713 -38.3469 21.7687 4.37986
714 -38.3957 21.7464 4.36483
715 -38.4432 21.7239 4.34963
716 -38.4906 21.7005 4.33462
717 -38.54 21.675 4.31097
718 -38.6006 21.6541 4.42264
719 -38.6757 21.6334 4.4073
720 -38.762 21.6042 4.39204
721 -38.8309 21.5786 4.37697
722 -38.9025 21.552 4.36942
723 -38.9735 21.5246 4.35489
724 -39.0468 21.4948 4.34045
725 -39.126 21.4618 4.32642
726 -39.1954 21.4307 4.31262
727 -39.2601 21.401 4.29899
728 -39.3289 21.3689 4.28568
729 -39.4126 21.3289 4.2726
730 -39.4904 21.2896 4.25956
731 -39.557 21.2543 4.24669
732 -39.6259 21.2188 4.24047
733 -39.6957 21.1809 4.2277
734 -39.7642 21.1424 4.21467
735 -39.8364 21.1009 4.20186
736 -39.903 21.0613 4.18952
737 -39.9693 21.0219 4.18315
738 -40.0283 20.9851 4.17034
739 -40.0906 20.9454 4.15821
740 -40.161 20.8999 4.14615
741 -40.225 20.8571 4.13437
742 -40.2906 20.8128 4.12854
743 -40.3612 20.7645 4.11736
744 -40.4189 20.7228 4.10607
745 -40.4742 20.6825 4.09541
746 -40.5385 20.6353 4.08528
747 -40.5998 20.5888 4.07562
748 -40.6537 20.5472 4.06669
749 -40.7049 20.5077 4.06236
750 -40.7678 20.4587 4.054
751 -40.8217 20.4153 4.04614
752 -40.8774 20.3702 4.03889
753 -40.9303 20.3266 4.03201
754 -40.9803 20.285 4.02538
755 -41.0335 20.2408 4.02226
756 -41.1101 20.1762 4.01353
757 -41.1533 20.1386 4.01522
758 -41.2122 20.0858 3.98995
759 -41.2604 20.0445 3.99355
760 -41.3037 20.0061 3.98455
761 -41.3539 19.9613 3.98
762 -41.3989 19.9207 3.97332
763 -41.4482 19.8757 3.96868
764 -41.4939 19.8337 3.96355
765 -41.5293 19.8012 3.95931
766 -41.5612 19.7717 3.95521
767 -41.5937 19.7412 3.9507
768 -41.6398 19.6971 3.94547
769 -41.6826 19.6561 3.9403
770 -41.7232 19.6167 3.93494
771 -41.7634 19.5769 3.92797
772 -41.8048 19.5354 3.92212
773 -41.8455 19.494 3.91623
774 -41.8841 19.4546 3.91052
775 -41.923 19.4142 3.90457
776 -41.9625 19.3724 3.89641
777 -41.999 19.3334 3.89022
778 -42.0339 19.2957 3.88432
779 -42.068 19.2582 3.87789
780 -42.1011 19.2212 3.87147
781 -42.1356 19.1822 3.86484
782 -42.168 19.1451 3.85658
783 -42.2011 19.1065 3.85012
784 -42.2358 19.0655 3.84295
785 -42.2695 19.0251 3.83636
786 -42.3062 18.9812 3.8293
787 -42.3395 18.9405 3.82283
788 -42.3783 18.8921 3.81551
789 -42.4109 18.8509 3.80815
790 -42.4464 18.8054 3.80086
791 -42.4769 18.7661 3.79504
792 -42.5108 18.7216 3.78729
793 -42.5389 18.6843 3.78167
794 -42.5721 18.6397 3.77513
795 -42.6104 18.5911 3.79909
796 -42.6415 18.5467 3.76434
797 -42.6674 18.5107 3.7588
798 -42.6964 18.4698 3.75201
799 -42.7228 18.4324 3.74805
800 -42.7478 18.3967 3.74457
801 -42.7792 18.3514 3.74031
802 -42.8063 18.3128 3.73667
803 -42.8353 18.2707 3.73332
804 -42.8662 18.2258 3.72999
805 -42.9051 18.1688 3.72686
806 -42.939 18.1195 3.72413
807 -42.9787 18.0606 3.72108
808 -43.0143 18.0081 3.71796
809 -43.0483 17.9577 3.7149
810 -43.0872 17.8991 3.71186
811 -43.1236 17.8448 3.70897
812 -43.1615 17.7874 3.70608
813 -43.2013 17.7268 3.7031
814 -43.2409 17.6662 3.7001
815 -43.2791 17.6076 3.69673
816 -43.3194 17.5448 3.69351
817 -43.3614 17.4792 3.69043
818 -43.4022 17.4157 3.68696
819 -43.4365 17.3622 3.68425
820 -43.4741 17.306 3.72248
821 -43.5165 17.2368 3.6795
822 -43.5594 17.1673 3.67379
823 -43.5949 17.1105 3.67103
824 -43.6298 17.0538 3.66828
825 -43.6665 16.9934 3.66474
826 -43.7024 16.9341 3.66146
827 -43.7447 16.8634 3.65745
828 -43.7852 16.7953 3.65334
829 -43.8219 16.7333 3.64845
830 -43.8574 16.6724 3.64386
831 -43.8941 16.6087 3.63913
832 -43.93 16.5495 3.67588
833 -43.9706 16.4747 3.62925
834 -44.0084 16.4059 3.61991
835 -44.0457 16.3372 3.61331
836 -44.0834 16.266 3.60628
837 -44.1188 16.1981 3.59882
838 -44.152 16.1376 3.63305
839 -44.1898 16.0586 3.58092
840 -44.2289 15.9765 3.56961
841 -44.268 15.8918 3.55493
842 -44.2994 15.8277 3.58734
843 -44.3311 15.7515 3.53244
844 -44.3594 15.6826 3.51446
845 -44.384 15.6211 3.50203
846 -44.4078 15.5589 3.4886
847 -44.4345 15.4837 3.46962
848 -44.4544 15.4318 3.51133
849 -44.4796 15.3527 3.44198
850 -44.5007 15.2819 3.41942
851 -44.5184 15.2189 3.40344
852 -44.5368 15.1458 3.38163
853 -44.5513 15.0836 3.36625
854 -44.5631 15.0265 3.3511
855 -44.5733 14.9704 3.32934
856 -44.5815 14.9273 3.39911
857 -44.5979 14.8375 3.30236
858 -44.6062 14.7737 3.27828
859 -44.612 14.7163 3.26433
860 -44.618 14.6663 3.34473
861 -44.6281 14.5817 3.23325
862 -44.6312 14.5395 3.31741
863 -44.6392 14.4578 3.20575
864 -44.6424 14.4015 3.29675
865 -44.6468 14.3214 3.17076
866 -44.644 14.2646 3.14543
867 -44.6413 14.222 3.25335
868 -44.651 14.1475 3.23838
869 -44.6465 14.0636 3.09748
870 -44.6415 14.0175 3.21597
871 -44.6493 13.936 3.2009
872 -44.6513 13.8545 3.17866
873 -44.6406 13.7723 3.02697
874 -44.6266 13.712 3.00663
875 -44.6148 13.6547 3.14181
876 -44.6171 13.5807 3.12719
877 -44.6143 13.5085 3.11286
878 -44.6102 13.4294 3.09879
879 -44.605 13.3615 3.08499
880 -44.6 13.2921 3.07815
881 -44.5939 13.2238 3.0647
882 -44.587 13.1568 3.05123
883 -44.5791 13.0901 3.03825
884 -44.5701 13.0212 3.02517
885 -44.5591 12.9406 3.01192
886 -44.5477 12.8718 2.99907
887 -44.5351 12.7957 2.98587
888 -44.5204 12.7138 2.9726
889 -44.5062 12.6449 2.95965
890 -44.4907 12.57 2.94633
891 -44.4724 12.4879 2.933
892 -44.4559 12.4221 2.91958
893 -44.4394 12.3529 2.91282
894 -44.4214 12.2843 2.89928
895 -44.4016 12.2118 2.88599
896 -44.381 12.1408 2.87213
897 -44.3575 12.0631 2.85813
898 -44.335 11.9945 2.84405
899 -44.3068 11.9086 2.82981
900 -44.278 11.8277 2.81559
901 -44.2501 11.7529 2.80145
902 -44.2219 11.6805 2.78717
903 -44.1899 11.5996 2.77268
904 -44.1537 11.5136 2.75826
905 -44.1228 11.4443 2.74336
906 -44.0974 11.3878 2.73567
907 -44.0702 11.3291 2.72052
908 -44.0347 11.2543 2.70507
909 -43.9954 11.1754 2.68829
910 -43.956 11.102 2.67103
911 -43.9095 11.0161 2.65378
912 -43.8671 10.9441 2.63649
913 -43.8277 10.8788 2.61993
914 -43.7836 10.8072 2.60379
915 -43.7401 10.7394 2.58728
916 -43.693 10.666 2.57924
917 -43.6446 10.5963 2.55597
918 -43.5942 10.5255 2.5412
919 -43.5476 10.4601 2.53406
920 -43.502 10.3981 2.53479
921 -43.4505 10.3318 2.50717
922 -43.3965 10.2603 2.50533
923 -43.339 10.189 2.48944
924 -43.2835 10.1216 2.47607
925 -43.2262 10.053 2.46536
926 -43.1746 9.99239 2.45245
927 -43.1238 9.93339 2.44294
928 -43.0667 9.86864 2.42983
929 -43.006 9.80045 2.42051
930 -42.9537 9.74282 2.41149
931 -42.8993 9.68398 2.40055
932 -42.8433 9.62397 2.39251
933 -42.785 9.56236 2.38471
934 -42.7287 9.50369 2.37514
935 -42.6709 9.4439 2.36794
936 -42.6131 9.38491 2.36106
937 -42.5546 9.32578 2.3545
938 -42.4941 9.26538 2.34693
939 -42.4302 9.20213 2.34089
940 -42.3677 9.14079 2.33455
941 -42.2992 9.07431 2.3294
942 -42.2379 9.01494 2.3247
943 -42.1743 8.95373 2.31975
944 -42.113 8.89494 2.31581
945 -42.0432 8.82881 2.31184
946 -41.9806 8.76943 2.3078
947 -41.911 8.70438 2.30392
948 -41.8567 8.6529 2.30084
949 -41.8017 8.60136 2.29811
950 -41.7557 8.5579 2.29601
951 -41.6916 8.49904 2.29282
952 -41.6221 8.43539 2.28965
953 -41.5452 8.36528 2.2868
954 -41.4778 8.30367 2.2841
955 -41.4013 8.23444 2.28198
956 -41.331 8.17074 2.27873
957 -41.2577 8.10497 2.27542
958 -41.1888 8.04283 2.2732
959 -41.1054 7.96871 2.27138
960 -41.0289 7.89996 2.26963
961 -40.9509 7.83046 2.26768
962 -40.8659 7.75505 2.26667
963 -40.7848 7.68304 2.26453
964 -40.6934 7.60266 2.26326
965 -40.6162 7.53407 2.26102
966 -40.5464 7.47218 2.25933
967 -40.4609 7.3975 2.25801
968 -40.3918 7.33603 2.25632
969 -40.3234 7.27537 2.25661
970 -40.2421 7.20485 2.25458
971 -40.1668 7.13895 2.25274
972 -40.0776 7.06195 2.25175
973 -40.0136 7.00506 2.25066
974 -39.9369 6.93886 2.24905
975 -39.8624 6.87437 2.24719
976 -39.7929 6.81367 2.24784
977 -39.7187 6.74981 2.24574
978 -39.6451 6.68666 2.24373
979 -39.5776 6.62831 2.24264
980 -39.5039 6.5651 2.24306
981 -39.4291 6.50141 2.24076
982 -39.3461 6.43152 2.23842
983 -39.2643 6.36202 2.23896
984 -39.1921 6.3006 2.23729
985 -39.1211 6.23765 2.27626
986 -39.0184 6.1479 2.27471
987 -38.9135 6.05919 2.27305
988 -38.8191 5.97974 2.27161
989 -38.7322 5.90702 2.27
990 -38.645 5.83417 2.26862
991 -38.5459 5.7512 2.26773
992 -38.4485 5.67032 2.26602
993 -38.3416 5.58161 2.26442
994 -38.2362 5.49448 2.2632
995 -38.1454 5.41963 2.2619
996 -38.0375 5.33055 2.26122
997 -37.9337 5.24535 2.25992
998 -37.8367 5.1659 2.25862
999 -37.7333 5.08114 2.25804
1000 -37.6366 5.00215 2.25822
1001 -37.5397 4.9258 2.24053
1002 -37.4513 4.85274 2.24594
1003 -37.3567 4.77642 2.2409
1004 -37.2649 4.7018 2.23999
1005 -37.1689 4.62408 2.23793
1006 -37.0763 4.54904 2.23704
1007 -36.9672 4.46123 2.23558
1008 -36.8655 4.37936 2.23364
1009 -36.7695 4.30208 2.23174
1010 -36.6809 4.23059 2.23014
1011 -36.5823 4.15125 2.23027
1012 -36.4888 4.07604 2.22938
1013 -36.3919 3.99824 2.22832
1014 -36.3003 3.92457 2.22728
1015 -36.2074 3.84989 2.22648
1016 -36.103 3.76627 2.22635
1017 -36.0135 3.6941 2.22564
1018 -35.9233 3.62174 2.22459
1019 -35.8323 3.54857 2.22417
1020 -35.7355 3.4712 2.2227
1021 -35.6433 3.39712 2.22202
1022 -35.5743 3.34068 2.22221
1023 -35.5042 3.28414 2.22074
1024 -35.4107 3.20949 2.22096
1025 -35.3224 3.13869 2.21987
1026 -35.2146 3.05384 2.21438
1027 -35.1182 2.97576 2.21882
1028 -35.0291 2.90399 2.21979
1029 -34.9351 2.8299 2.2119
1030 -34.8346 2.75011 2.20924
1031 -34.747 2.6785 2.2166
1032 -34.6528 2.60439 2.20894
1033 -34.5525 2.52352 2.21582
1034 -34.4578 2.44813 2.21513
1035 -34.3603 2.37066 2.21438
1036 -34.2619 2.29277 2.21254
1037 -34.1693 2.2192 2.21123
1038 -34.0846 2.15188 2.20991
1039 -33.9921 2.07917 2.20811
1040 -33.8929 2.00127 2.20687
1041 -33.8047 1.93148 2.20551
1042 -33.7175 1.86281 2.2041
1043 -33.6149 1.78293 2.20375
1044 -33.523 1.71078 2.20149
1045 -33.4335 1.64092 2.19972
1046 -33.3395 1.56777 2.19868
1047 -33.2492 1.49732 2.19712
1048 -33.1574 1.4259 2.19623
1049 -33.0555 1.34756 2.1943
1050 -32.9657 1.27766 2.19273
1051 -32.8804 1.2113 2.19145
1052 -32.7892 1.14105 2.18984
1053 -32.6913 1.0657 2.1896
1054 -32.5794 0.980795 2.18724
1055 -32.4791 0.903523 2.18658
1056 -32.3865 0.832044 2.18542
1057 -32.2969 0.75986 2.22706
1058 -32.1814 0.675094 2.18476
1059 -32.094 0.607713 2.18181
1060 -32.0053 0.539668 2.18076
1061 -31.9259 0.47508 2.22581
1062 -31.8252 0.4011 2.18116
1063 -31.7428 0.334468 2.22555
1064 -31.6409 0.259875 2.17914
1065 -31.5659 0.198561 2.22534
1066 -31.4515 0.115031 2.18027
1067 -31.3584 0.0439816 2.17765
1068 -31.2707 -0.0268317 2.22484
1069 -31.164 -0.112349 2.22498
1070 -31.0584 -0.186578 2.17902
1071 -30.9724 -0.252119 2.1764
1072 -30.8822 -0.320847 2.17599
1073 -30.7976 -0.386459 2.17882
1074 -30.71 -0.4536 2.17881
1075 -30.6143 -0.526258 2.17822
1076 -30.5255 -0.594372 2.17766
1077 -30.4338 -0.664891 2.18083
1078 -30.355 -0.728862 2.22341
1079 -30.2491 -0.812854 2.22324
1080 -30.1447 -0.892884 2.22308
1081 -30.0333 -0.977755 2.2224
1082 -29.927 -1.05875 2.22218
1083 -29.8028 -1.15339 2.22199
1084 -29.6977 -1.23332 2.22162
1085 -29.5947 -1.31153 2.22081
1086 -29.4958 -1.38667 2.22059
1087 -29.3642 -1.48651 2.22004
1088 -29.2491 -1.57351 2.21928
1089 -29.1689 -1.63418 2.21919
1090 -29.0848 -1.69794 2.21907
1091 -28.9888 -1.77056 2.21863
1092 -28.8725 -1.85847 2.21834
1093 -28.7254 -1.96977 2.21834
1094 -28.6171 -2.05158 2.21817
1095 -28.5061 -2.1354 2.21791
1096 -28.387 -2.22516 2.21714
1097 -28.2801 -2.30552 2.21643
1098 -28.179 -2.38145 2.21575
1099 -28.0712 -2.46237 2.21512
1100 -27.9535 -2.55073 2.21492
1101 -27.8415 -2.6347 2.21447
1102 -27.7336 -2.71527 2.21345
1103 -27.6053 -2.8112 2.21279
1104 -27.5009 -2.88911 2.21255
1105 -27.391 -2.97086 2.2114
1106 -27.2614 -3.06719 2.21037
1107 -27.1481 -3.15105 2.20941
1108 -27.0332 -3.23581 2.20787
1109 -26.9287 -3.31285 2.20721
1110 -26.8245 -3.38953 2.20637
1111 -26.7255 -3.46243 2.20592
1112 -26.6437 -3.52252 2.20544
1113 -26.5449 -3.59511 2.20469
1114 -26.4337 -3.67675 2.20413
1115 -26.3329 -3.75053 2.20351
1116 -26.2259 -3.82863 2.20225
1117 -26.1017 -3.9193 2.20188
1118 -25.9905 -4.0004 2.20143
1119 -25.8836 -4.07812 2.20051
1120 -25.7758 -4.15648 2.19978
1121 -25.6673 -4.23511 2.19901
1122 -25.5647 -4.30945 2.19832
1123 -25.4652 -4.38143 2.1978
1124 -25.3522 -4.46305 2.19684
1125 -25.2536 -4.53411 2.19649
1126 -25.1491 -4.60937 2.19533
1127 -25.0366 -4.69034 2.19503
1128 -24.9084 -4.78252 2.19437
1129 -24.7986 -4.86103 2.19336
1130 -24.6748 -4.94977 2.19296
1131 -24.5788 -5.01837 2.19253
1132 -24.4753 -5.0924 2.19224
1133 -24.3951 -5.1499 2.19246
1134 -24.3169 -5.20601 2.19286
1135 -24.2334 -5.26585 2.19275
1136 -24.1314 -5.33895 2.19278
1137 -24.0296 -5.41199 2.19283
1138 -23.9291 -5.48392 2.19249
1139 -23.8311 -5.55425 2.19281
1140 -23.733 -5.6248 2.19356
1141 -23.6264 -5.70122 2.19323
1142 -23.5258 -5.77345 2.19329
1143 -23.4298 -5.83882 2.16756
1144 -23.3357 -5.90753 2.17405
1145 -23.262 -5.9625 2.19401
1146 -23.1689 -6.0273 2.17163
1147 -23.0719 -6.09654 2.16836
1148 -22.9664 -6.17186 2.16731
1149 -22.8503 -6.25472 2.16741
1150 -22.7573 -6.32423 2.1945
1151 -22.6485 -6.39992 2.16663
1152 -22.5459 -6.47356 2.16577
1153 -22.4392 -6.55 2.16456
1154 -22.319 -6.63582 2.1645
1155 -22.2185 -6.70856 2.16392
1156 -22.1145 -6.78368 2.165
1157 -22.0127 -6.857 2.16391
1158 -21.9052 -6.93413 2.16291
1159 -21.7918 -7.01579 2.16393
1160 -21.6901 -7.08932 2.16307
1161 -21.5872 -7.16369 2.16422
1162 -21.4864 -7.239 2.19583
1163 -21.383 -7.31596 2.19591
1164 -21.2791 -7.39117 2.19601
1165 -21.166 -7.47285 2.19611
1166 -21.061 -7.54878 2.19651
1167 -20.947 -7.62652 2.16958
1168 -20.8148 -7.72257 2.17741
1169 -20.6961 -7.80743 2.17226
1170 -20.5837 -7.8887 2.1721
1171 -20.4761 -7.96639 2.1709
1172 -20.3676 -8.04467 2.17
1173 -20.2566 -8.12452 2.16896
1174 -20.129 -8.21565 2.16792
1175 -19.9995 -8.30833 2.16672
1176 -19.9031 -8.37858 2.16617
1177 -19.8096 -8.44639 2.16556
1178 -19.6819 -8.53708 2.16441
1179 -19.5474 -8.63281 2.16356
1180 -19.4369 -8.71237 2.16238
1181 -19.3233 -8.79379 2.16152
1182 -19.1882 -8.88927 2.16027
1183 -19.0708 -8.9735 2.16003
1184 -18.9452 -9.06284 2.15924
1185 -18.8286 -9.14617 2.15815
1186 -18.7065 -9.23286 2.15739
1187 -18.5892 -9.31645 2.15652
1188 -18.4793 -9.39488 2.15527
1189 -18.368 -9.47423 2.15442
1190 -18.259 -9.55193 2.15378
1191 -18.1469 -9.63157 2.15315
1192 -18.0272 -9.71587 2.15154
1193 -17.9265 -9.78782 2.15024
1194 -17.7949 -9.87998 2.14973
1195 -17.693 -9.95276 2.14823
1196 -17.5955 -10.0224 2.14759
1197 -17.4831 -10.1015 2.14667
1198 -17.3823 -10.1733 2.14621
1199 -17.2799 -10.2458 2.14491
1200 -17.1798 -10.3168 2.14358
1201 -17.0783 -10.3885 2.14287
1202 -16.9849 -10.4551 2.14213
1203 -16.8924 -10.5209 2.14111
1204 -16.7991 -10.5873 2.14058
1205 -16.6979 -10.6586 2.13949
1206 -16.6121 -10.7202 2.13946
1207 -16.5291 -10.7796 2.13836
1208 -16.4469 -10.8384 2.13686
1209 -16.3603 -10.8998 2.13589
1210 -16.2681 -10.9649 2.135
1211 -16.1953 -11.0177 2.13383
1212 -16.1143 -11.0753 2.133
1213 -16.0435 -11.1264 2.13197
1214 -15.9794 -11.1726 2.12916
1215 -15.9113 -11.2215 2.12844
1216 -15.8557 -11.2621 2.12686
1217 -15.781 -11.314 2.12566
1218 -15.7012 -11.3692 2.12255
1219 -15.6329 -11.4172 2.12034
1220 -15.5634 -11.4652 2.11645
1221 -15.4853 -11.5182 2.1141
1222 -15.4086 -11.5698 2.1087
1223 -15.3354 -11.6188 2.10292
1224 -15.2578 -11.6694 2.09609
1225 -15.1833 -11.7182 2.09202
1226 -15.104 -11.7722 2.13681
1227 -15.0599 -11.7979 2.08051
1228 -15.0196 -11.8269 2.12696
1229 -14.9886 -11.8472 2.1259
1230 -14.9567 -11.8646 2.06153
1231 -14.9115 -11.8951 2.05728
1232 -14.8571 -11.9305 2.056
1233 -14.7938 -11.9701 2.0547
1234 -14.7227 -12.0167 2.10898
1235 -14.6914 -12.0342 2.05018
1236 -14.6379 -12.0666 2.04547
1237 -14.5672 -12.1105 2.09025
1238 -14.5015 -12.1445 2.03164
1239 -14.4541 -12.1676 2.00719
1240 -14.438 -12.1748 2.00492
1241 -14.3629 -12.2146 1.99356
1242 -14.3189 -12.2367 1.98658
1243 -14.277 -12.2572 1.97793
1244 -14.2369 -12.2765 1.97109
1245 -14.1985 -12.2947 1.96249
1246 -14.1592 -12.3128 1.95513
1247 -14.1071 -12.3356 1.9437
1248 -14.0354 -12.365 1.93091
1249 -13.9743 -12.3901 1.91994
1250 -13.9252 -12.4098 1.90647
1251 -13.8722 -12.4296 1.8926
1252 -13.8225 -12.4477 1.87809
1253 -13.7607 -12.4685 1.867
1254 -13.7029 -12.4875 1.84813
1255 -13.6434 -12.5051 1.83209
1256 -13.5853 -12.5219 1.81946
1257 -13.5296 -12.537 1.80357
1258 -13.4796 -12.5495 1.78734
1259 -13.4419 -12.5585 1.77113
1260 -13.4046 -12.5663 1.75799
1261 -13.3696 -12.573 1.74279
1262 -13.3469 -12.5771 1.7319
1263 -13.3112 -12.5828 1.71808
1264 -13.2407 -12.593 1.70144
1265 -13.1726 -12.6023 1.68372
1266 -13.0967 -12.6112 1.66869
1267 -13.0257 -12.6182 1.64412
1268 -12.9681 -12.6222 1.6274
1269 -12.9107 -12.625 1.61735
1270 -12.8233 -12.6283 1.59924
1271 -12.7417 -12.6292 1.56593
1272 -12.6407 -12.6265 1.54431
1273 -12.5493 -12.6212 1.5129
1274 -12.4498 -12.6111 1.47593
1275 -12.3655 -12.5979 1.44532
1276 -12.2713 -12.5803 1.41818
1277 -12.2022 -12.5691 1.53355
1278 -12.0549 -12.5433 1.3486
1279 -12.0145 -12.5271 1.48457
1280 -11.9092 -12.5207 1.46514
1281 -11.8062 -12.5046 1.43626
1282 -11.6978 -12.4861 1.41731
1283 -11.6028 -12.4668 1.39869
1284 -11.4887 -12.4424 1.37191
1285 -11.3788 -12.4132 1.34345
1286 -11.2808 -12.3862 1.32543
1287 -11.181 -12.3568 1.30709
1288 -11.0868 -12.3261 1.28012
1289 -10.9947 -12.2942 1.26194
1290 -10.8837 -12.2542 1.23548
1291 -10.8 -12.2197 1.21753
1292 -10.7105 -12.1818 1.19174
1293 -10.6196 -12.1423 1.17543
1294 -10.5383 -12.1042 1.15898
1295 -10.4455 -12.0596 1.13545
1296 -10.3641 -12.0178 1.12057
1297 -10.2824 -11.9739 1.09903
1298 -10.2013 -11.9297 1.08493
1299 -10.1199 -11.8832 1.07005
1300 -10.0323 -11.831 1.04817
1301 -9.95571 -11.7834 1.03426
1302 -9.8843 -11.7362 1.0128
1303 -9.79628 -11.6787 0.999344
1304 -9.72448 -11.629 0.986045
1305 -9.63238 -11.5643 0.966811
1306 -9.54991 -11.5022 0.947731
1307 -9.47627 -11.4468 0.941709
1308 -9.40381 -11.3904 0.924192
1309 -9.32383 -11.3273 0.912448
1310 -9.25266 -11.269 0.900784
1311 -9.16945 -11.1991 0.882556
1312 -9.09626 -11.1353 0.870178
1313 -9.01512 -11.0638 0.858037
1314 -8.94364 -10.9983 0.84546
1315 -8.85841 -10.918 0.826473
1316 -8.77825 -10.8402 0.831611
1317 -8.70154 -10.7592 0.788893
1318 -8.6146 -10.6723 0.79071
1319 -8.54089 -10.5934 0.771587
1320 -8.456 -10.5022 0.758498
1321 -8.38317 -10.4209 0.74332
1322 -8.31466 -10.3431 0.727418
1323 -8.25184 -10.272 0.721383
1324 -8.18855 -10.1995 0.713516
1325 -8.12893 -10.129 0.701674
1326 -8.06691 -10.0551 0.692394
1327 -8.00808 -9.98455 0.685726
1328 -7.94573 -9.90881 0.678701
1329 -7.88841 -9.83862 0.670171
1330 -7.83025 -9.76692 0.664582
1331 -7.77388 -9.69679 0.657257
1332 -7.71283 -9.62038 0.653247
1333 -7.64687 -9.53691 0.647691
1334 -7.57856 -9.45035 0.643516
1335 -7.51003 -9.36348 0.641321
1336 -7.44508 -9.28137 0.63864
1337 -7.37813 -9.19653 0.637088
1338 -7.31215 -9.11276 0.634639
1339 -7.24571 -9.02826 0.633549
1340 -7.16323 -8.92165 0.63183
1341 -7.08568 -8.82226 0.629788
1342 -7.02144 -8.74098 0.628523
1343 -6.95966 -8.66269 0.627667
1344 -6.88057 -8.56026 0.626005
1345 -6.80873 -8.46819 0.624627
1346 -6.73913 -8.37907 0.623391
1347 -6.65608 -8.27077 0.622112
1348 -6.58809 -8.18427 0.621042
1349 -6.52557 -8.10471 0.619858
1350 -6.45197 -8.00937 0.618588
1351 -6.38272 -7.92049 0.617718
1352 -6.31382 -7.83194 0.616611
1353 -6.24696 -7.74611 0.615894
1354 -6.18381 -7.66543 0.614729
1355 -6.11108 -7.57114 0.61399
1356 -6.0446 -7.48611 0.613404
1357 -5.9739 -7.39486 0.612199
1358 -5.90377 -7.30486 0.611794
1359 -5.82419 -7.20132 0.611367
1360 -5.7554 -7.11373 0.610845
1361 -6.41998 -6.72603 0.604541
1362 -6.44751 -6.5461 0.677454
1363 -6.3476 -6.42236 0.690842
1364 -6.26507 -6.32362 0.697666
1365 -6.17605 -6.21484 0.698539
1366 -6.04341 -6.04827 0.689818
1367 -5.92225 -5.91604 0.68455
1368 -5.81347 -5.79366 0.682296
1369 -5.72547 -5.7012 0.692093
1370 -5.63808 -5.59197 0.687401
1371 -5.55347 -5.47839 0.678954
1372 -5.46517 -5.37949 0.687505
1373 -5.38968 -5.27781 0.676694
1374 -5.30304 -5.17196 0.675968
1375 -5.22721 -5.07357 0.679427
1376 -5.15027 -4.98045 0.675484
1377 -5.05979 -4.86857 0.674919
1378 -4.98008 -4.76683 0.678871
1379 -4.89553 -4.66242 0.673622
1380 -4.81431 -4.56055 0.672868
1381 -4.73096 -4.45598 0.671887
1382 -4.6566 -4.36167 0.676343
1383 -4.57726 -4.26205 0.676394
1384 -4.49368 -4.15665 0.675696
1385 -4.41032 -4.05235 0.668991
1386 -4.33321 -3.95475 0.674989
1387 -4.25579 -3.85778 0.673918
1388 -4.36374 -3.38495 0.664028
1389 -4.30595 -3.26807 0.717943
1390 -4.2356 -3.18327 0.719835
1391 -4.15052 -3.10283 0.706188
1392 -4.06711 -3.02283 0.703186
1393 -3.97821 -2.93194 0.702178
1394 -3.89161 -2.84005 0.700994
1395 -3.80741 -2.74832 0.69921
1396 -3.72657 -2.6585 0.698662
1397 -3.64695 -2.56828 0.697594
1398 -3.55596 -2.46403 0.696507
1399 -3.46611 -2.35791 0.694672
1400 -3.38833 -2.26606 0.660323
1401 -3.30721 -2.15805 0.659779
1402 -3.22964 -2.0575 0.659449
1403 -3.14699 -1.95077 0.659288
1404 -3.07677 -1.85988 0.65861
1405 -3.01309 -1.77747 0.658395
1406 -2.92995 -1.66987 0.657827
1407 -2.85503 -1.5725 0.656784
1408 -2.78297 -1.47856 0.65571
1409 -2.7124 -1.3864 0.654613
1410 -2.64423 -1.29729 0.653948
1411 -2.57389 -1.20524 0.653083
1412 -2.50389 -1.11321 0.651704
1413 -2.43275 -1.01974 0.651027
1414 -2.36729 -0.933522 0.650381
1415 -2.30162 -0.846802 0.649302
1416 -2.23674 -0.761146 0.64869
1417 -2.16925 -0.671741 0.647675
1418 -2.0941 -0.571921 0.646173
1419 -2.02457 -0.479335 0.645458
1420 -1.95441 -0.385929 0.644774
1421 -1.88514 -0.292874 0.642383
1422 -1.82025 -0.205776 0.64142
1423 -1.75878 -0.123196 0.640845
1424 -1.69415 -0.0361908 0.639778
1425 -1.62867 0.052064 0.63911
1426 -1.55992 0.144672 0.638887
1427 -1.4921 0.236185 0.638334
1428 -1.42618 0.325377 0.637469
1429 -1.35704 0.418864 0.637131
1430 -1.29702 0.500095 0.636841
1431 -1.23105 0.589436 0.63638
1432 -1.165 0.678958 0.636027
1433 -1.10399 0.761792 0.635462
1434 -1.03679 0.853084 0.63498
1435 -0.972601 0.940341 0.634636
1436 -0.905193 1.03195 0.634492
1437 -0.836544 1.12559 0.633583
1438 -0.774784 1.20975 0.633464
1439 -0.706301 1.30309 0.633275
1440 -0.637761 1.39648 0.633135
1441 -0.559763 1.49584 0.6654
1442 -0.499296 1.58094 0.655253
1443 -0.433304 1.66939 0.662878
1444 -0.360986 1.75829 0.665442
1445 -0.290295 1.80499 0.666996
1446 -0.21049 1.90789 0.664015
1447 -0.126284 1.98887 0.664523
1448 -0.0490892 2.06135 0.633748
1449 0.0301678 2.16892 0.662421
1450 0.10993 2.26437 0.660933
1451 0.208611 2.37145 0.660677
1452 0.307038 2.46991 0.667809
1453 0.382376 2.56892 0.660355
1454 0.471787 2.67567 0.658743
1455 0.566107 2.79076 0.658542
1456 0.668392 2.91715 0.657959
1457 0.769712 3.04346 0.657582
1458 0.870757 3.17038 0.656841
1459 0.960558 3.28322 0.657682
1460 1.06074 3.40538 0.664778
1461 1.14874 3.51733 0.663165
1462 1.24887 3.64553 0.663075
1463 1.34945 3.77528 0.662677
1464 1.438 3.88994 0.662533
1465 1.53131 4.01062 0.661288
1466 1.62217 4.12887 0.660962
1467 1.72252 4.25956 0.660505
1468 1.8126 4.37757 0.660265
1469 1.90025 4.49234 0.659605
1470 1.99666 4.61864 0.659194
1471 2.08511 4.73497 0.659431
1472 2.18738 4.8692 0.659024
1473 2.27177 4.98129 0.657561
1474 2.35817 5.09536 0.657479
1475 2.459 5.2285 0.657346
1476 2.54634 5.34481 0.657555
1477 2.63101 5.457 0.657841
1478 2.71737 5.57186 0.656366
1479 2.80612 5.68987 0.656792
1480 2.89463 5.80767 0.656804
1481 2.98431 5.92735 0.655342
1482 3.06679 6.03754 0.655819
1483 3.15861 6.15993 0.655535
1484 3.25157 6.28448 0.654797
1485 3.33375 6.3949 0.654895
1486 3.41707 6.50655 0.65514
1487 3.44931 6.54769 0.656391
1488 3.517 6.62463 0.656402
1489 3.58031 6.70116 0.656348
1490 3.6475 6.78314 0.655955
1491 3.71826 6.87134 0.655889
1492 3.79631 6.96983 0.655453
1493 3.8743 7.06944 0.65497
1494 3.95918 7.17779 0.653882
1495 4.03959 7.2818 0.653219
1496 4.11904 7.38566 0.653546
1497 4.19643 7.4865 0.653384
1498 4.27163 7.58497 0.653818
1499 4.34058 7.67308 0.648005
1500 4.40754 7.75932 0.648654
1501 4.48492 7.86122 0.655511
1502 4.56352 7.96436 0.657592
1503 4.63434 8.05541 0.652445
1504 4.70265 8.14371 0.651684
1505 4.78484 8.25021 0.653259
1506 4.85548 8.34151 0.654204
1507 4.93608 8.44529 0.656415
1508 5.00712 8.53644 0.659575
1509 5.07567 8.62396 0.660025
1510 5.14997 8.71875 0.660634
1511 5.22767 8.81771 0.664129
1512 5.30179 8.91167 0.665563
1513 5.37437 9.00339 0.666452
1514 5.45693 9.10728 0.671068
1515 5.52583 9.19359 0.67195
1516 5.60214 9.2888 0.673036
1517 5.67667 9.38137 0.676586
1518 5.74593 9.46722 0.676826
1519 5.80311 9.5379 0.677913
1520 5.87369 9.62473 0.680692
1521 5.95015 9.72047 0.671719
1522 6.04441 9.83909 0.673719
1523 6.12554 9.94017 0.674704
1524 6.20629 10.0405 0.67617
1525 6.2888 10.1428 0.677448
1526 6.37149 10.2451 0.678457
1527 6.46609 10.362 0.679139
1528 6.5487 10.4643 0.679154
1529 6.63712 10.5738 0.678859
1530 6.71937 10.676 0.678095
1531 6.81462 10.7947 0.676879
1532 6.90533 10.908 0.676012
1533 7.00253 11.0297 0.674979
1534 7.08873 11.1378 0.674222
1535 7.19034 11.2652 0.673496
1536 7.28127 11.3797 0.672495
1537 7.38651 11.5121 0.672015
1538 7.49522 11.6491 0.671544
1539 7.58497 11.7623 0.671108
1540 7.6717 11.8716 0.670886
1541 7.75979 11.9829 0.670296
1542 7.84971 12.0964 0.670005
1543 7.94082 12.2116 0.669761
1544 8.03553 12.3315 0.668979
1545 8.13378 12.4559 0.668725
1546 8.23207 12.5804 0.66853
1547 8.32051 12.6925 0.668252
1548 8.41221 12.8088 0.667992
1549 8.5052 12.9268 0.667671
1550 8.60722 13.0563 0.667422
1551 8.71129 13.1885 0.667168
1552 8.82042 13.3274 0.667362
1553 8.91952 13.4534 0.666587
1554 9.03207 13.5968 0.665704
1555 9.13439 13.7272 0.665675
1556 9.22215 13.839 0.665643
1557 9.31564 13.9583 0.665248
1558 9.41457 14.0843 0.66536
1559 9.50848 14.2042 0.664996
1560 9.5917 14.3104 0.664867
1561 9.67566 14.4175 0.664777
1562 9.76114 14.5218 0.688608
1563 9.84118 14.6281 0.671619
1564 9.93223 14.7418 0.682043
1565 10.0219 14.8561 0.683321
1566 10.0983 14.9535 0.688411
1567 10.1727 15.0497 0.685491
1568 10.2489 15.1472 0.687093
1569 10.3279 15.2478 0.689927
1570 10.3979 15.3386 0.687016
1571 10.4902 15.4555 0.689314
1572 10.5662 15.5537 0.689204
1573 10.6361 15.6437 0.691494
1574 10.7075 15.7354 0.693977
1575 10.7678 15.8138 0.696158
1576 10.8334 15.8998 0.690059
1577 10.9094 15.9977 0.689575
1578 10.9861 16.0971 0.686635
1579 11.0556 16.1875 0.684938
1580 11.1217 16.2732 0.68489
1581 11.1889 16.3602 0.684938
1582 11.2549 16.4459 0.684776
1583 11.3217 16.5325 0.684468
1584 11.3861 16.6165 0.683165
1585 11.4546 16.7053 0.683585
1586 11.5187 16.7892 0.682189
1587 11.5814 16.871 0.682117
1588 11.6555 16.967 0.681073
1589 11.7257 17.0584 0.681384
1590 11.7911 17.1437 0.681597
1591 11.8563 17.229 0.680628
1592 11.9173 17.3088 0.680964
1593 11.9825 17.394 0.681023
1594 12.0507 17.4832 0.67957
1595 12.1087 17.56 0.679439
1596 12.1722 17.6431 0.679373
1597 12.2277 17.7166 0.678976
1598 12.2839 17.7908 0.678794
1599 12.3369 17.8612 0.677927
1600 12.3915 17.9334 0.677795
1601 12.4438 18.0027 0.677421
1602 12.4946 18.0702 0.677359
1603 12.5425 18.134 0.67717
1604 12.5957 18.2044 0.676862
1605 12.6439 18.2686 0.676515
1606 12.6896 18.3298 0.675285
1607 12.7308 18.3851 0.67486
1608 12.7757 18.4447 0.674524
1609 12.8146 18.4971 0.674145
1610 12.8515 18.5468 0.673933
1611 12.8819 18.5881 0.673427
1612 12.9134 18.6309 0.672085
1613 12.9421 18.6699 0.67183
1614 12.9682 18.7056 0.67141
1615 12.9928 18.7392 0.671038
1616 13.0124 18.7665 0.670979
1617 13.0335 18.7956 0.670263
1618 13.053 18.8225 0.670015
1619 13.0703 18.8467 0.669848
1620 13.086 18.8687 0.669876
1621 13.101 18.8899 0.669617
1622 13.1151 18.9098 0.66951
1623 13.1267 18.9265 0.669389
1624 13.1341 18.9377 0.669426
1625 13.1384 18.9449 0.669407
1626 13.1412 18.9502 0.669092
1627 13.1444 18.9559 0.669155
1628 13.1468 18.9605 0.66937
1629 13.1503 18.9664 0.669613
1630 13.1532 18.9716 0.669961
1631 13.1574 18.9786 0.670312
1632 13.1617 18.9856 0.67067
1633 13.166 18.9926 0.670898
1634 13.1696 18.9987 0.671169
1635 13.1737 19.0055 0.671466
1636 13.1775 19.012 0.671787
1637 13.1808 19.0176 0.672081
1638 13.1843 19.0235 0.672267
1639 13.1868 19.0282 0.672555
1640 13.1896 19.0332 0.672774
1641 13.1918 19.0374 0.672977
1642 13.1946 19.0425 0.67319
1643 13.1971 19.0471 0.673438
1644 13.1989 19.0507 0.67367
1645 13.201 19.0548 0.673848
1646 13.2034 19.0592 0.674063
1647 13.205 19.0626 0.674268
1648 13.2071 19.0666 0.674447
1649 13.2089 19.0702 0.674655
1650 13.2115 19.0749 0.674744
1651 13.2135 19.0787 0.675016
1652 13.215 19.082 0.675215
1653 13.2164 19.085 0.67541
1654 13.2175 19.0877 0.675559
1655 13.2183 19.0899 0.675718
1656 13.2181 19.0909 0.675853
1657 13.2192 19.0935 0.675977
1658 13.2194 19.095 0.676142
