0 23.0858 17.0373 3.78034
0 23.0482 17.0081 3.77662
1 23.0044 16.9777 3.77655
0 22.9688 16.9561 3.77421
1 22.93 16.9274 3.77251
2 22.8892 16.8939 3.7703
3 22.8543 16.8665 3.76918
4 22.8101 16.8254 3.76666
5 22.7668 16.7842 3.76495
6 22.7288 16.7493 3.76363
7 22.6891 16.7096 3.76209
8 22.6523 16.6744 3.7608
9 22.6127 16.6343 3.75988
10 22.5603 16.575 3.75925
11 22.5251 16.5273 3.74851
12 22.4861 16.4834 3.75301
13 22.4333 16.4196 3.75282
14 22.3738 16.3467 3.75466
15 22.3123 16.2701 3.75414
16 22.2435 16.183 3.75439
17 22.1732 16.0931 3.75519
18 22.1117 16.015 3.75553
19 22.0491 15.9357 3.7558
20 21.9757 15.8336 3.75083
21 21.9023 15.7318 3.75027
22 21.8252 15.6241 3.75056
23 21.7464 15.5144 3.75038
24 21.6537 15.3838 3.75037
25 21.5862 15.2896 3.75062
26 21.4839 15.1448 3.75037
27 21.4167 15.0505 3.7506
28 21.3432 14.9463 3.75027
29 21.2475 14.8105 3.75059
30 21.1582 14.6838 3.74969
31 21.0682 14.5564 3.74982
32 20.9775 14.428 3.74901
33 20.902 14.321 3.75006
34 20.8104 14.1904 3.74896
35 20.7368 14.0856 3.74854
36 20.6442 13.9529 3.74862
37 20.5777 13.8576 3.74733
38 20.4885 13.7298 3.74783
39 20.3872 13.5853 3.74786
40 20.2917 13.4483 3.74658
41 20.1999 13.3169 3.74733
42 20.0981 13.1705 3.74568
43 20.016 13.0529 3.74522
44 19.9199 12.9145 3.74411
45 19.9089 12.8814 3.75579
46 19.8635 12.7955 3.75183
47 19.8096 12.6813 3.76141
48 19.7492 12.5821 3.76894
49 19.6858 12.477 3.75737
50 19.6027 12.3222 3.75812
51 19.5378 12.1996 3.7715
52 19.489 12.1175 3.76536
53 19.4248 11.9916 3.76556
54 19.3566 11.8627 3.76773
55 19.2785 11.7223 3.76647
56 19.1911 11.5754 3.76873
57 19.1064 11.4345 3.77026
58 19.0264 11.3016 3.77125
59 18.9814 11.2166 3.77358
60 18.8827 11.0602 3.76378
61 18.766 10.8898 3.77296
62 18.6774 10.7473 3.76719
63 18.5679 10.5911 3.77427
64 18.4883 10.4653 3.77461
65 18.4105 10.343 3.7757
66 18.336 10.226 3.77661
67 18.2564 10.1031 3.77736
68 18.1753 9.97963 3.7781
69 18.0955 9.85609 3.77278
70 17.9857 9.7027 3.7757
71 17.8575 9.53997 3.82378
72 17.7549 9.43577 3.86955
73 17.6601 9.3317 3.87453
74 17.5663 9.22782 3.87531
75 17.4717 9.123 3.87552
76 17.3646 9.0043 3.87571
77 17.2709 8.90069 3.87608
78 17.179 8.79881 3.87587
79 17.0732 8.68178 3.87625
80 16.987 8.5864 3.87662
81 16.8858 8.47441 3.8765
82 16.7875 8.36569 3.87659
83 16.6989 8.26752 3.87642
84 16.6023 8.16063 3.87646
85 16.5141 8.06306 3.87676
86 16.4152 7.95378 3.87706
87 16.3184 7.84681 3.87712
88 16.338 7.8559 3.80794
89 16.2226 7.71423 3.84197
90 16.2319 7.71689 3.80697
91 16.2091 7.67073 3.80241
92 16.1809 7.61752 3.8
93 16.1481 7.55886 3.79982
94 16.0978 7.47788 3.79938
95 16.0598 7.41497 3.79992
96 16.0164 7.34413 3.79867
97 15.964 7.26252 3.79787
98 15.8976 7.16403 3.79884
99 15.8411 7.0796 3.79872
100 15.7741 6.98203 3.79899
101 15.7107 6.8902 3.79912
102 15.639 6.78735 3.79964
103 15.5773 6.69899 3.79904
104 15.5124 6.60536 3.79907
105 15.4376 6.50062 3.80187
106 15.4808 6.52254 3.75819
107 15.5638 6.58256 3.75562
108 15.6168 6.60886 3.754
109 15.6426 6.60488 3.75411
110 15.645 6.57457 3.75321
111 15.6378 6.53558 3.75345
112 15.6232 6.48922 3.75421
113 15.6015 6.4362 3.75413
114 15.5695 6.37021 3.75417
115 15.5351 6.3023 3.75455
116 15.468 6.19023 3.75242
117 15.435 6.13235 3.75312
118 15.407 6.07956 3.75402
119 15.3735 6.01987 3.75492
120 15.3358 5.95474 3.75548
121 15.2805 5.87067 3.74834
122 15.1967 5.74097 3.74825
123 15.1155 5.61674 3.74876
124 15.0459 5.50982 3.7495
125 14.9691 5.39137 3.74941
126 14.9289 5.32214 3.75727
127 14.8897 5.25682 3.75872
128 14.8594 5.20578 3.75911
129 14.8238 5.14658 3.75943
130 14.7863 5.0861 3.75979
131 14.7507 5.02839 3.76021
132 14.7129 4.96729 3.7604
133 14.6758 4.90791 3.76041
134 14.6333 4.84099 3.76063
135 14.5911 4.77498 3.76051
136 14.5484 4.70876 3.76058
137 14.5045 4.64056 3.7606
138 14.4604 4.57246 3.76037
139 14.4157 4.50361 3.76056
140 14.3716 4.4357 3.76061
141 14.3285 4.36959 3.76053
142 14.2761 4.29014 3.76116
143 14.2354 4.22796 3.76137
144 14.1946 4.16484 3.7615
145 14.1515 4.09872 3.76179
146 14.1051 4.02806 3.76206
147 14.0621 3.96272 3.76276
148 14.0209 3.89956 3.76336
149 13.9789 3.83565 3.76396
150 13.9329 3.76612 3.76476
151 13.8853 3.69481 3.76545
152 13.8343 3.61941 3.76618
153 13.8021 3.57041 3.76679
154 13.7708 3.52092 3.76778
155 13.7298 3.45797 3.76899
156 13.6853 3.39275 3.77691
157 13.6531 3.348 3.77279
158 13.6097 3.28502 3.78041
159 13.5679 3.22764 3.7758
160 13.5178 3.15691 3.78334
161 13.4711 3.09412 3.77785
162 13.4173 3.01852 3.77867
163 13.3558 2.93175 3.78001
164 13.3007 2.85517 3.7824
165 13.2477 2.78065 3.78368
166 13.1958 2.70767 3.78483
167 13.1398 2.62959 3.78658
168 13.0886 2.55979 3.79726
169 13.0488 2.5082 3.79115
170 12.9966 2.43656 3.79298
171 12.9405 2.35966 3.7968
172 12.8858 2.28584 3.80211
173 12.8343 2.21648 3.80619
174 12.7762 2.13926 3.81238
175 12.719 2.06497 3.81938
176 12.6606 1.99002 3.82667
177 12.6026 1.917 3.83476
178 12.5584 1.86043 3.83303
179 12.4857 1.7737 3.84303
180 12.413 1.68812 3.85232
181 12.3352 1.59787 3.8613
182 12.2639 1.51669 3.86878
183 12.186 1.42888 3.87797
184 12.109 1.34414 3.88777
185 12.0375 1.26654 3.89749
186 11.9631 1.18661 3.9057
187 11.8955 1.11509 3.91336
188 11.8277 1.04407 3.92493
189 11.7645 0.978679 3.93326
190 11.701 0.91386 3.94335
191 11.6422 0.854662 3.95156
192 11.5828 0.795546 3.95987
193 11.5189 0.733612 3.97057
194 11.4572 0.675135 3.98197
195 11.3985 0.620445 3.99312
196 11.3846 0.608565 3.97391
197 11.3849 0.60912 3.98084
198 11.3759 0.60072 3.99004
199 11.3716 0.596994 3.99902
200 11.3723 0.597122 4.00501
201 11.3638 0.589175 4.01428
202 11.3524 0.579246 4.02074
203 11.3424 0.570776 4.03036
204 11.329 0.559774 4.03704
205 11.3131 0.547 4.04715
206 11.2979 0.534903 4.05409
207 11.2819 0.522625 4.0643
208 11.2651 0.510129 4.07148
209 11.2446 0.495331 4.08171
210 11.2231 0.480321 4.08903
211 11.2019 0.465813 4.0996
212 11.1712 0.444869 4.11066
213 11.1514 0.43225 4.11855
214 11.1303 0.418883 4.12633
215 11.1092 0.405913 4.13424
216 11.0885 0.393693 4.14622
217 11.0579 0.375396 4.15459
218 11.0229 0.355064 4.16693
219 10.9884 0.335693 4.17578
220 10.9584 0.319862 4.18928
221 10.9223 0.301365 4.20301
222 10.8943 0.2881 4.21249
223 10.8641 0.273751 4.22687
224 10.8378 0.262025 4.23664
225 10.8091 0.249069 4.24649
226 10.7846 0.239457 4.2564
227 10.7557 0.227595 4.26671
228 10.7269 0.216301 4.28257
229 10.6962 0.204841 4.29321
230 10.6671 0.194964 4.30424
231 10.6307 0.183084 4.32024
232 10.6068 0.177045 4.33144
233 10.5826 0.17084 4.34837
234 10.5493 0.16226 4.35906
235 10.5248 0.157422 4.36999
236 10.4915 0.150183 4.3867
237 10.4515 0.141542 4.40361
238 10.2895 0.0651598 4.3619
239 10.2514 0.0531177 4.42791
240 10.1112 -0.00966296 4.38972
241 10.0893 -0.0141574 4.4489
242 10.0482 -0.0241703 4.51477
243 9.99393 -0.0362353 4.52889
244 9.93551 -0.0480399 4.54577
245 9.87275 -0.0598423 4.55652
246 9.66598 -0.13227 4.47147
247 9.61582 -0.146134 4.57523
248 9.56581 -0.152866 4.5953
249 9.50907 -0.160283 4.60145
250 9.45791 -0.166845 4.6107
251 9.40472 -0.173157 4.61492
252 9.35355 -0.178926 4.61914
253 9.30245 -0.18416 4.62383
254 9.24046 -0.19215 4.59425
255 9.19731 -0.197736 4.58429
256 9.14833 -0.202774 4.59133
257 9.0827 -0.20866 4.60242
258 9.01069 -0.213677 4.61508
259 8.94657 -0.216688 4.62864
260 8.88637 -0.218479 4.646
261 8.82909 -0.219565 4.66091
262 8.77424 -0.219846 4.67606
263 8.70952 -0.219952 4.68623
264 8.64715 -0.21858 4.70128
265 8.59903 -0.216736 4.71387
266 8.55964 -0.214897 4.7273
267 8.52193 -0.21288 4.74012
268 8.48242 -0.210616 4.74936
269 8.44163 -0.208003 4.75735
270 8.3724 -0.216235 4.67968
271 8.28696 -0.235453 4.72249
272 8.24758 -0.230892 4.78234
273 8.20502 -0.226743 4.79241
274 8.15051 -0.221036 4.79985
275 8.09092 -0.213955 4.80948
276 8.01538 -0.204261 4.8199
277 7.9346 -0.20508 4.75712
278 7.83238 -0.21685 4.79496
279 7.76992 -0.204591 4.85278
280 7.70851 -0.193255 4.86771
281 7.64373 -0.180896 4.87851
282 7.57655 -0.167214 4.8905
283 7.51324 -0.153545 4.90067
284 7.4372 -0.136683 4.91073
285 7.37353 -0.121083 4.92397
286 7.31252 -0.105744 4.93568
287 7.2453 -0.0885257 4.94502
288 7.17156 -0.0690199 4.95267
289 7.08713 -0.0456412 4.96315
290 7.01811 -0.0248939 4.97546
291 6.95887 -0.00644032 4.98801
292 6.8967 0.0126826 4.99532
293 6.83304 0.0328323 5.00228
294 6.76141 0.056104 5.01023
295 6.68585 0.0812126 5.01783
296 6.63916 0.100006 4.98427
297 6.57962 0.104316 5.00656
298 6.5237 0.125419 5.03888
299 6.46245 0.147667 5.04711
300 6.38671 0.175729 5.05452
301 6.33301 0.196113 5.05946
302 6.26741 0.221037 5.06463
303 6.18374 0.254063 5.07416
304 6.10111 0.287536 5.08058
305 6.00748 0.326844 5.09138
306 5.93315 0.35871 5.09856
307 5.85403 0.393421 5.1077
308 5.77492 0.428246 5.11341
309 5.69617 0.459981 5.0982
310 5.65101 0.476016 5.11226
311 5.56468 0.517335 5.1339
312 5.46442 0.565865 5.14482
313 5.39945 0.598167 5.15309
314 5.44228 0.591712 5.00824
315 5.53142 0.51956 5.02444
316 5.56158 0.469987 5.04869
317 5.52131 0.449781 5.11166
318 5.46655 0.47962 5.0809
319 5.43564 0.469594 5.09114
320 5.40159 0.462194 5.11105
321 5.36515 0.460983 5.12472
322 5.30234 0.474179 5.16678
323 5.22931 0.513934 5.15258
324 5.16617 0.535234 5.18618
325 5.08218 0.581693 5.17509
326 5.00568 0.613844 5.1803
327 4.93991 0.643934 5.21215
328 4.85271 0.701095 5.24843
329 4.75354 0.763198 5.25794
330 4.62181 0.813826 5.1459
331 4.47215 0.859308 5.14587
332 4.32065 0.907753 5.15139
333 4.16152 0.959529 5.15397
334 3.97123 1.01285 5.16022
335 3.80562 1.05896 5.16616
336 3.64517 1.1061 5.173
337 3.4963 1.15119 5.17802
338 3.34523 1.20115 5.18416
339 3.20078 1.25071 5.18917
340 3.0766 1.29213 5.1944
341 2.94512 1.33823 5.19963
342 2.81104 1.38777 5.20393
343 2.69566 1.42985 5.20807
344 2.56889 1.47929 5.21341
345 2.42932 1.53753 5.21831
346 2.3087 1.587 5.22223
347 2.18318 1.64024 5.22661
348 2.06783 1.68972 5.23087
349 1.96411 1.73327 5.23441
350 1.85607 1.77989 5.23776
351 1.7614 1.81993 5.24103
352 1.66879 1.8705 5.24938
353 1.56963 1.90824 5.2471
354 1.44836 1.968 5.25025
355 1.34591 2.02951 5.26059
356 1.23786 2.08803 5.26282
357 1.12273 2.15274 5.26541
358 1.02519 2.19854 5.25938
359 0.90281 2.26371 5.26151
360 0.792201 2.32327 5.26374
361 0.686052 2.38017 5.26553
362 0.577475 2.43914 5.26763
363 0.46343 2.50221 5.26984
364 0.348527 2.56685 5.27183
365 0.225878 2.63706 5.2744
366 0.109949 2.70373 5.27659
367 0.00262093 2.76519 5.2784
368 -0.123128 2.83899 5.28058
369 -0.241864 2.90944 5.28226
370 -0.37531 2.9897 5.28459
371 -0.493082 3.06037 5.28395
372 -0.580209 3.11458 5.28639
373 -0.675225 3.17428 5.28988
374 -0.781782 3.24234 5.29236
375 -0.876522 3.30363 5.29552
376 -0.982708 3.37211 5.29591
377 -1.07837 3.43398 5.29464
378 -1.18922 3.50164 5.29905
379 -1.28835 3.56564 5.29932
380 -1.39689 3.63294 5.30314
381 -1.48892 3.69298 5.30303
382 -1.59873 3.76171 5.30366
383 -1.70861 3.8315 5.30991
384 -1.81225 3.90002 5.3034
385 -1.90677 3.96113 5.3135
386 -2.02367 4.03908 5.30659
387 -2.13743 4.11318 5.30787
388 -2.25114 4.18844 5.31872
389 -2.34811 4.25498 5.31213
390 -2.46751 4.33385 5.31337
391 -2.58939 4.41504 5.31537
392 -2.70407 4.49144 5.31647
393 -2.80929 4.56354 5.3306
394 -2.91276 4.63849 5.33496
395 -3.01061 4.70752 5.32172
396 -3.13498 4.79191 5.32299
397 -3.26531 4.88103 5.32426
398 -3.3852 4.9662 5.32958
399 -3.48973 5.03812 5.33057
400 -3.57363 5.09667 5.34141
401 -3.68946 5.17621 5.32836
402 -3.79239 5.24953 5.3299
403 -3.90514 5.32852 5.32989
404 -3.99008 5.39056 5.34962
405 -4.09686 5.47166 5.35325
406 -4.21495 5.55724 5.32389
407 -4.32381 5.63312 5.32355
408 -4.43254 5.70858 5.32359
409 -4.54975 5.78986 5.32436
410 -4.66474 5.86593 5.31203
411 -4.77765 5.94354 5.31256
412 -4.88386 6.01602 5.31196
413 -4.9961 6.09623 5.31499
414 -5.12652 6.18623 5.31481
415 -5.23437 6.26116 5.31573
416 -5.3616 6.34922 5.31726
417 -5.48402 6.43429 5.3164
418 -5.57568 6.50174 5.31874
419 -5.66636 6.57435 5.35878
420 -5.77916 6.65917 5.32686
421 -5.90362 6.74988 5.32567
422 -6.03974 6.8558 5.36356
423 -6.14058 6.94669 5.40216
424 -6.23439 7.02586 5.40691
425 -6.35864 7.11284 5.3303
426 -6.49943 7.21658 5.32851
427 -6.59833 7.29561 5.36748
428 -6.69283 7.37929 5.4065
429 -6.79529 7.46632 5.4112
430 -6.8954 7.55096 5.4123
431 -7.02803 7.64254 5.32754
432 -7.14944 7.73191 5.32409
433 -7.28078 7.82717 5.32447
434 -7.4104 7.92199 5.32591
435 -7.52723 8.01542 5.36896
436 -7.62618 8.10624 5.41245
437 -7.74142 8.20525 5.41724
438 -7.86097 8.30741 5.4181
439 -7.97714 8.4067 5.41862
440 -8.0883 8.50175 5.419
441 -8.18837 8.58736 5.41929
442 -8.28872 8.67334 5.41987
443 -8.39011 8.73774 5.31675
444 -8.43365 8.7635 5.31681
445 -8.49924 8.80498 5.3198
446 -8.53038 8.83243 5.36906
447 -8.64563 8.93723 5.41524
448 -8.75623 9.01163 5.32005
449 -8.85677 9.08337 5.3527
450 -8.98405 9.17944 5.31871
451 -9.10566 9.25965 5.31657
452 -9.21751 9.33386 5.31682
453 -9.32738 9.40595 5.31677
454 -9.44349 9.4826 5.31716
455 -9.55389 9.55584 5.31768
456 -9.69692 9.65184 5.31808
457 -9.8211 9.73631 5.31831
458 -9.93396 9.81239 5.31887
459 -10.0637 9.90071 5.3244
460 -10.1635 9.97417 5.32881
461 -10.2562 10.0434 5.33234
462 -10.3496 10.1134 5.33549
463 -10.4307 10.1748 5.33615
464 -10.5098 10.2345 5.33763
465 -10.6248 10.317 5.32413
466 -10.7332 10.3977 5.35625
467 -10.8734 10.529 5.41701
468 -10.9773 10.6202 5.42315
469 -11.0818 10.7104 5.42379
470 -11.217 10.802 5.3216
471 -11.2999 10.863 5.31413
472 -11.385 10.9324 5.36648
473 -11.4988 11.0176 5.31825
474 -11.6155 11.0995 5.30412
475 -11.7762 11.207 5.30318
476 -11.9027 11.2922 5.31071
477 -11.9889 11.353 5.31269
478 -12.074 11.4129 5.31321
479 -12.1925 11.4919 5.31023
480 -12.304 11.5668 5.3102
481 -12.4245 11.6476 5.31072
482 -12.5322 11.72 5.31069
483 -12.6339 11.7878 5.31056
484 -12.7391 11.8588 5.31363
485 -12.8099 11.909 5.31205
486 -12.9187 11.9811 5.31136
487 -13.0592 12.0761 5.31178
488 -13.2141 12.1824 5.31162
489 -13.3359 12.2672 5.31185
490 -13.4511 12.346 5.31171
491 -13.5723 12.4284 5.31182
492 -13.686 12.5063 5.31221
493 -13.7775 12.5682 5.31234
494 -13.8944 12.6467 5.31308
495 -14.0127 12.7283 5.31734
496 -14.1284 12.8114 5.31364
497 -14.2851 12.9197 5.31272
498 -14.4075 13.0055 5.31243
499 -14.5353 13.0932 5.31174
500 -14.6632 13.1813 5.31167
501 -14.7881 13.2672 5.31158
502 -14.925 13.3615 5.31183
503 -15.0596 13.4548 5.3123
504 -15.2029 13.5543 5.31284
505 -15.3256 13.6403 5.31283
506 -15.4516 13.7273 5.31239
507 -15.5833 13.8184 5.31252
508 -15.7413 13.9276 5.31201
509 -15.8902 14.032 5.3115
510 -16.0187 14.1223 5.31165
511 -16.1412 14.2075 5.31163
512 -16.2562 14.287 5.31182
513 -16.3845 14.3756 5.31138
514 -16.5398 14.4797 5.30767
515 -16.6711 14.5679 5.30815
516 -16.8002 14.655 5.31539
517 -16.9287 14.7416 5.31104
518 -17.0381 14.8142 5.31353
519 -17.1566 14.8918 5.31178
520 -17.274 14.9682 5.31229
521 -17.4022 15.0526 5.31257
522 -17.5166 15.1281 5.31451
523 -17.6136 15.1919 5.31526
524 -17.7224 15.2638 5.31576
525 -17.8392 15.3413 5.31455
526 -17.9642 15.4268 5.31477
527 -18.0988 15.5189 5.31475
528 -18.2234 15.6046 5.31486
529 -18.3418 15.6857 5.31461
530 -18.4511 15.7603 5.31537
531 -18.5694 15.8423 5.32272
532 -18.6559 15.9048 5.32318
533 -18.7372 15.9629 5.32337
534 -18.8289 16.0282 5.32346
535 -18.9263 16.0977 5.32312
536 -19.0252 16.169 5.32314
537 -19.1273 16.2424 5.3231
538 -19.2193 16.3089 5.32273
539 -19.2874 16.3582 5.32208
540 -19.369 16.4156 5.32184
541 -19.4659 16.4843 5.32175
542 -19.5729 16.5608 5.32116
543 -19.6718 16.6324 5.32087
544 -19.756 16.693 5.32044
545 -19.8501 16.7601 5.32033
546 -19.9412 16.8251 5.32006
547 -20.0385 16.8945 5.31906
548 -20.1266 16.9576 5.31844
549 -20.2161 17.0213 5.31791
550 -20.314 17.0908 5.31733
551 -20.4115 17.1603 5.31635
552 -20.5098 17.2301 5.31475
553 -20.6067 17.2989 5.31382
554 -20.7021 17.3664 5.31266
555 -20.8007 17.4357 5.31042
556 -20.9006 17.5055 5.30826
557 -20.992 17.5694 5.30469
558 -21.0881 17.6356 5.3007
559 -21.1832 17.7007 5.29798
560 -21.2749 17.763 5.29338
561 -21.3636 17.8227 5.28998
562 -21.461 17.8875 5.28537
563 -21.5637 17.9552 5.27979
564 -21.6547 18.015 5.27579
565 -21.7515 18.0773 5.26974
566 -21.846 18.1378 5.2639
567 -21.9426 18.1986 5.25948
568 -22.0139 18.2436 5.25458
569 -22.0934 18.2919 5.25869
570 -22.1488 18.3263 5.25679
571 -22.2181 18.3685 5.25236
572 -22.2691 18.4001 5.24856
573 -22.327 18.4345 5.24442
574 -22.3829 18.4676 5.23962
575 -22.4433 18.5027 5.23484
576 -22.4907 18.5302 5.2299
577 -22.5374 18.5562 5.22527
578 -22.5961 18.5884 5.22014
579 -22.6701 18.629 5.21349
580 -22.7397 18.6668 5.20599
581 -22.7909 18.694 5.19896
582 -22.8605 18.7293 5.19048
583 -22.9129 18.7555 5.18153
584 -22.9903 18.7925 5.17073
585 -23.042 18.817 5.16244
586 -23.0911 18.8387 5.15201
587 -23.1576 18.8674 5.14016
588 -23.2339 18.8998 5.12598
589 -23.3044 18.9287 5.11423
590 -23.3722 18.9547 5.09698
591 -23.4542 18.9845 5.07674
592 -23.5305 19.0099 5.0561
593 -23.5937 19.0285 5.03434
594 -23.6754 19.0501 5.00666
595 -23.741 19.0649 4.99062
596 -23.8189 19.0846 4.98106
597 -23.8887 19.0965 4.95879
598 -23.9642 19.1077 4.93881
599 -24.0324 19.1165 4.91841
600 -24.1232 19.1268 4.89153
601 -24.2011 19.133 4.87051
602 -24.2742 19.1359 4.8503
603 -24.3565 19.1389 4.82993
604 -24.4398 19.1398 4.80953
605 -24.5219 19.1395 4.78891
606 -24.6003 19.1366 4.76828
607 -24.6855 19.1328 4.74734
608 -24.7679 19.1267 4.72658
609 -24.8585 19.1182 4.70574
610 -24.9348 19.1085 4.69171
611 -25.0381 19.097 4.67092
612 -25.137 19.084 4.64956
613 -25.2378 19.069 4.62802
614 -25.3246 19.0529 4.60621
615 -25.4084 19.0348 4.58498
616 -25.503 19.0129 4.57145
617 -25.6062 18.9888 4.55081
618 -25.706 18.9635 4.53074
619 -25.807 18.9358 4.51836
620 -25.9109 18.9063 4.49933
621 -26.0163 18.8755 4.48791
622 -26.1244 18.843 4.46979
623 -26.2334 18.8083 4.45189
624 -26.3495 18.7699 4.43458
625 -26.4082 18.7382 4.45808
626 -26.4444 18.712 4.44663
627 -26.4731 18.6886 4.43007
628 -26.5052 18.6634 4.4191
629 -26.5198 18.6444 4.40821
630 -26.5514 18.6189 4.39777
631 -26.5852 18.5936 4.38025
632 -26.6301 18.5634 4.36266
633 -26.6735 18.5336 4.34397
634 -26.7178 18.5027 4.33205
635 -26.7744 18.467 4.31343
636 -26.8272 18.4323 4.29404
637 -26.8782 18.3976 4.2815
638 -26.9444 18.3549 4.26293
639 -27.0079 18.3141 4.25062
640 -27.085 18.2652 4.23188
641 -27.1532 18.2214 4.21212
642 -27.2304 18.1712 4.20046
643 -27.3115 18.119 4.18165
644 -27.3967 18.064 4.17121
645 -27.4956 18.0006 4.15338
646 -27.5988 17.9356 4.13532
647 -27.7129 17.8759 4.24114
648 -27.7821 17.8525 4.31842
649 -27.8494 17.8231 4.31674
650 -27.9204 17.7901 4.30282
651 -27.9893 17.7572 4.29266
652 -28.0556 17.7239 4.27738
653 -28.1202 17.6906 4.2646
654 -28.1983 17.6499 4.25397
655 -28.2679 17.6113 4.23861
656 -28.3401 17.5708 4.22673
657 -28.3399 17.5472 4.12784
658 -28.3783 17.515 4.16715
659 -28.4532 17.4719 4.18566
660 -28.5135 17.4187 4.09391
661 -28.5335 17.3836 4.07671
662 -28.5872 17.3376 4.11695
663 -28.6246 17.295 4.05199
664 -28.6376 17.2576 4.03589
665 -28.6517 17.2204 4.02319
666 -28.6783 17.1747 4.01109
667 -28.6934 17.1396 3.99987
668 -28.7087 17.1037 3.99307
669 -28.7289 17.066 3.98577
670 -28.7147 17.047 3.96376
671 -28.7163 17.0123 3.96204
672 -28.734 16.9675 3.95246
673 -28.7528 16.9251 3.94581
674 -28.7777 16.8803 3.93579
675 -28.7981 16.8386 3.92948
676 -28.8271 16.7885 3.92053
677 -28.8558 16.7404 3.91436
678 -28.8692 16.7078 3.9087
679 -28.9033 16.6563 3.90295
680 -28.9467 16.595 3.89434
681 -28.9851 16.5386 3.88841
682 -29.03 16.4751 3.88065
683 -29.0751 16.4108 3.87505
684 -29.1247 16.3428 3.86726
685 -29.1666 16.2825 3.86181
686 -29.2111 16.2188 3.85591
687 -29.2639 16.1453 3.84981
688 -29.3011 16.091 3.84157
689 -29.3433 16.0293 3.83531
690 -29.3952 15.955 3.8287
691 -29.4598 15.8654 3.81946
692 -29.5213 15.7782 3.80961
693 -29.5806 15.6929 3.80278
694 -29.6315 15.6164 3.79543
695 -29.6772 15.5458 3.78935
696 -29.7324 15.4614 3.78097
697 -29.7885 15.3748 3.77512
698 -29.8472 15.2846 3.76815
699 -29.8945 15.2084 3.76334
700 -29.944 15.1276 3.75701
701 -29.9932 15.047 3.75286
702 -30.0424 14.9655 3.74919
703 -30.0971 14.8758 3.74454
704 -30.1469 14.7928 3.74143
705 -30.2099 14.6901 3.73757
706 -30.268 14.5949 3.73409
707 -30.3147 14.5157 3.73261
708 -30.3585 14.4403 3.73007
709 -30.4023 14.3645 3.72833
710 -30.4599 14.2679 3.72591
711 -30.5134 14.178 3.72368
712 -30.5699 14.0835 3.72143
713 -30.632 13.9798 3.71767
714 -30.6949 13.8746 3.714
715 -30.7514 13.779 3.70967
716 -30.804 13.6883 3.70584
717 -30.8543 13.6001 3.7008
718 -30.9103 13.5019 3.69715
719 -30.9595 13.4146 3.69091
720 -31.0226 13.3031 3.686
721 -31.0741 13.211 3.68314
722 -31.1305 13.1086 3.67007
723 -31.1806 13.015 3.66347
724 -31.2337 12.9134 3.64913
725 -31.2851 12.8131 3.64129
726 -31.3296 12.7231 3.62976
727 -31.3645 12.6489 3.62114
728 -31.4045 12.5618 3.61299
729 -31.4426 12.4775 3.60117
730 -31.4816 12.3889 3.59293
731 -31.5211 12.2973 3.58079
732 -31.5572 12.2107 3.57236
733 -31.5979 12.1112 3.55909
734 -31.6339 12.0201 3.55004
735 -31.6608 11.9458 3.54693
736 -31.6903 11.8662 3.52535
737 -31.721 11.7775 3.52064
738 -31.7404 11.7194 3.49805
739 -31.7673 11.6315 3.49257
740 -31.7841 11.5723 3.48242
741 -31.7978 11.5164 3.46624
742 -31.8127 11.4541 3.45354
743 -31.8264 11.3931 3.43498
744 -31.8373 11.3344 3.41611
745 -31.8499 11.2659 3.402
746 -31.8593 11.2056 3.38214
747 -31.8691 11.1364 3.36787
748 -31.8778 11.0669 3.34796
749 -31.8839 11.0015 3.32703
750 -31.8911 10.9188 3.30576
751 -31.8934 10.8572 3.2915
752 -31.895 10.7918 3.27043
753 -31.8943 10.729 3.25596
754 -31.8949 10.6536 3.24148
755 -31.8932 10.5796 3.21222
756 -31.8946 10.5194 3.27468
757 -31.9116 10.4327 3.31623
758 -31.9071 10.3264 3.15407
759 -31.9046 10.2719 3.22184
760 -31.9158 10.198 3.26391
761 -31.9057 10.0999 3.09163
762 -31.8897 10.0293 3.07273
763 -31.8797 9.96251 3.15224
764 -31.8866 9.88406 3.19764
765 -31.8889 9.79899 3.19147
766 -31.8877 9.72029 3.17071
767 -31.886 9.63564 3.15515
768 -31.8831 9.53893 3.1419
769 -31.8783 9.45884 3.12447
770 -31.8718 9.37391 3.1039
771 -31.8638 9.27727 3.09033
772 -31.8548 9.1958 3.074
773 -31.8454 9.11682 3.05898
774 -31.8348 9.04003 3.04109
775 -31.8246 8.97299 3.02734
776 -31.8089 8.87681 3.00846
777 -31.7907 8.77984 2.993
778 -31.7707 8.68993 2.97073
779 -31.7483 8.58998 2.95636
780 -31.7235 8.49614 2.93248
781 -31.6965 8.39598 2.91581
782 -31.6697 8.30416 2.89893
783 -31.6432 8.22396 2.87521
784 -31.6097 8.1197 2.86047
785 -31.5754 8.02789 2.83665
786 -31.5423 7.94184 2.81801
787 -31.5092 7.85899 2.80133
788 -31.4711 7.76674 2.78498
789 -31.432 7.67806 2.76604
790 -31.3935 7.59369 2.7512
791 -31.3471 7.49899 2.7269
792 -31.2982 7.40178 2.71136
793 -31.2472 7.30792 2.68979
794 -31.198 7.22016 2.66997
795 -31.1509 7.13753 2.65665
796 -31.1029 7.05583 2.64256
797 -31.0536 6.97449 2.62842
798 -30.9937 6.88019 2.6086
799 -30.9168 6.85199 2.47723
800 -30.8617 6.97429 2.46696
801 -30.8048 7.05828 2.45987
802 -30.7474 7.10578 2.45485
803 -30.694 7.13244 2.44402
804 -30.6386 7.14403 2.43197
805 -30.5764 7.13877 2.42359
806 -30.5175 7.12845 2.40992
807 -30.4542 7.10531 2.40028
808 -30.3781 7.06542 2.38579
809 -30.3036 7.02764 2.37192
810 -30.2243 6.98239 2.35826
811 -30.1466 6.94005 2.34453
812 -30.0762 6.90545 2.33574
813 -29.9904 6.85548 2.32298
814 -29.92 6.82043 2.31048
815 -29.8442 6.7814 2.3015
816 -29.7614 6.73579 2.28943
817 -29.6835 6.69368 2.27719
818 -29.6038 6.6512 2.26866
819 -29.5255 6.60989 2.26105
820 -29.442 6.56482 2.25051
821 -29.352 6.51603 2.24104
822 -29.2673 6.47222 2.23273
823 -29.1791 6.42672 2.22693
824 -29.0931 6.38278 2.22029
825 -29.0021 6.33599 2.21471
826 -28.9028 6.28301 2.21114
827 -28.8118 6.23531 2.2078
828 -28.7161 6.18444 2.20534
829 -28.6273 6.13824 2.20425
830 -28.5219 6.07933 2.20379
831 -28.4313 6.02979 2.20394
832 -28.3397 5.97947 2.20408
833 -28.2483 5.92838 2.20536
834 -28.1577 5.87709 2.20612
835 -28.0545 5.81577 2.20771
836 -27.9665 5.76418 2.20896
837 -27.8745 5.70925 2.21162
838 -27.7836 5.6539 2.21435
839 -27.6907 5.59622 2.21584
840 -27.5904 5.53189 2.21864
841 -27.5017 5.47512 2.22183
842 -27.3955 5.40442 2.22262
843 -27.2978 5.33872 2.2248
844 -27.1991 5.27174 2.22701
845 -27.1062 5.20852 2.2279
846 -26.9986 5.13348 2.2299
847 -26.8997 5.064 2.23219
848 -26.8022 4.99517 2.23246
849 -26.6968 4.91951 2.23506
850 -26.6013 4.85061 2.23756
851 -26.5127 4.78704 2.23795
852 -26.4151 4.71591 2.24143
853 -26.3262 4.65077 2.24245
854 -26.2252 4.5756 2.24517
855 -26.131 4.50505 2.24545
856 -26.0292 4.42805 2.24747
857 -25.9434 4.36332 2.24834
858 -25.8461 4.28905 2.25174
859 -25.7396 4.20616 2.25459
860 -25.6441 4.13144 2.2575
861 -25.5613 4.06701 2.25844
862 -25.4777 4.00152 2.2632
863 -25.392 3.93403 2.26381
864 -25.315 3.87325 2.26492
865 -25.234 3.80886 2.26924
866 -25.1352 3.72937 2.26841
867 -25.054 3.66335 2.27358
868 -24.9983 3.61386 2.28571
869 -24.924 3.54634 2.2973
870 -24.849 3.47916 2.29888
871 -24.7704 3.4087 2.30005
872 -24.6896 3.33628 2.30064
873 -24.6128 3.26718 2.30147
874 -24.5362 3.19843 2.30193
875 -24.4141 3.11025 2.21956
876 -24.3444 3.0527 2.25905
877 -24.2386 2.97103 2.21651
878 -24.1507 2.9077 2.21321
879 -24.0669 2.8483 2.21336
880 -23.9825 2.78853 2.21449
881 -23.889 2.72174 2.21515
882 -23.79 2.64999 2.2158
883 -23.7049 2.58825 2.2168
884 -23.6062 2.51686 2.21749
885 -23.524 2.45745 2.21746
886 -23.4429 2.39992 2.21776
887 -23.3665 2.34571 2.21824
888 -23.2798 2.28328 2.21968
889 -23.2013 2.22659 2.21986
890 -23.1164 2.16515 2.22074
891 -23.0404 2.11022 2.22204
892 -22.9637 2.05523 2.22189
893 -22.8899 2.00222 2.2217
894 -22.7754 1.91937 2.20921
895 -22.6736 1.85187 2.21998
896 -22.5789 1.78404 2.21231
897 -22.4928 1.72791 2.2203
898 -22.4252 1.68014 2.22276
899 -22.36 1.63342 2.22284
900 -22.2798 1.57535 2.22299
901 -22.214 1.52727 2.22334
902 -22.1619 1.49016 2.22344
903 -22.0595 1.41617 2.21332
904 -21.9453 1.33725 2.21333
905 -21.8619 1.28182 2.22124
906 -21.8066 1.24302 2.22277
907 -21.7377 1.19336 2.22359
908 -21.6566 1.13379 2.21466
909 -21.547 1.05779 2.21331
910 -21.4403 0.98373 2.21484
911 -21.3384 0.912767 2.21527
912 -21.2361 0.841249 2.21546
913 -21.1263 0.763586 2.21597
914 -21.0365 0.700401 2.21633
915 -20.9474 0.638205 2.21683
916 -20.8804 0.593058 2.21738
917 -20.8111 0.543178 2.21804
918 -20.7278 0.484935 2.21862
919 -20.669 0.441838 2.21824
920 -20.5838 0.381446 2.21737
921 -20.4991 0.322131 2.21877
922 -20.4353 0.275344 2.22074
923 -20.3691 0.22616 2.22151
924 -20.319 0.189022 2.2217
925 -20.2559 0.142627 2.22249
926 -20.201 0.101758 2.22231
927 -20.1628 0.0739586 2.2229
928 -20.0984 0.0270776 2.2234
929 -20.034 -0.0214368 2.22382
930 -19.9814 -0.0610916 2.2242
931 -19.9287 -0.10037 2.2252
932 -19.8646 -0.148338 2.2254
933 -19.792 -0.203478 2.22483
934 -19.7362 -0.246379 2.22467
935 -19.6756 -0.292252 2.226
936 -19.6275 -0.328817 2.22691
937 -19.5742 -0.368731 2.22716
938 -19.5172 -0.411769 2.22741
939 -19.4418 -0.469284 2.2274
940 -19.385 -0.5136 2.22813
941 -19.3337 -0.552853 2.22858
942 -19.2742 -0.598336 2.2298
943 -19.2085 -0.649004 2.22945
944 -19.1529 -0.69235 2.23076
945 -19.0888 -0.741768 2.23055
946 -19.0345 -0.783991 2.23076
947 -18.9805 -0.825544 2.232
948 -18.9187 -0.873056 2.2317
949 -18.8514 -0.925223 2.23136
950 -18.7772 -0.983387 2.23232
951 -18.712 -1.03481 2.23195
952 -18.6283 -1.10034 2.23211
953 -18.5628 -1.15244 2.23146
954 -18.4886 -1.21052 2.23171
955 -18.4169 -1.26688 2.23105
956 -18.3434 -1.32468 2.23194
957 -18.2642 -1.3869 2.23095
958 -18.1708 -1.46031 2.23039
959 -18.0869 -1.52712 2.23098
960 -18.0159 -1.58351 2.2307
961 -17.9381 -1.6445 2.22977
962 -17.8533 -1.71131 2.23092
963 -17.7642 -1.78193 2.23197
964 -17.6623 -1.86276 2.23218
965 -17.5762 -1.93158 2.23104
966 -17.5009 -1.99141 2.23055
967 -17.4437 -2.03692 2.23177
968 -17.3631 -2.10005 2.23458
969 -17.2796 -2.16621 2.23383
970 -17.1919 -2.23627 2.23644
971 -17.1347 -2.28881 2.26558
972 -17.0551 -2.3632 2.29259
973 -16.971 -2.43789 2.29469
974 -16.8793 -2.51884 2.29461
975 -16.7786 -2.60774 2.29446
976 -16.6768 -2.69747 2.29407
977 -16.567 -2.79425 2.2939
978 -16.4601 -2.8883 2.29343
979 -16.3669 -2.97043 2.2933
980 -16.2753 -3.05101 2.29311
981 -16.1919 -3.12442 2.2929
982 -16.1086 -3.19768 2.29269
983 -16.0214 -3.27445 2.29272
984 -15.9349 -3.35054 2.29267
985 -15.8524 -3.42309 2.29254
986 -15.7641 -3.5007 2.29219
987 -15.6651 -3.58773 2.29206
988 -15.5978 -3.64683 2.29212
989 -15.5075 -3.72623 2.29206
990 -15.4051 -3.81626 2.29199
991 -15.3194 -3.89159 2.29207
992 -15.1814 -4.00651 2.27215
993 -15.0561 -4.11265 2.27895
994 -14.955 -4.19981 2.28592
995 -14.8601 -4.28381 2.29122
996 -14.7648 -4.3672 2.29086
997 -14.6765 -4.44413 2.28995
998 -14.5734 -4.5339 2.28904
999 -14.4705 -4.6231 2.28765
1000 -14.3735 -4.70713 2.28676
1001 -14.2554 -4.8056 2.26898
1002 -14.1312 -4.90979 2.26779
1003 -14.0155 -5.00728 2.26911
1004 -13.9055 -5.09986 2.26718
1005 -13.7888 -5.19836 2.26894
1006 -13.6896 -5.28211 2.26664
1007 -13.5852 -5.37025 2.26808
1008 -13.4822 -5.4576 2.26993
1009 -13.3908 -5.53472 2.26671
1010 -13.3025 -5.60959 2.27225
1011 -13.2191 -5.68089 2.27562
1012 -13.1399 -5.74803 2.27528
1013 -13.0558 -5.8191 2.27421
1014 -12.9658 -5.89509 2.27381
1015 -12.8684 -5.97733 2.27328
1016 -12.7765 -6.0545 2.27208
1017 -12.7143 -6.10681 2.2715
1018 -12.6289 -6.17847 2.27055
1019 -12.5536 -6.24147 2.26975
1020 -12.4682 -6.31298 2.26923
1021 -12.3932 -6.37563 2.26859
1022 -12.3146 -6.44121 2.26779
1023 -12.2292 -6.51237 2.26707
1024 -12.1319 -6.59331 2.26636
1025 -12.0575 -6.65499 2.26548
1026 -11.9769 -6.72191 2.26494
1027 -11.8935 -6.79098 2.26414
1028 -11.8163 -6.85469 2.26309
1029 -11.7372 -6.9199 2.26215
1030 -11.6561 -6.98675 2.26164
1031 -11.5735 -7.05467 2.26071
1032 -11.4867 -7.12599 2.26025
1033 -11.3976 -7.19912 2.25958
1034 -11.3152 -7.26663 2.25897
1035 -11.2351 -7.33209 2.25819
1036 -11.1507 -7.40108 2.25755
1037 -11.0685 -7.4681 2.25674
1038 -10.9882 -7.53343 2.25575
1039 -10.8973 -7.60738 2.25507
1040 -10.8052 -7.68211 2.25437
1041 -10.7564 -7.69158 2.11082
1042 -10.8322 -7.59994 2.10571
1043 -10.8778 -7.5353 2.11232
1044 -10.8869 -7.50001 2.11668
1045 -10.8643 -7.49202 2.12029
1046 -10.8395 -7.49037 2.12428
1047 -10.793 -7.50432 2.12612
1048 -10.7455 -7.52234 2.12852
1049 -10.6841 -7.55085 2.1294
1050 -10.6082 -7.58996 2.1312
1051 -10.5397 -7.6266 2.13299
1052 -10.471 -7.66318 2.13323
1053 -10.3931 -7.70643 2.13441
1054 -10.3179 -7.74867 2.13446
1055 -10.2402 -7.79247 2.13386
1056 -10.1569 -7.84049 2.13431
1057 -10.0964 -7.87455 2.1348
1058 -10.0107 -7.92336 2.13411
1059 -9.92224 -7.9754 2.13444
1060 -9.8322 -8.02871 2.13335
1061 -9.73994 -8.08374 2.13339
1062 -9.63853 -8.1448 2.13355
1063 -9.55249 -8.1967 2.13267
1064 -9.46584 -8.24836 2.13304
1065 -9.38717 -8.29506 2.13307
1066 -9.33298 -8.33342 2.17808
1067 -9.23502 -8.41364 2.21907
1068 -9.12087 -8.50069 2.22129
1069 -9.00808 -8.58594 2.22038
1070 -8.91097 -8.65906 2.21927
1071 -8.79647 -8.74521 2.21819
1072 -8.61623 -8.85879 2.12438
1073 -8.40667 -8.9903 2.11473
1074 -8.24588 -9.09314 2.11298
1075 -8.06805 -9.20521 2.11404
1076 -7.9262 -9.28748 2.1078
1077 -7.7756 -9.37457 2.1064
1078 -7.64212 -9.45085 2.10534
1079 -7.50476 -9.52828 2.10379
1080 -7.37038 -9.60409 2.1029
1081 -7.23192 -9.6821 2.10248
1082 -7.10638 -9.75272 2.10174
1083 -6.97018 -9.8289 2.10169
1084 -6.84814 -9.89712 2.10111
1085 -6.72721 -9.96444 2.10135
1086 -6.60422 -10.0324 2.1007
1087 -6.4875 -10.0973 2.10066
1088 -6.37517 -10.159 2.10056
1089 -6.25171 -10.2274 2.10049
1090 -6.14282 -10.2875 2.10044
1091 -6.01915 -10.3557 2.0999
1092 -5.9064 -10.4184 2.10022
1093 -5.79441 -10.4801 2.0999
1094 -5.67218 -10.5481 2.09967
1095 -5.55103 -10.6156 2.0997
1096 -5.44834 -10.6722 2.09921
1097 -5.3345 -10.7348 2.09917
1098 -5.20495 -10.8069 2.09824
1099 -5.07838 -10.8779 2.09882
1100 -4.97283 -10.937 2.09937
1101 -4.86661 -10.9956 2.09928
1102 -4.76302 -11.0526 2.09974
1103 -4.65303 -11.1134 2.09972
1104 -4.53792 -11.1778 2.10096
1105 -4.43942 -11.2326 2.1012
1106 -4.33014 -11.2934 2.1017
1107 -4.22906 -11.3497 2.10219
1108 -4.11944 -11.411 2.10275
1109 -4.02088 -11.4664 2.10315
1110 -3.92878 -11.5174 2.10337
1111 -3.82673 -11.5744 2.10396
1112 -3.74593 -11.6191 2.10438
1113 -3.65113 -11.6715 2.10474
1114 -3.54881 -11.729 2.10536
1115 -3.45149 -11.784 2.10598
1116 -3.34368 -11.8452 2.10686
1117 -3.23603 -11.9068 2.10671
1118 -3.15014 -11.9554 2.10671
1119 -3.0644 -12.0034 2.10762
1120 -2.98418 -12.048 2.10773
1121 -2.90949 -12.0894 2.10911
1122 -2.81111 -12.1478 2.11101
1123 -2.7129 -12.2064 2.10967
1124 -2.60974 -12.268 2.10997
1125 -2.51221 -12.3265 2.109
1126 -2.41596 -12.384 2.1087
1127 -2.31821 -12.4423 2.10656
1128 -2.23006 -12.4949 2.104
1129 -2.13715 -12.5495 2.10099
1130 -2.04168 -12.6057 2.09813
1131 -1.95047 -12.6593 2.0948
1132 -1.86047 -12.7119 2.09348
1133 -1.77799 -12.7598 2.08977
1134 -1.69217 -12.809 2.08528
1135 -1.6144 -12.8537 2.08316
1136 -1.53757 -12.897 2.07816
1137 -1.47796 -12.9306 2.07546
1138 -1.42826 -12.9576 2.06866
1139 -1.37756 -12.9846 2.06467
1140 -1.32905 -13.0104 2.06656
1141 -1.27086 -13.0411 2.06725
1142 -1.2178 -13.0695 2.06845
1143 -1.16653 -13.0966 2.06751
1144 -1.10759 -13.1278 2.06716
1145 -1.04025 -13.1637 2.06792
1146 -0.973714 -13.1993 2.06538
1147 -0.916949 -13.2297 2.0639
1148 -0.82985 -13.2752 2.05818
1149 -0.749747 -13.3172 2.04805
1150 -0.678715 -13.3536 2.03948
1151 -0.74163 -13.3016 1.98257
1152 -0.788497 -13.2564 1.97661
1153 -0.80413 -13.2307 1.97215
1154 -0.767571 -13.2351 1.94395
1155 -0.780641 -13.214 1.94012
1156 -0.79963 -13.1917 1.93796
1157 -0.816809 -13.1719 1.93401
1158 -0.835368 -13.1522 1.93173
1159 -0.835928 -13.1407 1.92565
1160 -0.832302 -13.1319 1.91925
1161 -0.83033 -13.1231 1.91246
1162 -0.821675 -13.117 1.9078
1163 -0.80621 -13.1142 1.90039
1164 -0.790799 -13.1115 1.89031
1165 -0.77851 -13.1078 1.8846
1166 -0.752352 -13.109 1.87486
1167 -0.745131 -13.105 1.87121
1168 -0.716111 -13.1077 1.86704
1169 -0.677822 -13.1131 1.84464
1170 -0.641 -13.1168 1.83081
1171 -0.593484 -13.1231 1.81564
1172 -0.542292 -13.1295 1.79945
1173 -0.484357 -13.1361 1.78212
1174 -0.424957 -13.1423 1.76297
1175 -0.376934 -13.1447 1.74367
1176 -0.355315 -13.1411 1.73038
1177 -0.308185 -13.1408 1.71398
1178 -0.258006 -13.1402 1.69547
1179 -0.201151 -13.14 1.67665
1180 -0.132838 -13.1395 1.65836
1181 -0.0580143 -13.1379 1.63789
1182 0.012344 -13.1343 1.60927
1183 0.0883027 -13.1281 1.58837
1184 0.15501 -13.1204 1.56262
1185 0.227524 -13.11 1.53924
1186 0.283399 -13.099 1.53145
1187 0.357149 -13.088 1.5186
1188 0.446061 -13.0733 1.482
1189 0.539934 -13.0544 1.45905
1190 0.620215 -13.0345 1.42771
1191 0.718441 -13.0072 1.39188
1192 0.806387 -12.9788 1.3632
1193 0.880935 -12.9507 1.34759
1194 0.979383 -12.9144 1.32369
1195 1.05206 -12.8897 1.4096
1196 1.16277 -12.8786 1.45209
1197 1.29287 -12.8328 1.23407
1198 1.38563 -12.7847 1.20228
1199 1.43481 -12.7503 1.30175
1200 1.50814 -12.7398 1.36916
1201 1.5966 -12.7201 1.3682
1202 1.71251 -12.6672 1.11739
1203 1.78348 -12.6185 1.22952
1204 1.87893 -12.5984 1.30825
1205 1.96329 -12.5726 1.29957
1206 2.0518 -12.5447 1.29091
1207 2.14344 -12.513 1.27181
1208 2.23315 -12.481 1.2579
1209 2.30207 -12.4548 1.24359
1210 2.38615 -12.4235 1.23411
1211 2.47526 -12.3877 1.21884
1212 2.5671 -12.3497 1.20571
1213 2.65364 -12.3127 1.19464
1214 2.73844 -12.2751 1.18227
1215 2.82359 -12.2355 1.16671
1216 2.90539 -12.1963 1.15351
1217 2.98423 -12.1567 1.13797
1218 3.06426 -12.1158 1.1252
1219 3.14207 -12.075 1.11401
1220 3.21959 -12.0334 1.10369
1221 3.28765 -11.9953 1.09009
1222 3.36711 -11.9503 1.07884
1223 3.44292 -11.9057 1.06686
1224 3.51617 -11.8615 1.05497
1225 3.58765 -11.8166 1.03973
1226 3.65699 -11.7722 1.02713
1227 3.71564 -11.7338 1.0174
1228 3.78627 -11.6874 1.00814
1229 3.86817 -11.6323 0.999923
1230 3.93472 -11.585 0.985024
1231 4.00629 -11.5341 0.975928
1232 4.0787 -11.4798 0.958488
1233 4.15351 -11.4233 0.949509
1234 4.23155 -11.3609 0.930908
1235 4.29893 -11.3053 0.916421
1236 4.36907 -11.2469 0.903778
1237 4.43551 -11.1898 0.890116
1238 4.50708 -11.1275 0.878871
1239 4.57003 -11.0696 0.862115
1240 4.62773 -11.0159 0.850001
1241 4.43453 -11.0487 0.771947
1242 4.28946 -11.0546 0.754133
1243 4.16684 -11.0552 0.749697
1244 4.07215 -11.0569 0.74501
1245 4.03183 -11.0275 0.736241
1246 3.99843 -10.9976 0.731282
1247 3.9825 -10.9559 0.723585
1248 3.96731 -10.9159 0.719195
1249 3.962 -10.8725 0.71125
1250 3.9666 -10.8226 0.703616
1251 3.98072 -10.7591 0.69591
1252 3.98597 -10.7104 0.691493
1253 4.00391 -10.653 0.684692
1254 4.03195 -10.5846 0.680909
1255 4.04482 -10.5359 0.677235
1256 4.0664 -10.475 0.671622
1257 4.09126 -10.4124 0.668443
1258 4.11868 -10.3478 0.665881
1259 4.14943 -10.279 0.664188
1260 4.18249 -10.2092 0.661326
1261 4.22461 -10.1294 0.660295
1262 4.25795 -10.0591 0.659173
1263 4.30304 -9.97785 0.657293
1264 4.34721 -9.89601 0.657187
1265 4.39589 -9.81006 0.656282
1266 4.45131 -9.71521 0.656532
1267 4.49292 -9.63631 0.653147
1268 4.52919 -9.55625 0.656173
1269 4.58357 -9.46722 0.656984
1270 4.63236 -9.38374 0.653873
1271 4.67956 -9.29487 0.658153
1272 4.7387 -9.20271 0.659154
1273 4.80827 -9.09891 0.660164
1274 4.86765 -9.00869 0.660606
1275 4.91409 -8.93367 0.65778
1276 4.95876 -8.85121 0.658306
1277 5.00836 -8.76615 0.659185
1278 5.06415 -8.67361 0.659916
1279 5.12651 -8.57438 0.66066
1280 5.19114 -8.47476 0.660766
1281 5.24487 -8.38961 0.662122
1282 5.30737 -8.29967 0.661084
1283 5.35497 -8.22374 0.660948
1284 5.40189 -8.14855 0.661031
1285 5.46787 -8.04964 0.660667
1286 5.54575 -7.93665 0.660568
1287 5.60582 -7.84748 0.660812
1288 5.66212 -7.76351 0.660978
1289 5.71947 -7.67871 0.663415
1290 5.77826 -7.59659 0.663852
1291 5.83521 -7.51754 0.663486
1292 5.89007 -7.44145 0.663485
1293 5.94224 -7.36928 0.665246
1294 5.997 -7.29402 0.66523
1295 6.03834 -7.23615 0.664579
1296 6.09235 -7.1617 0.665106
1297 6.13882 -7.09797 0.66592
1298 6.18054 -7.04042 0.666829
1299 6.24 -6.95885 0.659152
1300 6.31046 -6.85912 0.658489
1301 6.37345 -6.77063 0.664638
1302 6.43497 -6.68863 0.665257
1303 6.51047 -6.58767 0.65806
1304 6.59752 -6.4639 0.653193
1305 6.67627 -6.35244 0.651945
1306 6.75722 -6.23617 0.652796
1307 6.8266 -6.13758 0.65211
1308 6.89504 -6.0383 0.651891
1309 6.96765 -5.93581 0.651773
1310 7.05015 -5.81894 0.650564
1311 7.12178 -5.71845 0.650442
1312 7.19985 -5.60776 0.649227
1313 7.27183 -5.5052 0.649267
1314 7.35505 -5.38805 0.648929
1315 7.42266 -5.29165 0.647354
1316 7.48754 -5.19863 0.643673
1317 7.5575 -5.10278 0.644508
1318 7.62934 -5.00542 0.648481
1319 7.70886 -4.89558 0.646268
1320 7.80568 -4.76279 0.645026
1321 7.90722 -4.62471 0.644913
1322 7.98769 -4.51523 0.64521
1323 8.06008 -4.41351 0.643547
1324 8.13216 -4.31232 0.643145
1325 8.1998 -4.21731 0.642389
1326 8.26177 -4.12932 0.639997
1327 8.33809 -4.02566 0.637825
1328 8.41453 -3.92265 0.638915
1329 8.4951 -3.81463 0.640763
1330 8.57297 -3.71031 0.638646
1331 8.65749 -3.59757 0.640663
1332 8.73826 -3.4951 0.66209
1333 8.81037 -3.40931 0.680939
1334 8.89686 -3.30289 0.682193
1335 8.97762 -3.20297 0.681445
1336 9.05766 -3.10403 0.681242
1337 9.12829 -3.01643 0.68035
1338 9.19949 -2.92813 0.679737
1339 9.27263 -2.83735 0.679245
1340 9.35274 -2.73792 0.679046
1341 9.44477 -2.62345 0.678407
1342 9.52215 -2.52714 0.678026
1343 9.59686 -2.43399 0.677356
1344 9.67573 -2.33565 0.676977
1345 9.75452 -2.23722 0.676318
1346 9.84471 -2.12443 0.67569
1347 9.93566 -2.01038 0.674833
1348 10.0009 -1.92843 0.674169
1349 10.068 -1.84425 0.673885
1350 10.1356 -1.75927 0.673189
1351 10.2042 -1.67285 0.672348
1352 10.2783 -1.57962 0.672045
1353 10.3457 -1.49438 0.671252
1354 10.423 -1.39674 0.670441
1355 10.4908 -1.31095 0.669927
1356 10.5673 -1.21417 0.669695
1357 10.6398 -1.12216 0.668988
1358 10.6989 -1.04706 0.668436
1359 10.7554 -0.975271 0.667767
1360 10.8019 -0.91618 0.66736
1361 10.8609 -0.841059 0.667053
1362 10.9255 -0.758757 0.666259
1363 10.9843 -0.683685 0.665568
1364 11.0421 -0.609946 0.665459
1365 11.1014 -0.534186 0.665071
1366 11.1553 -0.465125 0.664397
1367 11.2172 -0.38584 0.66398
1368 11.2743 -0.312638 0.663357
1369 11.3279 -0.243696 0.66249
1370 11.3836 -0.172062 0.661907
1371 11.4403 -0.0990695 0.661197
1372 11.5048 -0.0158405 0.660531
1373 11.566 0.0632053 0.660128
1374 11.6181 0.13061 0.659358
1375 11.6806 0.211338 0.658954
1376 11.7401 0.288397 0.658639
1377 11.8051 0.372491 0.658088
1378 11.8584 0.441628 0.657583
1379 11.9093 0.507528 0.657507
1380 11.9653 0.580191 0.65713
1381 12.0242 0.656484 0.65717
1382 12.0702 0.716289 0.656937
1383 12.1218 0.783132 0.656845
1384 12.1698 0.845431 0.656972
1385 12.2189 0.909185 0.656675
1386 12.2742 0.98082 0.656752
1387 12.118 0.807714 0.524643
1388 11.9458 0.603279 0.608079
1389 11.9358 0.598056 0.568705
1390 11.8627 0.514735 0.577565
1391 11.8267 0.478743 0.588451
1392 11.815 0.472098 0.59483
1393 11.8135 0.476293 0.60205
1394 11.8192 0.488978 0.606179
1395 11.8346 0.514289 0.609092
1396 11.8623 0.553151 0.632762
1397 11.9146 0.618617 0.65349
1398 11.9644 0.683099 0.655377
1399 12.0197 0.754947 0.655651
1400 12.0537 0.804419 0.606341
1401 12.0918 0.856933 0.630024
1402 12.155 0.936538 0.653183
1403 12.2069 1.01376 0.600973
1404 12.2545 1.08436 0.598633
1405 12.3084 1.1641 0.599296
1406 12.3801 1.26211 0.626486
1407 12.4546 1.36602 0.601621
1408 12.5006 1.43261 0.599647
1409 12.5653 1.52814 0.59997
1410 12.6147 1.59993 0.600312
1411 12.6796 1.69582 0.59955
1412 12.747 1.79391 0.599777
1413 12.8211 1.894 0.626603
1414 12.8924 1.99329 0.601347
1415 12.9652 2.09939 0.599211
1416 13.0368 2.2034 0.598493
1417 13.113 2.31397 0.598675
1418 13.1806 2.41139 0.599666
1419 13.2555 2.52058 0.598754
1420 13.3181 2.61105 0.59811
1421 13.374 2.69255 0.598379
1422 13.4355 2.7821 0.600489
1423 13.5073 2.88666 0.600032
1424 13.5856 2.99957 0.600594
1425 13.6539 3.09729 0.600711
1426 13.7304 3.20735 0.602325
1427 13.8084 3.3189 0.603695
1428 13.8874 3.43201 0.60304
1429 13.9518 3.52286 0.605695
1430 14.0248 3.62755 0.605306
1431 14.0872 3.716 0.605532
1432 14.1533 3.81016 0.608128
1433 14.2259 3.91389 0.607698
1434 14.2956 4.01188 0.610339
1435 14.3756 4.12508 0.609735
1436 14.4484 4.2271 0.611634
1437 14.5214 4.32994 0.610979
1438 14.5979 4.43723 0.613343
1439 14.6624 4.52737 0.61396
1440 14.7316 4.62478 0.613596
1441 14.8148 4.74103 0.615661
1442 14.9076 4.86998 0.616646
1443 14.9795 4.96083 0.638796
1444 15.0636 5.06383 0.660183
1445 15.1494 5.17337 0.662427
1446 15.2316 5.2786 0.662772
1447 15.3134 5.38312 0.663243
1448 15.3959 5.48849 0.663635
1449 15.4758 5.59057 0.663931
1450 15.5613 5.70399 0.652791
1451 15.653 5.83559 0.616564
1452 15.7392 5.96091 0.616771
1453 15.8383 6.10396 0.619555
1454 15.938 6.24611 0.61977
1455 16.038 6.38707 0.623237
1456 16.1418 6.53219 0.624389
1457 16.2541 6.68779 0.626365
1458 16.3475 6.81564 0.629721
1459 16.4319 6.93166 0.628562
1460 16.518 7.0495 0.631155
1461 16.604 7.16644 0.633936
1462 16.6881 7.28005 0.636207
1463 16.7766 7.39958 0.635337
1464 16.8636 7.51275 0.650455
1465 16.9408 7.60868 0.664054
1466 17.0129 7.70042 0.665181
1467 17.0906 7.79941 0.665421
1468 17.1647 7.89364 0.665857
1469 17.2384 7.9874 0.665994
1470 17.3084 8.07661 0.66572
1471 17.3779 8.16506 0.665924
1472 17.4519 8.25927 0.665981
1473 17.5306 8.35952 0.665697
1474 17.6141 8.46589 0.665799
1475 17.6931 8.56658 0.665747
1476 17.7678 8.66195 0.665246
1477 17.851 8.76787 0.665477
1478 17.9394 8.88044 0.665833
1479 18.0144 8.97608 0.665631
1480 18.0955 9.07947 0.665535
1481 18.1536 9.15358 0.665326
1482 18.2114 9.22734 0.665296
1483 18.2814 9.31662 0.665058
1484 18.3556 9.41136 0.664758
1485 18.4328 9.50997 0.664834
1486 18.5103 9.6089 0.664672
1487 18.5887 9.70914 0.664397
1488 18.6654 9.8072 0.66426
1489 18.7371 9.89905 0.66389
1490 18.8075 9.98914 0.6639
1491 18.8797 10.0814 0.663869
1492 18.9541 10.1768 0.663366
1493 19.0255 10.2682 0.663423
1494 19.1004 10.3639 0.663763
1495 19.1709 10.4543 0.663536
1496 19.2423 10.5457 0.663509
1497 19.3091 10.6313 0.663275
1498 19.3779 10.7195 0.663104
1499 19.4475 10.8086 0.663087
1500 19.5223 10.9046 0.662672
1501 19.5906 10.9921 0.662812
1502 19.6649 11.0872 0.663157
1503 19.7361 11.1788 0.662637
1504 19.8142 11.2789 0.662636
1505 19.8842 11.3685 0.663038
1506 19.9546 11.4588 0.662908
1507 20.0296 11.5546 0.663611
1508 20.0984 11.6427 0.663574
1509 20.1709 11.7354 0.663704
1510 20.2387 11.8222 0.663967
1511 20.3113 11.915 0.664076
1512 20.3808 12.004 0.663645
1513 20.4468 12.0887 0.663526
1514 20.4417 12.0959 0.615312
1515 20.4753 12.1529 0.601029
1516 20.5069 12.2065 0.59852
1517 20.5412 12.2634 0.596869
1518 20.584 12.3325 0.595377
1519 20.6296 12.404 0.593619
1520 20.6721 12.4731 0.590545
1521 20.719 12.547 0.588887
1522 20.7619 12.6156 0.587161
1523 20.8105 12.6938 0.581323
1524 20.8694 12.7855 0.579773
1525 20.9149 12.8589 0.578472
1526 20.9572 12.9273 0.576855
1527 21.0134 13.0169 0.574703
1528 21.0671 13.1026 0.573591
1529 21.1129 13.1767 0.572368
1530 21.167 13.2633 0.570669
1531 21.2139 13.3391 0.570167
1532 21.2634 13.4188 0.569719
1533 21.3175 13.5052 0.568081
1534 21.3737 13.5945 0.56754
1535 21.4193 13.6684 0.566973
1536 21.4745 13.7562 0.565888
1537 21.5312 13.8473 0.565647
1538 21.588 13.9377 0.564259
1539 21.6382 14.0183 0.563472
