0 28.8517 31.085 3.65726
1 28.8136 31.0178 3.65741
2 28.7759 30.9511 3.657
3 28.7281 30.8668 3.65662
4 28.6818 30.7852 3.65763
5 28.6367 30.7052 3.65634
6 28.6017 30.6434 3.65648
7 28.5652 30.5788 3.65599
8 28.5124 30.4854 3.65611
9 28.4656 30.4027 3.65646
10 28.4219 30.3251 3.65535
11 28.3812 30.2529 3.65496
12 28.3136 30.1328 3.65459
13 28.2572 30.0326 3.65429
14 28.2158 29.9587 3.65379
15 28.1595 29.8585 3.65361
16 28.104 29.7601 3.65406
17 28.0503 29.6639 3.65261
18 28.003 29.5792 3.65171
19 27.9563 29.4955 3.65136
20 27.8961 29.3877 3.65083
21 27.8517 29.3076 3.64964
22 27.8132 29.2384 3.64947
23 27.7725 29.1653 3.64929
24 27.7096 29.0514 3.64753
25 27.6648 28.9704 3.6474
26 27.6296 28.9063 3.64603
27 27.5877 28.8303 3.64526
28 27.5393 28.7423 3.64527
29 27.4901 28.6526 3.64412
30 27.4474 28.5741 3.64205
31 27.465 28.6243 3.73689
32 27.3326 28.4097 3.64193
33 27.285 28.3162 3.63955
34 27.2907 28.3465 3.73446
35 27.2474 28.2949 3.736
36 27.149 28.1392 3.63947
37 27.1032 28.0515 3.63939
38 27.0911 28.0528 3.73243
39 26.9912 27.89 3.63902
40 26.9878 27.8979 3.73242
41 26.9335 27.8283 3.73384
42 26.8355 27.6712 3.63795
43 26.8143 27.6511 3.72812
44 26.7536 27.5714 3.72986
45 26.6936 27.492 3.72752
46 26.6338 27.4132 3.7262
47 26.5724 27.3314 3.72563
48 26.5085 27.2455 3.72686
49 26.4421 27.1543 3.72536
50 26.3762 27.0632 3.72409
51 26.3144 26.9781 3.72286
52 26.2475 26.8845 3.72104
53 26.1868 26.8011 3.72066
54 26.1147 26.6991 3.72158
55 26.033 26.5588 3.63693
56 25.9737 26.4409 3.63671
57 25.9284 26.3552 3.63485
58 25.8818 26.2688 3.6353
59 25.8585 26.2546 3.7242
60 25.7707 26.1087 3.63336
61 25.7257 26.0157 3.63265
62 25.6805 25.9302 3.63244
63 25.6335 25.8417 3.63111
64 25.5886 25.7577 3.63166
65 25.5407 25.6679 3.6316
66 25.4926 25.5774 3.6308
67 25.4383 25.475 3.63004
68 25.3904 25.385 3.63064
69 25.3379 25.2865 3.63059
70 25.2895 25.1954 3.63008
71 25.2281 25.0796 3.62939
72 25.1745 24.9784 3.62894
73 25.1307 24.8956 3.62901
74 25.0891 24.8169 3.62836
75 25.0414 24.7265 3.62741
76 25.0319 24.7853 3.88015
77 25.1633 25.0636 3.62604
78 25.1339 24.9851 3.62462
79 25.0926 24.9596 3.82389
80 25.1432 25.075 3.62287
81 25.1057 24.9844 3.62153
82 25.0591 24.8924 3.62027
83 25.0157 24.8082 3.61972
84 24.9761 24.7754 3.8008
85 25.0338 24.8945 3.61746
86 24.9965 24.8466 3.77968
87 25.012 24.9057 3.77428
88 25.0173 24.9428 3.76356
89 25.0325 24.9758 3.61312
90 24.9803 24.8985 3.74511
91 24.9597 24.8839 3.74302
92 24.9377 24.8643 3.73545
93 24.9089 24.8317 3.72917
94 24.8848 24.8031 3.72207
95 24.8482 24.7538 3.71153
96 24.8113 24.7005 3.70619
97 24.7775 24.6508 3.70065
98 24.7584 24.609 3.60038
99 24.7219 24.524 3.59863
100 24.6837 24.4446 3.59694
101 24.6376 24.3497 3.59518
102 24.599 24.2701 3.59441
103 24.5548 24.1786 3.59306
104 24.5144 24.0946 3.59122
105 24.4286 23.9815 3.80039
106 24.3091 23.8224 3.80168
107 24.1871 23.6568 3.77758
108 24.0621 23.5007 3.79358
109 23.9541 23.3592 3.7868
110 23.8605 23.2367 3.78286
111 23.7832 23.1389 3.75861
112 23.6682 22.9959 3.75133
113 23.5555 22.8531 3.76799
114 23.46 22.7236 3.73986
115 23.3598 22.5931 3.75639
116 23.2812 22.4915 3.73104
117 23.182 22.3622 3.74618
118 23.0918 22.2365 3.73852
119 23.0188 22.136 3.7135
120 22.9332 22.0224 3.70652
121 22.8513 21.9126 3.70271
122 22.7736 21.8086 3.69682
123 22.6885 21.6903 3.69064
124 22.6103 21.5795 3.68627
125 22.5265 21.4582 3.67987
126 22.4532 21.3513 3.6759
127 22.3723 21.2311 3.66995
128 22.2999 21.1223 3.66499
129 22.2261 21.01 3.66119
130 22.1429 20.8784 3.656
131 22.0699 20.7617 3.65287
132 21.9956 20.6425 3.64784
133 21.9142 20.508 3.64363
134 21.8435 20.3901 3.64114
135 21.7695 20.2656 3.63841
136 21.7029 20.1557 3.6341
137 21.6496 20.0737 3.63354
138 21.5926 19.985 3.63164
139 21.5217 19.8682 3.63026
140 21.4397 19.7272 3.62805
141 21.3711 19.6101 3.62648
142 21.2996 19.4783 3.60829
143 21.237 19.3599 3.60733
144 21.1748 19.243 3.60767
145 21.1108 19.1214 3.60775
146 21.0508 19.0073 3.60622
147 20.9789 18.8705 3.60763
148 20.9226 18.7629 3.60627
149 20.8393 18.6035 3.62284
150 20.7692 18.4654 3.62369
151 20.7052 18.3391 3.62499
152 20.6359 18.2042 3.62565
153 20.5686 18.0719 3.62692
154 20.5046 17.9474 3.6281
155 20.4355 17.814 3.62747
156 20.3773 17.7004 3.62586
157 20.3105 17.5721 3.62901
158 20.2501 17.4548 3.62862
159 20.1866 17.333 3.63034
160 20.1146 17.1945 3.63073
161 20.0523 17.0732 3.63118
162 19.9886 16.951 3.63124
163 19.9176 16.8144 3.63111
164 19.8529 16.6886 3.63148
165 19.7785 16.5451 3.63059
166 19.7156 16.4225 3.63071
167 19.6512 16.2984 3.62953
168 19.5898 16.1797 3.62975
169 19.5206 16.0469 3.62983
170 19.4602 15.9294 3.63035
171 19.4004 15.8142 3.62945
172 19.3336 15.686 3.63108
173 19.2751 15.5721 3.62987
174 19.2053 15.438 3.62957
175 19.1357 15.3025 3.62878
176 19.0707 15.1761 3.62869
177 19.0129 15.0637 3.62917
178 18.9399 14.9232 3.62646
179 18.892 14.8288 3.62383
180 18.8329 14.7161 3.62797
181 18.7842 14.6304 3.63293
182 18.7116 14.4953 3.63055
183 18.6627 14.4077 3.63672
184 18.5961 14.2838 3.62988
185 18.5468 14.1959 3.63616
186 18.5254 14.1882 3.65593
187 18.5049 14.1841 3.65712
188 18.4495 14.0962 3.64332
189 18.384 13.9797 3.63783
190 18.334 13.904 3.66455
191 18.2945 13.8556 3.66479
192 18.2548 13.8016 3.6656
193 18.2044 13.7278 3.66576
194 18.1568 13.6554 3.66556
195 18.1081 13.5806 3.66519
196 18.0493 13.4869 3.66521
197 17.9946 13.3983 3.66592
198 17.941 13.3119 3.66594
199 17.884 13.2188 3.66623
200 17.8234 13.1185 3.66663
201 17.7658 13.0233 3.6668
202 17.7126 12.9354 3.66733
203 17.6509 12.8341 3.6673
204 17.586 12.7235 3.66678
205 17.5267 12.6233 3.66754
206 17.465 12.5184 3.66636
207 17.418 12.4341 3.66245
208 17.3755 12.3553 3.65873
209 17.3407 12.2779 3.57391
210 17.2904 12.1579 3.57451
211 17.237 12.0413 3.5749
212 17.1741 11.9054 3.57513
213 17.1133 11.7743 3.57552
214 17.058 11.6553 3.57585
215 17.0031 11.5371 3.57615
216 16.9459 11.4137 3.57625
217 16.8902 11.2942 3.57676
218 16.8335 11.1726 3.57754
219 16.7774 11.0524 3.57775
220 16.7157 10.9204 3.5783
221 16.6574 10.7957 3.57877
222 16.5957 10.6639 3.57904
223 16.532 10.5283 3.57985
224 16.4718 10.4003 3.5806
225 16.4086 10.2661 3.58104
226 16.3345 10.1092 3.58213
227 16.2677 9.96771 3.58236
228 16.2006 9.82567 3.58254
229 16.1385 9.69413 3.58286
230 16.0828 9.61718 3.68171
231 16.0698 9.61681 3.68449
232 16.05 9.60106 3.68098
233 16.0143 9.55384 3.67755
234 15.9752 9.49616 3.67522
235 15.9401 9.44236 3.6728
236 15.8939 9.36869 3.6709
237 15.8512 9.29863 3.66884
238 15.8064 9.2244 3.66821
239 15.7434 9.1179 3.66729
240 15.6934 9.03131 3.66911
241 15.6437 8.94397 3.66252
242 15.5944 8.85658 3.65999
243 15.5379 8.75571 3.65636
244 15.5135 8.7093 3.64637
245 15.4684 8.63329 3.64646
246 15.4189 8.54927 3.64491
247 15.3619 8.45153 3.64406
248 15.3007 8.34547 3.64345
249 15.2426 8.24452 3.64213
250 15.1716 8.12001 3.64164
251 15.1119 8.01521 3.64051
252 15.0596 7.92263 3.64123
253 15.0061 7.82691 3.64065
254 14.9457 7.71847 3.64076
255 14.8884 7.61549 3.64059
256 14.8345 7.51869 3.64047
257 14.7766 7.41473 3.64018
258 14.702 7.28444 3.63731
259 14.6347 7.16734 3.63358
260 14.5815 7.07251 3.63945
261 14.5255 6.97155 3.6388
262 14.4695 6.87054 3.63859
263 14.4088 6.76044 3.63816
264 14.3514 6.65608 3.63797
265 14.29 6.54468 3.63798
266 14.2349 6.44436 3.63749
267 14.1791 6.34295 3.63741
268 14.1186 6.23261 3.63664
269 14.0653 6.13532 3.63636
270 14.0112 6.03672 3.63632
271 13.9586 5.94069 3.63574
272 13.9012 5.83571 3.63532
273 13.839 5.72133 3.63546
274 13.7822 5.61687 3.63549
275 13.7177 5.49841 3.63582
276 13.6657 5.4024 3.63577
277 13.6081 5.29699 3.63641
278 13.5475 5.186 3.63702
279 13.4866 5.07432 3.63786
280 13.4268 4.96491 3.63887
281 13.3692 4.85973 3.63966
282 13.3147 4.76042 3.64007
283 13.2537 4.64981 3.64193
284 13.1922 4.54061 3.65058
285 13.1256 4.41753 3.64573
286 13.0654 4.30939 3.64819
287 13.007 4.20707 3.65526
288 12.9456 4.09517 3.65169
289 12.8893 3.99598 3.65405
290 12.8351 3.90094 3.65502
291 12.7788 3.8029 3.66045
292 12.7242 3.70844 3.66279
293 12.6665 3.60972 3.66861
294 12.6102 3.51406 3.67171
295 12.5529 3.41775 3.67629
296 12.5079 3.34268 3.67977
297 12.4598 3.26343 3.68353
298 12.4034 3.17143 3.68937
299 12.348 3.08187 3.69343
300 12.2977 3.0015 3.69822
301 12.2417 2.91308 3.70024
302 12.1857 2.82598 3.71346
303 12.1314 2.74226 3.7114
304 12.0838 2.67013 3.72023
305 12.0277 2.58708 3.73058
306 11.9756 2.51135 3.73973
307 11.9233 2.43741 3.75208
308 11.8706 2.36518 3.76537
309 11.8152 2.29149 3.78008
310 11.7602 2.22041 3.79233
311 11.7059 2.15283 3.80884
312 11.6561 2.09269 3.82108
313 11.6136 2.04366 3.82382
314 11.57 1.99627 3.84991
315 11.5249 1.94904 3.86178
316 11.4846 1.90816 3.8731
317 11.4404 1.86495 3.89451
318 11.3986 1.82549 3.90631
319 11.3476 1.77599 3.92879
320 11.3086 1.74247 3.93445
321 11.2639 1.7041 3.95133
322 11.2147 1.66221 3.96254
323 11.1668 1.62253 3.97914
324 11.1241 1.58959 3.99026
325 11.0831 1.55902 4.00635
326 11.0361 1.52394 4.01719
327 10.9892 1.49095 4.0276
328 10.938 1.45299 4.05304
329 10.9076 1.43621 4.05311
330 10.8599 1.40514 4.06279
331 10.8176 1.37824 4.07754
332 10.7726 1.35122 4.08754
333 10.7326 1.32723 4.097
334 10.6857 1.30001 4.11088
335 10.6472 1.28029 4.11978
336 10.6024 1.25533 4.12864
337 10.5577 1.23198 4.13757
338 10.5062 1.20507 4.15094
339 10.4566 1.17986 4.16445
340 10.4169 1.16238 4.17346
341 10.3652 1.13821 4.18658
342 10.3208 1.11901 4.19526
343 10.2685 1.09494 4.20381
344 10.2167 1.07266 4.21723
345 10.1591 1.04489 4.24663
346 10.1183 1.03198 4.23521
347 10.0691 1.01339 4.24419
348 10.0158 0.993114 4.25856
349 9.95519 0.969196 4.26771
350 9.90321 0.950317 4.27736
351 9.84259 0.928358 4.29266
352 9.78508 0.909073 4.30214
353 9.72869 0.8908 4.31145
354 9.66974 0.871939 4.32076
355 9.60919 0.852914 4.32986
356 9.53807 0.826582 4.37315
357 9.46633 0.802005 4.38212
358 9.39167 0.776759 4.38891
359 9.25463 0.675961 4.31922
360 9.21914 0.674042 4.40458
361 9.15088 0.654795 4.40967
362 9.01494 0.565351 4.34182
363 8.98268 0.566947 4.41879
364 8.90912 0.547371 4.42123
365 8.82562 0.523116 4.42566
366 8.74359 0.498199 4.4267
367 8.64653 0.462821 4.31232
368 8.61464 0.447653 4.31767
369 8.57387 0.431193 4.3296
370 8.52631 0.413221 4.34238
371 8.47131 0.393108 4.35483
372 8.41828 0.37419 4.36147
373 8.36375 0.355756 4.37517
374 8.31108 0.3388 4.38773
375 8.24844 0.319128 4.40062
376 8.18152 0.299437 4.41475
377 8.12155 0.282914 4.42812
378 8.07378 0.270754 4.43902
379 8.02719 0.258797 4.44949
380 7.97851 0.246437 4.45654
381 7.93419 0.236605 4.47497
382 7.88703 0.225785 4.47968
383 7.84312 0.216318 4.48928
384 7.78474 0.203837 4.50009
385 7.71953 0.191147 4.51154
386 7.66606 0.18183 4.52271
387 7.60979 0.172053 4.53178
388 7.54415 0.161408 4.54552
389 7.48937 0.154165 4.55939
390 7.43015 0.146418 4.57105
391 7.37037 0.139426 4.58387
392 7.31002 0.132991 4.59621
393 7.33689 0.161965 4.66905
394 7.36719 0.202391 4.678
395 7.34223 0.221674 4.6263
396 7.28242 0.216554 4.63827
397 7.2782 0.236407 4.71206
398 7.2442 0.252955 4.66216
399 7.18532 0.250075 4.67401
400 7.12234 0.248774 4.68513
401 7.0558 0.248545 4.69808
402 6.99521 0.249387 4.71147
403 6.93962 0.250564 4.71979
404 6.88864 0.251943 4.72827
405 6.83668 0.253256 4.73286
406 6.78082 0.255176 4.74106
407 6.72389 0.257731 4.74908
408 6.66404 0.261006 4.75779
409 6.59716 0.264808 4.76619
410 6.51018 0.270641 4.7761
411 6.42913 0.278087 4.78971
412 6.36724 0.284425 4.79719
413 6.30934 0.289773 4.79936
414 6.23418 0.298041 4.81504
415 6.1633 0.306217 4.81984
416 6.09416 0.314927 4.82882
417 6.01828 0.3257 4.84216
418 5.93814 0.33793 4.85448
419 5.86091 0.350432 4.8628
420 5.78151 0.364256 4.87404
421 5.70491 0.377729 4.87957
422 5.62746 0.392177 4.88875
423 5.5256 0.411798 4.89814
424 5.43718 0.431219 4.91234
425 5.33725 0.453109 4.92083
426 5.24288 0.474987 4.92943
427 5.14528 0.498058 4.9373
428 5.0562 0.520249 4.94507
429 4.96872 0.542279 4.95218
430 4.87848 0.565663 4.95834
431 4.79275 0.588417 4.96448
432 4.69537 0.614563 4.97035
433 4.60343 0.63992 4.97529
434 4.48868 0.671697 4.9807
435 4.39694 0.698403 4.9861
436 4.29093 0.729201 4.99143
437 4.19122 0.759042 4.99708
438 4.09515 0.788321 5.00235
439 3.99325 0.819847 5.00745
440 3.86631 0.859547 5.01301
441 3.76465 0.892647 5.01832
442 3.66109 0.926577 5.02356
443 3.55124 0.963036 5.02884
444 3.43889 1.00113 5.03372
445 3.52763 1.06016 5.16704
446 3.68758 1.13721 5.16861
447 3.78302 1.21689 5.16411
448 3.81124 1.30399 5.1736
449 3.86912 1.39163 5.17038
450 3.84993 1.48901 5.16937
451 3.82255 1.57508 5.16759
452 3.76222 1.66535 5.16716
453 3.6816 1.75765 5.16755
454 3.60864 1.8411 5.16709
455 3.51836 1.92845 5.16654
456 3.43157 2.00899 5.1675
457 3.34515 2.08757 5.16742
458 3.25842 2.16179 5.16759
459 3.16655 2.23782 5.16777
460 3.04918 2.32447 5.16824
461 2.93631 2.40502 5.16835
462 2.81029 2.49132 5.16909
463 2.7005 2.56787 5.16934
464 2.60579 2.63661 5.17308
465 2.46851 2.7183 5.17074
466 2.3473 2.8058 5.17082
467 2.24781 2.8729 5.17092
468 2.13484 2.94099 5.17045
469 2.00646 3.02322 5.17076
470 1.88004 3.10156 5.16977
471 1.7643 3.17676 5.17393
472 1.66411 3.23979 5.17404
473 1.56135 3.30268 5.17426
474 1.44697 3.37094 5.17462
475 1.34275 3.43392 5.17501
476 1.23401 3.4986 5.17525
477 1.13504 3.55775 5.1754
478 1.03917 3.61541 5.17564
479 0.939428 3.67458 5.17567
480 0.829094 3.73866 5.1758
481 0.723451 3.79959 5.17607
482 0.608079 3.86474 5.17609
483 0.500645 3.92616 5.17775
484 0.378162 3.99214 5.17749
485 0.270983 4.05029 5.17735
486 0.163231 4.1092 5.17878
487 0.0452213 4.1731 5.17937
488 -0.0579975 4.22903 5.17876
489 -0.177373 4.29338 5.17931
490 -0.294493 4.35593 5.17808
491 -0.380836 4.40389 5.18147
492 -0.459752 4.454 5.17986
493 -0.568568 4.51305 5.17978
494 -0.682878 4.57877 5.18082
495 -0.77832 4.63009 5.18156
496 -0.867848 4.68294 5.18189
497 -0.976537 4.74104 5.18016
498 -1.08533 4.79894 5.18104
499 -1.20246 4.86105 5.18022
500 -1.32758 4.92662 5.18039
501 -1.44304 4.989 5.18726
502 -1.54515 5.04694 5.18157
503 -1.6672 5.11195 5.18661
504 -1.77536 5.17388 5.18778
505 -1.87986 5.23353 5.18743
506 -2.0046 5.3031 5.18823
507 -2.11016 5.36241 5.18877
508 -2.22441 5.42481 5.18148
509 -2.35537 5.49422 5.18921
510 -2.48496 5.56379 5.18337
511 -2.61718 5.63113 5.18031
512 -2.7716 5.70945 5.17988
513 -2.8929 5.77306 5.1921
514 -3.0079 5.83749 5.19321
515 -3.11331 5.89654 5.19423
516 -3.24581 5.96986 5.19355
517 -3.37726 6.04172 5.195
518 -3.53348 6.12309 5.1834
519 -3.67692 6.19427 5.17943
520 -3.81506 6.2634 5.18168
521 -3.96377 6.33346 5.13995
522 -4.09215 6.38943 5.14058
523 -4.21932 6.44752 5.14167
524 -4.3469 6.5158 5.18498
525 -4.49176 6.59099 5.17623
526 -4.57962 6.6439 5.20343
527 -4.67043 6.70133 5.20462
528 -4.76649 6.76026 5.20424
529 -4.9115 6.84434 5.20801
530 -5.02423 6.90715 5.21549
531 -5.15909 6.98419 5.21097
532 -5.27891 7.04875 5.20893
533 -5.39196 7.11071 5.20854
534 -5.53477 7.18845 5.21245
535 -5.66286 7.25694 5.2129
536 -5.78866 7.32481 5.21331
537 -5.92262 7.3966 5.21612
538 -6.06965 7.47605 5.21754
539 -6.21383 7.54624 5.15465
540 -6.34352 7.60314 5.15558
541 -6.47306 7.66461 5.15696
542 -6.6181 7.73409 5.15829
543 -6.75115 7.79784 5.15866
544 -6.88317 7.86153 5.1604
545 -7.04086 7.93758 5.16121
546 -7.19573 8.01246 5.16192
547 -7.34666 8.08589 5.1636
548 -7.47918 8.15054 5.16468
549 -7.61595 8.21725 5.16542
550 -7.7552 8.28552 5.16694
551 -7.89463 8.354 5.16788
552 -8.03381 8.42252 5.16886
553 -8.1743 8.49189 5.17004
554 -8.31289 8.56036 5.17054
555 -8.46571 8.63604 5.17154
556 -8.62328 8.71429 5.1725
557 -8.7769 8.79065 5.173
558 -8.8869 8.86163 5.25185
559 -9.04813 8.94647 5.17518
560 -9.21213 9.02303 5.17585
561 -9.33225 9.1007 5.25352
562 -9.46998 9.18223 5.25927
563 -9.61491 9.26866 5.26144
564 -9.75455 9.3544 5.27575
565 -9.80606 9.39779 5.26211
566 -9.93605 9.4785 5.27691
567 -9.97166 9.51809 5.26977
568 -10.0942 9.6023 5.27339
569 -10.203 9.67585 5.27304
570 -10.3449 9.75985 5.27026
571 -10.5136 9.85994 5.27042
572 -10.6662 9.94829 5.27233
573 -10.8277 10.0427 5.26966
574 -10.9744 10.1271 5.26748
575 -11.1209 10.2113 5.26213
576 -11.2639 10.293 5.25707
577 -11.3781 10.3652 5.2814
578 -11.489 10.4397 5.27643
579 -11.6381 10.5257 5.27185
580 -11.796 10.6085 5.19041
581 -11.9244 10.6693 5.19044
582 -12.0498 10.7335 5.18976
583 -12.1775 10.7995 5.18973
584 -12.2984 10.8804 5.27417
585 -12.4249 10.9619 5.27689
586 -12.5391 11.0354 5.27695
587 -12.676 11.123 5.27664
588 -12.7893 11.1986 5.28297
589 -12.8759 11.2618 5.27819
590 -13.0099 11.3482 5.27649
591 -13.1125 11.4156 5.28366
592 -13.2223 11.4929 5.27811
593 -13.346 11.5706 5.27577
594 -13.4844 11.6581 5.27578
595 -13.5998 11.732 5.28173
596 -13.7111 11.809 5.27685
597 -13.833 11.8874 5.28162
598 -13.9399 11.9625 5.28211
599 -14.052 12.0386 5.27696
600 -14.1732 12.1143 5.27518
601 -14.2768 12.1809 5.28016
602 -14.3716 12.2468 5.28029
603 -14.4819 12.3222 5.2796
604 -14.5858 12.3924 5.27727
605 -14.736 12.486 5.27535
606 -14.8693 12.5674 5.27444
607 -14.9977 12.6476 5.27855
608 -15.1008 12.7161 5.27703
609 -15.2567 12.814 5.27862
610 -15.3757 12.8923 5.27864
611 -15.4932 12.9697 5.27764
612 -15.6103 13.0463 5.27587
613 -15.7429 13.1277 5.27685
614 -15.8538 13.2007 5.2779
615 -15.9614 13.2714 5.27763
616 -16.0751 13.346 5.27746
617 -16.1877 13.4193 5.27688
618 -16.3132 13.4956 5.27609
619 -16.414 13.5616 5.27669
620 -16.5308 13.6376 5.27604
621 -16.6482 13.7131 5.2753
622 -16.7548 13.7816 5.27508
623 -16.8526 13.8445 5.2745
624 -16.9561 13.9113 5.27442
625 -17.0752 13.9876 5.27421
626 -17.1776 14.0526 5.27374
627 -17.2716 14.1127 5.27359
628 -17.3757 14.179 5.27222
629 -17.4741 14.2449 5.27473
630 -17.5783 14.3137 5.27696
631 -17.6732 14.3788 5.27662
632 -17.7649 14.4413 5.27457
633 -17.8493 14.5 5.27483
634 -17.9295 14.5558 5.27612
635 -18.0149 14.6142 5.27542
636 -18.0985 14.671 5.27417
637 -18.1908 14.7331 5.27364
638 -18.2823 14.7944 5.27312
639 -18.3635 14.8491 5.27278
640 -18.4611 14.914 5.27248
641 -18.5615 14.9801 5.27142
642 -18.6328 15.0278 5.27077
643 -18.6908 15.0677 5.27008
644 -18.7722 15.1224 5.2701
645 -18.8687 15.1843 5.26884
646 -18.9678 15.2473 5.26706
647 -19.0656 15.3091 5.26595
648 -19.1539 15.3649 5.26555
649 -19.2251 15.4097 5.26452
650 -19.3168 15.4672 5.26344
651 -19.3965 15.5165 5.26253
652 -19.4756 15.5656 5.26168
653 -19.5633 15.6199 5.26104
654 -19.6496 15.6729 5.26014
655 -19.7282 15.721 5.25957
656 -19.8065 15.7692 5.259
657 -19.8893 15.8201 5.25844
658 -19.9832 15.8774 5.25808
659 -20.0671 15.9279 5.25687
660 -20.16 15.9842 5.25613
661 -20.2494 16.0379 5.25499
662 -20.3573 16.1026 5.25346
663 -20.4589 16.1626 5.25265
664 -20.5536 16.2185 5.2511
665 -20.6635 16.2833 5.24935
666 -20.7668 16.3437 5.24836
667 -20.8755 16.4069 5.24671
668 -20.9895 16.4731 5.24515
669 -21.1035 16.5385 5.24326
670 -21.2283 16.61 5.24142
671 -21.3324 16.6688 5.23993
672 -21.4392 16.7294 5.23774
673 -21.5525 16.7935 5.23641
674 -21.6681 16.8582 5.23374
675 -21.7909 16.9265 5.23171
676 -21.9144 16.9949 5.23044
677 -22.023 17.0542 5.22766
678 -22.1344 17.1153 5.22547
679 -22.2483 17.1775 5.22393
680 -22.3657 17.2411 5.22142
681 -22.478 17.3013 5.21886
682 -22.5867 17.3596 5.21733
683 -22.6905 17.4154 5.21967
684 -22.8093 17.4768 5.21596
685 -22.931 17.5397 5.21359
686 -23.0655 17.6087 5.20951
687 -23.2016 17.6772 5.20522
688 -23.3515 17.7519 5.1996
689 -23.5055 17.8267 5.19222
690 -23.6559 17.898 5.18396
691 -23.7973 17.9637 5.17528
692 -23.9308 18.0247 5.16675
693 -24.0684 18.0867 5.15835
694 -24.2121 18.1499 5.1479
695 -24.3399 18.2039 5.13672
696 -24.4667 18.2566 5.12488
697 -24.5971 18.3093 5.112
698 -24.7276 18.3604 5.10091
699 -24.859 18.4096 5.08605
700 -24.9936 18.4583 5.07357
701 -25.1204 18.5025 5.06425
702 -25.2539 18.5462 5.04165
703 -25.3895 18.5882 5.02376
704 -25.5427 18.632 4.99968
705 -25.6721 18.6654 4.97972
706 -25.7909 18.6939 4.95859
707 -25.8741 18.7068 4.93734
708 -25.9755 18.7273 4.91518
709 -26.1101 18.7509 4.89149
710 -26.2 18.7629 4.86947
711 -26.2914 18.7732 4.85285
712 -26.3886 18.7832 4.84188
713 -26.4765 18.7896 4.80674
714 -26.5552 18.7926 4.78354
715 -26.6462 18.7932 4.75378
716 -26.7284 18.79 4.73111
717 -26.8157 18.7851 4.70789
718 -26.8991 18.7777 4.68381
719 -26.9837 18.7679 4.66789
720 -27.0505 18.7592 4.65869
721 -27.1415 18.7465 4.61904
722 -27.2152 18.7321 4.60164
723 -27.2837 18.7171 4.58502
724 -27.3704 18.6987 4.56823
725 -27.4643 18.6757 4.52528
726 -27.5373 18.6549 4.51292
727 -27.6168 18.6293 4.47225
728 -27.7126 18.5961 4.44531
729 -27.7838 18.5693 4.44381
730 -27.8722 18.5372 4.4133
731 -27.9514 18.5052 4.39176
732 -28.0082 18.4764 4.37537
733 -28.0741 18.4438 4.35812
734 -28.1717 18.4096 4.38122
735 -28.2652 18.375 4.36318
736 -28.3579 18.338 4.34539
737 -28.4451 18.3002 4.32737
738 -28.4998 18.2539 4.23812
739 -28.5627 18.219 4.30055
740 -28.6561 18.1766 4.27356
741 -28.6985 18.1296 4.16548
742 -28.7677 18.0834 4.24672
743 -28.8531 18.0412 4.22912
744 -28.9452 17.9895 4.21149
745 -29.0276 17.9402 4.19399
746 -29.1188 17.8842 4.1772
747 -29.201 17.8313 4.16063
748 -29.2837 17.7767 4.1444
749 -29.3655 17.721 4.12845
750 -29.4493 17.6616 4.11275
751 -29.5365 17.5982 4.09702
752 -29.6146 17.5389 4.08163
753 -29.6984 17.4739 4.06666
754 -29.7726 17.4141 4.0517
755 -29.8655 17.3384 4.03708
756 -29.9445 17.2706 4.0227
757 -30.0243 17.2114 4.09274
758 -30.1722 17.1237 3.99444
759 -30.2443 17.0547 3.98082
760 -30.3309 16.9734 3.96729
761 -30.3783 16.9177 4.02918
762 -30.5186 16.8233 3.94026
763 -30.532 16.7855 3.99879
764 -30.6542 16.701 3.91402
765 -30.7022 16.6423 3.96721
766 -30.7744 16.5825 3.95317
767 -30.892 16.4933 3.8715
768 -30.9032 16.4588 3.92218
769 -30.9578 16.4078 3.91361
770 -31.0132 16.3563 3.89852
771 -31.0737 16.296 3.88782
772 -31.1329 16.2372 3.87322
773 -31.1606 16.2059 3.86129
774 -31.2068 16.1636 3.84039
775 -31.2441 16.126 3.83165
776 -31.2827 16.0875 3.81965
777 -31.3187 16.05 3.81142
778 -31.3569 16.0099 3.80325
779 -31.4041 15.959 3.79792
780 -31.4432 15.9179 3.79299
781 -31.4832 15.8747 3.77389
782 -31.5271 15.8221 3.76331
783 -31.5672 15.7726 3.75567
784 -31.6088 15.7201 3.74835
785 -31.6498 15.6675 3.73782
786 -31.6881 15.6169 3.73017
787 -31.7279 15.5632 3.7226
788 -31.7644 15.5123 3.71556
789 -31.8055 15.4528 3.70533
790 -31.8464 15.3916 3.69748
791 -31.883 15.3361 3.69071
792 -31.9295 15.2632 3.68284
793 -31.9646 15.2072 3.67662
794 -32.0101 15.1321 3.66838
795 -32.0499 15.0649 3.6623
796 -32.0866 15.0019 3.65578
797 -32.1257 14.9341 3.65094
798 -32.164 14.8657 3.64606
799 -32.2033 14.7946 3.64012
800 -32.2398 14.7274 3.63588
801 -32.2797 14.6528 3.6319
802 -32.3164 14.5836 3.62726
803 -32.3556 14.5088 3.62384
804 -32.3909 14.4407 3.62055
805 -32.4337 14.3577 3.61669
806 -32.4746 14.2773 3.61353
807 -32.5142 14.1989 3.6098
808 -32.5577 14.1112 3.60754
809 -32.6001 14.0258 3.60469
810 -32.6401 13.9446 3.6023
811 -32.6788 13.8654 3.59983
812 -32.7276 13.765 3.59597
813 -32.7676 13.6818 3.59342
814 -32.8104 13.5922 3.58911
815 -32.8549 13.4982 3.58532
816 -32.8934 13.4152 3.57919
817 -32.9337 13.3281 3.57445
818 -32.9738 13.2402 3.56927
819 -33.0126 13.1543 3.56308
820 -33.0541 13.0603 3.55374
821 -33.1013 12.9496 3.54264
822 -33.1461 12.8405 3.53005
823 -33.183 12.7478 3.52017
824 -33.2113 12.675 3.50933
825 -33.24 12.5979 3.49843
826 -33.2659 12.5266 3.48777
827 -33.3066 12.4145 3.4775
828 -33.3359 12.3221 3.45684
829 -33.3652 12.2277 3.44368
830 -33.3937 12.138 3.43505
831 -33.4236 12.0326 3.4138
832 -33.4503 11.9329 3.39701
833 -33.4754 11.8277 3.37395
834 -33.4964 11.7314 3.35752
835 -33.5151 11.6352 3.33442
836 -33.5361 11.5371 3.3311
837 -33.5523 11.4299 3.30595
838 -33.559 11.3396 3.26974
839 -33.5683 11.2443 3.25187
840 -33.5813 11.1442 3.25524
841 -33.5897 11.0456 3.23836
842 -33.5873 10.955 3.18715
843 -33.5933 10.8538 3.2045
844 -33.589 10.7663 3.16079
845 -33.5932 10.6624 3.16272
846 -33.5818 10.5611 3.1035
847 -33.5692 10.4675 3.07135
848 -33.5546 10.3949 3.04631
849 -33.5456 10.3157 3.08801
850 -33.5263 10.2193 3.00793
851 -33.5137 10.1342 3.05582
852 -33.4919 10.0528 2.95963
853 -33.4679 9.98935 2.94165
854 -33.4471 9.90128 3.00828
855 -33.4325 9.80039 2.98467
856 -33.4129 9.69511 2.96914
857 -33.392 9.59348 2.95413
858 -33.3705 9.49911 2.93934
859 -33.3494 9.40944 2.92433
860 -33.3233 9.30977 2.90174
861 -33.2976 9.21943 2.88705
862 -33.2717 9.1299 2.87272
863 -33.2504 9.05967 2.86587
864 -33.2207 8.96523 2.8446
865 -33.1893 8.87247 2.83056
866 -33.1539 8.7694 2.8169
867 -33.1151 8.6689 2.79578
868 -33.0791 8.57914 2.78215
869 -33.0403 8.48232 2.76856
870 -32.9976 8.38106 2.75484
871 -32.9549 8.28788 2.73442
872 -32.9135 8.19939 2.72083
873 -32.8672 8.10266 2.70725
874 -32.8231 8.0141 2.69384
875 -32.7753 7.92066 2.67995
876 -32.7153 7.8095 2.65921
877 -32.6635 7.71863 2.64505
878 -32.6089 7.62424 2.6307
879 -32.5541 7.53303 2.61665
880 -32.5003 7.44893 2.59493
881 -32.4408 7.35681 2.58032
882 -32.3805 7.26716 2.56542
883 -32.3129 7.16853 2.55073
884 -32.2484 7.08144 2.52801
885 -32.1811 6.98939 2.52063
886 -32.1106 6.89889 2.49804
887 -32.0315 6.79922 2.48256
888 -31.9583 6.71435 2.45929
889 -31.8827 6.62696 2.44382
890 -31.8061 6.54097 2.42833
891 -31.7351 6.4649 2.4131
892 -31.6563 6.38371 2.39126
893 -31.5741 6.29978 2.37649
894 -31.4961 6.2236 2.36243
895 -31.4599 6.20383 2.38715
896 -31.37 6.01385 2.36823
897 -31.2947 5.86798 2.34287
898 -31.2177 5.75067 2.32065
899 -31.1446 5.65007 2.29941
900 -31.0813 5.57297 2.28009
901 -31.0204 5.50775 2.26682
902 -30.9609 5.44831 2.24988
903 -30.8977 5.39283 2.23419
904 -30.838 5.34475 2.22293
905 -30.7765 5.29778 2.20924
906 -30.7143 5.25333 2.19938
907 -30.6468 5.20694 2.18693
908 -30.5795 5.1632 2.17766
909 -30.4988 5.11233 2.16618
910 -30.4336 5.07402 2.15629
911 -30.365 5.03397 2.14912
912 -30.2887 4.99119 2.14067
913 -30.2207 4.9549 2.13499
914 -30.1467 4.91526 2.12998
915 -30.0628 4.86952 2.12404
916 -29.9814 4.82625 2.11901
917 -29.8941 4.78003 2.11559
918 -29.8141 4.73842 2.11292
919 -29.7362 4.69847 2.11039
920 -29.657 4.6578 2.1094
921 -29.5793 4.61754 2.10849
922 -29.4933 4.57236 2.10725
923 -29.4144 4.53092 2.10518
924 -29.3338 4.48882 2.10688
925 -29.2488 4.44343 2.10497
926 -29.155 4.39271 2.1061
927 -29.0479 4.33373 2.10571
928 -28.953 4.28143 2.10686
929 -28.8613 4.23078 2.10818
930 -28.7754 4.18321 2.10789
931 -28.6937 4.13799 2.10768
932 -28.5961 4.08329 2.10818
933 -28.4955 4.02629 2.10827
934 -28.4077 3.97678 2.10747
935 -28.322 3.92859 2.10896
936 -28.2261 3.87408 2.10948
937 -28.1413 3.82575 2.10894
938 -28.044 3.77012 2.10897
939 -27.9537 3.71852 2.10749
940 -27.8651 3.66796 2.10851
941 -27.7759 3.61695 2.10736
942 -27.6825 3.5635 2.10546
943 -27.5782 3.50358 2.1052
944 -27.4722 3.44242 2.10512
945 -27.3665 3.38126 2.10538
946 -27.2599 3.3197 2.10467
947 -27.1765 3.27191 2.10068
948 -27.0853 3.21966 2.10222
949 -26.9937 3.16696 2.10362
950 -26.9057 3.11369 2.12133
951 -26.8088 3.0534 2.12031
952 -26.7089 2.99228 2.11979
953 -26.6009 2.92657 2.11818
954 -26.4913 2.86004 2.1174
955 -26.3903 2.79885 2.11657
956 -26.289 2.73758 2.11574
957 -26.1927 2.67924 2.11549
958 -26.0926 2.61877 2.11496
959 -25.9728 2.54634 2.11444
960 -25.8694 2.48405 2.11405
961 -25.7673 2.42249 2.11366
962 -25.6629 2.35966 2.11314
963 -25.5417 2.28675 2.1125
964 -25.4364 2.2238 2.11136
965 -25.3239 2.15655 2.11024
966 -25.2446 2.09889 2.15005
967 -25.1462 2.03047 2.15396
968 -25.0341 1.95426 2.15234
969 -24.9403 1.89039 2.15114
970 -24.8415 1.82366 2.14974
971 -24.7434 1.75842 2.14816
972 -24.651 1.69591 2.14711
973 -24.5582 1.63361 2.14634
974 -24.4514 1.56308 2.14465
975 -24.3608 1.503 2.1437
976 -24.2705 1.4428 2.14215
977 -24.1768 1.38069 2.14036
978 -24.0653 1.30844 2.13875
979 -23.9739 1.24881 2.13744
980 -23.8674 1.18053 2.13733
981 -23.7687 1.11738 2.1364
982 -23.6581 1.04776 2.13468
983 -23.5575 0.984102 2.134
984 -23.4376 0.908454 2.1321
985 -23.335 0.844825 2.13049
986 -23.2069 0.765335 2.12865
987 -23.0793 0.686653 2.12728
988 -22.9539 0.60942 2.12687
989 -22.8156 0.524465 2.12505
990 -22.7418 0.479457 2.12953
991 -22.6488 0.418253 2.1255
992 -22.5254 0.342763 2.12666
993 -22.4038 0.265364 2.12425
994 -22.2655 0.181955 2.12291
995 -22.1001 0.0821163 2.12203
996 -21.9654 0.00203277 2.12057
997 -21.8218 -0.0839013 2.11962
998 -21.6687 -0.174924 2.11751
999 -21.4989 -0.275593 2.11605
1000 -21.3498 -0.363087 2.11553
1001 -21.2039 -0.448742 2.11311
1002 -21.0571 -0.534528 2.11091
1003 -20.8841 -0.635883 2.11066
1004 -20.7383 -0.719897 2.10829
1005 -20.5738 -0.815253 2.10696
1006 -20.424 -0.901249 2.10538
1007 -20.2741 -0.987286 2.10463
1008 -20.1028 -1.0855 2.10207
1009 -19.9304 -1.18372 2.10144
1010 -19.7795 -1.26891 2.09975
1011 -19.6265 -1.35552 2.0978
1012 -19.4701 -1.44383 2.09611
1013 -19.3154 -1.53122 2.09706
1014 -19.1659 -1.6153 2.09581
1015 -19.0063 -1.7049 2.09372
1016 -18.8211 -1.80514 2.06272
1017 -18.6595 -1.88858 2.06267
1018 -18.5119 -1.97366 2.09056
1019 -18.3468 -2.06231 2.06163
1020 -18.1768 -2.15767 2.09085
1021 -17.996 -2.25441 2.06067
1022 -17.8323 -2.33861 2.06002
1023 -17.6843 -2.42356 2.08875
1024 -17.4972 -2.52706 2.0859
1025 -17.3085 -2.63154 2.0867
1026 -17.1386 -2.7215 2.05942
1027 -16.9769 -2.80505 2.05909
1028 -16.7915 -2.90336 2.05912
1029 -16.6182 -2.99509 2.05848
1030 -16.4547 -3.0818 2.05849
1031 -16.2976 -3.16511 2.05852
1032 -16.1373 -3.24988 2.05774
1033 -15.9644 -3.34125 2.05731
1034 -15.799 -3.4285 2.05688
1035 -15.6386 -3.5131 2.05655
1036 -15.4714 -3.60125 2.05612
1037 -15.2997 -3.69182 2.05623
1038 -15.1332 -3.77977 2.05648
1039 -14.968 -3.86677 2.05605
1040 -14.8023 -3.95384 2.0553
1041 -14.6232 -4.04799 2.05495
1042 -14.4394 -4.14454 2.05468
1043 -14.2464 -4.24587 2.05445
1044 -14.0673 -4.33952 2.0535
1045 -13.8927 -4.43074 2.05299
1046 -13.6908 -4.53612 2.05234
1047 -13.5138 -4.6281 2.0513
1048 -13.3146 -4.73169 2.05078
1049 -13.1333 -4.82593 2.05065
1050 -12.9456 -4.92365 2.05075
1051 -12.765 -5.01764 2.05062
1052 -12.5786 -5.11463 2.05072
1053 -12.3625 -5.22688 2.05013
1054 -12.146 -5.33949 2.05029
1055 -11.9578 -5.43731 2.05026
1056 -11.7807 -5.52957 2.05071
1057 -11.5903 -5.62891 2.05119
1058 -11.3879 -5.73442 2.0512
1059 -11.2075 -5.82838 2.0511
1060 -11.0042 -5.93449 2.05143
1061 -10.8099 -6.03563 2.05113
1062 -10.6329 -6.12776 2.05097
1063 -10.4564 -6.21987 2.05136
1064 -10.2761 -6.31367 2.0509
1065 -10.0849 -6.41296 2.05026
1066 -9.89904 -6.50937 2.04978
1067 -9.72943 -6.5974 2.04979
1068 -9.56011 -6.68521 2.04949
1069 -9.49251 -6.73273 2.10167
1070 -9.34333 -6.83402 2.116
1071 -9.1095 -6.97373 2.04852
1072 -8.89394 -7.07986 2.04785
1073 -8.77061 -7.16258 2.11195
1074 -8.5781 -7.28917 2.11325
1075 -8.38125 -7.41779 2.11155
1076 -8.20379 -7.53335 2.10772
1077 -8.02663 -7.64815 2.1074
1078 -7.86136 -7.75517 2.10425
1079 -7.68051 -7.8703 2.10307
1080 -7.46861 -7.98987 2.04576
1081 -7.30636 -8.08619 2.09677
1082 -7.09013 -8.20564 2.04557
1083 -6.91132 -8.29279 2.04575
1084 -6.80787 -8.37156 2.1135
1085 -6.69857 -8.4636 2.12407
1086 -6.58583 -8.55625 2.12309
1087 -6.47111 -8.64883 2.12164
1088 -6.34048 -8.74764 2.12075
1089 -6.20316 -8.84925 2.11884
1090 -6.04751 -8.95972 2.11729
1091 -5.89855 -9.06502 2.11629
1092 -5.7559 -9.16475 2.11469
1093 -5.61375 -9.26357 2.11331
1094 -5.47335 -9.36079 2.11189
1095 -5.33013 -9.45982 2.11
1096 -5.19401 -9.55321 2.10875
1097 -5.03614 -9.65719 2.10822
1098 -4.89894 -9.74925 2.1066
1099 -4.74693 -9.84824 2.10563
1100 -4.59343 -9.94799 2.10389
1101 -4.43799 -10.0475 2.10314
1102 -4.29056 -10.1418 2.1014
1103 -4.14892 -10.2327 2.09998
1104 -3.99799 -10.3282 2.09754
1105 -3.8405 -10.4267 2.0955
1106 -3.70362 -10.5122 2.09356
1107 -3.55376 -10.6051 2.09182
1108 -3.42325 -10.6857 2.0896
1109 -3.29835 -10.7631 2.08767
1110 -3.16463 -10.8449 2.08572
1111 -3.04478 -10.9183 2.08392
1112 -2.91432 -10.9972 2.08203
1113 -2.7924 -11.0708 2.08047
1114 -2.6704 -11.1442 2.07773
1115 -2.57882 -11.2 2.07481
1116 -2.47874 -11.2609 2.0722
1117 -2.36137 -11.3301 2.06835
1118 -2.23997 -11.4005 2.06394
1119 -2.11004 -11.4743 2.05852
1120 -1.99471 -11.5394 2.0531
1121 -1.88008 -11.6032 2.04551
1122 -1.77822 -11.6596 2.03968
1123 -1.67199 -11.7172 2.03132
1124 -1.56967 -11.7713 2.02263
1125 -1.47496 -11.821 2.0157
1126 -1.38294 -11.8686 2.00794
1127 -1.28499 -11.9147 1.99743
1128 -1.21312 -11.9515 1.9903
1129 -1.13042 -11.9891 1.97381
1130 -1.06344 -12.0184 1.96201
1131 -1.00639 -12.0446 1.96266
1132 -0.937444 -12.0756 1.95905
1133 -0.868268 -12.1072 1.95532
1134 -0.781803 -12.1434 1.94696
1135 -0.697189 -12.1773 1.93306
1136 -0.603114 -12.2129 1.91684
1137 -0.50577 -12.2479 1.90486
1138 -0.401189 -12.284 1.89266
1139 -0.304646 -12.3157 1.87988
1140 -0.209551 -12.3457 1.86844
1141 -0.121636 -12.3725 1.85992
1142 -0.0109849 -12.4041 1.84079
1143 0.0828865 -12.4293 1.82859
1144 0.189788 -12.4559 1.80998
1145 0.287511 -12.4784 1.79361
1146 0.394528 -12.5009 1.77604
1147 0.513727 -12.5234 1.75684
1148 0.639795 -12.5436 1.73318
1149 0.744874 -12.5579 1.71325
1150 0.84061 -12.5685 1.69321
1151 0.930251 -12.5763 1.67275
1152 0.998133 -12.5797 1.65346
1153 1.07242 -12.5824 1.63689
1154 1.14951 -12.5832 1.61602
1155 1.24013 -12.5829 1.5951
1156 1.33184 -12.58 1.57513
1157 1.41392 -12.5746 1.54733
1158 1.48526 -12.5674 1.5285
1159 1.54545 -12.5593 1.51068
1160 1.59008 -12.5514 1.50114
1161 1.65123 -12.5423 1.49348
1162 1.75145 -12.5274 1.45546
1163 1.83788 -12.5091 1.42766
1164 1.93524 -12.4872 1.41196
1165 2.03168 -12.463 1.38711
1166 2.1285 -12.4375 1.37734
1167 2.23376 -12.4064 1.3324
1168 2.35262 -12.3796 1.37078
1169 2.47726 -12.3505 1.34176
1170 2.59374 -12.2911 1.22951
1171 2.72801 -12.246 1.29179
1172 2.88066 -12.1988 1.26075
1173 3.01111 -12.147 1.22957
1174 3.13929 -12.0947 1.20848
1175 3.27333 -12.035 1.17774
1176 3.4059 -11.9737 1.15727
1177 3.53584 -11.9068 1.12712
1178 3.66458 -11.8397 1.10773
1179 3.79911 -11.7629 1.07953
1180 3.92537 -11.6886 1.06145
1181 4.04821 -11.6109 1.03459
1182 4.18194 -11.5237 1.00983
1183 4.31246 -11.4326 0.985407
1184 4.42899 -11.3481 0.969255
1185 4.55294 -11.2545 0.944027
1186 4.66733 -11.1648 0.927571
1187 4.77777 -11.0756 0.911494
1188 4.89366 -10.9779 0.888426
1189 5.02641 -10.8617 0.865865
1190 5.11541 -10.7778 0.851055
1191 5.21543 -10.683 0.829803
1192 5.31004 -10.591 0.815885
1193 5.41394 -10.4862 0.795723
1194 5.51141 -10.3844 0.782657
1195 5.61984 -10.2686 0.763426
1196 5.63613 -10.2018 0.741702
1197 5.53439 -10.2101 0.751011
1198 5.48828 -10.2045 0.751111
1199 5.46618 -10.2061 0.743073
1200 5.475 -10.1868 0.734619
1201 5.52697 -10.129 0.72183
1202 5.58109 -10.0677 0.704207
1203 5.62699 -10.0098 0.695113
1204 5.68426 -9.94094 0.682586
1205 5.74294 -9.86557 0.677323
1206 5.80195 -9.79151 0.66024
1207 5.86108 -9.71072 0.65113
1208 5.92477 -9.62132 0.641134
1209 5.98097 -9.53856 0.636475
1210 6.0395 -9.45117 0.63067
1211 6.10169 -9.35678 0.626283
1212 6.16142 -9.26501 0.622673
1213 6.21656 -9.17937 0.620119
1214 6.27843 -9.08572 0.617453
1215 6.34096 -8.98949 0.614554
1216 6.40898 -8.8858 0.612448
1217 6.45768 -8.81021 0.611209
1218 6.52866 -8.70244 0.609396
1219 6.60665 -8.58454 0.606528
1220 6.68011 -8.47361 0.603996
1221 6.74751 -8.37076 0.602216
1222 6.83041 -8.24554 0.596869
1223 6.90034 -8.1374 0.594131
1224 6.9714 -8.0275 0.591509
1225 7.05344 -7.90081 0.588443
1226 7.12941 -7.78197 0.583064
1227 7.20379 -7.66435 0.579695
1228 7.28907 -7.52877 0.574339
1229 7.38488 -7.37471 0.569358
1230 7.46585 -7.24267 0.565088
1231 7.54286 -7.11573 0.562213
1232 7.63415 -6.96462 0.557043
1233 7.70928 -6.8386 0.553454
1234 7.78944 -6.70285 0.549247
1235 7.87318 -6.56004 0.544599
1236 7.95894 -6.41517 0.543636
1237 8.0546 -6.25308 0.538239
1238 8.14666 -6.09582 0.533979
1239 8.24387 -5.92753 0.527722
1240 8.33055 -5.77626 0.523803
1241 8.42389 -5.60647 0.518162
1242 8.5159 -5.43474 0.508739
1243 8.60244 -5.27068 0.506169
1244 8.69697 -5.09115 0.503418
1245 8.77762 -4.94526 0.532908
1246 8.86972 -4.77645 0.497907
1247 8.96591 -4.59415 0.495267
1248 9.04638 -4.44486 0.498364
1249 9.15064 -4.24629 0.495768
1250 9.23502 -4.07317 0.480172
1251 9.3334 -3.88314 0.499648
1252 9.43301 -3.69876 0.501307
1253 9.5181 -3.54129 0.502811
1254 9.60421 -3.38978 0.525743
1255 9.68917 -3.24582 0.525
1256 9.78873 -3.07373 0.524159
1257 9.88848 -2.90081 0.523606
1258 9.98617 -2.73054 0.522286
1259 10.091 -2.54783 0.521515
1260 10.2048 -2.34922 0.52081
1261 10.322 -2.14384 0.519552
1262 10.4257 -1.96173 0.519021
1263 10.5311 -1.77601 0.517617
1264 10.6289 -1.60382 0.517412
1265 10.7292 -1.4273 0.516931
1266 10.819 -1.26833 0.515766
1267 10.9152 -1.09772 0.514763
1268 11.008 -0.933467 0.514681
1269 11.099 -0.771961 0.513912
1270 11.1915 -0.608127 0.51378
1271 11.2958 -0.422907 0.513356
1272 11.389 -0.256718 0.512336
1273 11.4915 -0.0739792 0.511808
1274 11.5842 0.0916717 0.510963
1275 11.6863 0.274112 0.510478
1276 11.7967 0.47242 0.508951
1277 11.892 0.644429 0.507734
1278 11.9876 0.816914 0.506764
1279 12.079 0.982467 0.50574
1280 12.1874 1.17482 0.512524
1281 12.275 1.32354 0.526118
1282 12.3686 1.48285 0.527243
1283 12.4722 1.67087 0.516162
1284 12.5668 1.82919 0.526544
1285 12.6625 1.9915 0.526059
1286 12.7671 2.16977 0.527124
1287 12.8431 2.30838 0.511109
1288 12.9458 2.48265 0.525312
1289 13.0168 2.60332 0.525678
1290 13.0978 2.73999 0.526228
1291 13.1996 2.91405 0.52542
1292 13.3067 3.098 0.523968
1293 13.4007 3.26001 0.52355
1294 13.5049 3.44005 0.522618
1295 13.6134 3.62818 0.521111
1296 13.7077 3.79228 0.521087
1297 13.8065 3.96428 0.518418
1298 13.9206 4.16315 0.519257
1299 14.023 4.34239 0.518267
1300 14.1204 4.51299 0.51763
1301 14.2174 4.6832 0.515947
1302 14.3306 4.88162 0.51655
1303 14.4291 5.05538 0.514285
1304 14.5382 5.24709 0.515621
1305 14.6367 5.42135 0.513293
1306 14.738 5.60002 0.512922
1307 14.8404 5.78142 0.512433
1308 14.9445 5.96563 0.512104
1309 15.0476 6.14781 0.512335
1310 15.1445 6.31919 0.512888
1311 15.2476 6.50129 0.512978
1312 15.3664 6.71081 0.514837
1313 15.4714 6.90166 0.500726
1314 15.573 7.08128 0.514315
1315 15.6879 7.29338 0.504304
1316 15.7763 7.43163 0.528629
1317 15.8575 7.55965 0.529473
1318 15.9553 7.71831 0.540351
1319 16.0377 7.85219 0.539421
1320 16.1263 7.99745 0.538754
1321 16.2113 8.1385 0.537162
1322 16.2956 8.27917 0.536879
1323 16.3789 8.41858 0.536759
1324 16.4696 8.56984 0.539687
1325 16.5624 8.72719 0.535859
1326 16.6539 8.88259 0.535603
1327 16.7317 9.01454 0.537957
1328 16.8116 9.15028 0.537073
1329 16.891 9.28577 0.535716
1330 16.9653 9.41222 0.53781
1331 17.045 9.54862 0.535638
1332 17.1269 9.68962 0.53282
1333 17.2151 9.84273 0.521328
1334 17.3104 10.0095 0.522793
1335 17.4011 10.1665 0.523593
1336 17.494 10.3268 0.524298
1337 17.5839 10.4816 0.525333
1338 17.6719 10.633 0.525946
1339 17.7596 10.7838 0.526444
1340 17.8543 10.9461 0.527184
1341 17.9569 11.1215 0.52833
1342 18.0589 11.2953 0.52945
1343 18.1656 11.4775 0.529545
1344 18.2609 11.64 0.530043
1345 18.3714 11.8281 0.530533
1346 18.4676 11.9915 0.531147
1347 18.5663 12.1591 0.531559
1348 18.6667 12.3299 0.531534
1349 18.7646 12.4965 0.531477
1350 18.8722 12.6795 0.531542
1351 18.9833 12.868 0.531964
1352 19.0806 13.0332 0.532154
1353 19.1933 13.2246 0.532313
1354 19.3003 13.4058 0.532888
1355 19.4043 13.5811 0.53337
1356 19.5052 13.752 0.533133
1357 19.61 13.9 0.597526
1358 19.6894 14.0106 0.596118
1359 19.7822 14.1433 0.593827
1360 19.8465 14.2486 0.557631
1361 19.9634 14.4176 0.593321
1362 20.0473 14.5422 0.590934
1363 20.1452 14.6883 0.587924
1364 20.2534 14.8529 0.573077
1365 20.3859 15.0466 0.588471
1366 20.496 15.2048 0.590109
1367 20.5988 15.356 0.588623
1368 20.7194 15.5334 0.587929
1369 20.8171 15.6784 0.585991
1370 20.9131 15.8205 0.586193
1371 21.0056 15.9571 0.586471
1372 21.0981 16.0944 0.584163
1373 21.1904 16.2319 0.585036
1374 21.2797 16.3658 0.582874
1375 21.3612 16.4881 0.584785
1376 21.4473 16.6213 0.583014
1377 21.5342 16.7558 0.582395
1378 21.6171 16.8846 0.581922
1379 21.7011 17.015 0.581694
1380 21.7909 17.1541 0.58099
1381 21.8737 17.2829 0.581068
1382 21.9556 17.4103 0.581056
1383 22.0304 17.5264 0.581033
1384 22.1037 17.6397 0.581214
1385 22.1776 17.7537 0.58119
1386 22.2455 17.8588 0.581256
1387 22.3 17.943 0.580971
1388 22.3526 18.0236 0.580455
1389 22.414 18.1174 0.58039
1390 22.4806 18.2196 0.580878
1391 22.5535 18.3318 0.581477
1392 22.6207 18.4359 0.581482
1393 22.6891 18.5421 0.579822
1394 22.7506 18.6383 0.578884
1395 22.8072 18.7265 0.577685
1396 22.8669 18.8195 0.575094
1397 22.9223 18.9061 0.573699
1398 22.9743 18.9875 0.572353
1399 23.024 19.0654 0.569589
1400 23.0757 19.1465 0.568175
1401 23.1171 19.2117 0.566874
1402 23.1563 19.2732 0.564524
1403 23.1991 19.3399 0.564069
1404 23.2329 19.3931 0.562908
1405 23.2665 19.4455 0.561147
1406 23.2955 19.4907 0.560397
1407 23.3213 19.5304 0.559858
1408 23.3464 19.5687 0.558335
1409 23.3666 19.5993 0.558442
1410 23.3845 19.6259 0.556752
1411 23.3995 19.6476 0.556375
1412 23.4103 19.6625 0.555633
1413 23.4191 19.6738 0.554691
1414 23.4252 19.6809 0.554254
1415 23.4308 19.687 0.553615
1416 23.4369 19.6936 0.553583
1417 23.4431 19.7005 0.553724
1418 23.4495 19.708 0.55389
1419 23.4555 19.7147 0.554072
1420 23.4599 19.719 0.55413
1421 23.4647 19.724 0.554177
1422 23.4702 19.7301 0.554236
1423 23.4753 19.7354 0.55422
1424 23.4799 19.7402 0.554296
1425 23.4846 19.745 0.55437
1426 23.4894 19.7501 0.55435
1427 23.4939 19.7547 0.554358
1428 23.4978 19.7584 0.554412
1429 23.5014 19.7616 0.554451
1430 23.5052 19.7653 0.554406
1431 23.5088 19.7685 0.554397
1432 23.5122 19.7715 0.554396
