0 23.5494 21.8011 3.78278
1 23.5715 21.8246 3.78438
0 23.5866 21.8377 3.81656
0 23.582 21.8317 3.81639
1 23.5779 21.8264 3.81609
2 23.5739 21.8212 3.81581
3 23.5703 21.8166 3.81558
4 23.5672 21.8127 3.81535
5 23.5643 21.809 3.81515
6 23.5671 21.8121 3.78436
7 23.5828 21.8265 3.81632
8 23.5794 21.8223 3.81636
9 23.5754 21.8171 3.81611
10 23.5773 21.8186 3.78526
11 23.5922 21.8323 3.81707
12 23.5881 21.8272 3.81714
13 23.5841 21.8223 3.81681
14 23.5807 21.8181 3.81666
15 23.5834 21.8204 3.7859
16 23.5978 21.8336 3.81763
17 23.5937 21.8267 3.78668
18 23.6028 21.8337 3.81806
19 23.5915 21.8199 3.81766
20 23.5857 21.8107 3.78638
21 23.5858 21.8036 3.78676
22 23.5746 21.786 3.81745
23 23.5541 21.7572 3.7858
24 23.5356 21.7307 3.81615
25 23.5053 21.693 3.81521
26 23.4668 21.6448 3.81281
27 23.4283 21.5915 3.78059
28 23.4016 21.5497 3.77987
29 23.3735 21.5059 3.77989
30 23.3488 21.4668 3.77983
31 23.3144 21.4146 3.77934
32 23.2844 21.3687 3.77923
33 23.2445 21.3093 3.77854
34 23.1948 21.237 3.77741
35 23.1563 21.1798 3.7773
36 23.1131 21.1163 3.77717
37 23.0695 21.0521 3.77745
38 23.0223 20.9834 3.77636
39 22.9752 20.915 3.77659
40 22.9083 20.8291 3.80978
41 22.8282 20.7056 3.75477
42 22.7537 20.5878 3.76167
43 22.6887 20.4871 3.76138
44 22.6287 20.391 3.75037
45 22.5665 20.291 3.75986
46 22.504 20.1924 3.74986
47 22.4444 20.0945 3.7496
48 22.3785 19.9885 3.7492
49 22.3134 19.8804 3.72008
50 22.2433 19.7628 3.72112
51 22.1795 19.6567 3.71933
52 22.129 19.5705 3.72053
53 22.0787 19.4846 3.72151
54 22.0243 19.3927 3.72205
55 21.9493 19.2691 3.72285
56 21.9031 19.1913 3.72249
57 21.8465 19.0931 3.70956
58 21.7739 18.9777 3.71029
59 21.7131 18.8811 3.70961
60 21.642 18.7675 3.71024
61 21.5784 18.6673 3.7103
62 21.5017 18.5453 3.70866
63 21.4383 18.4465 3.70976
64 21.3753 18.3461 3.70883
65 21.3095 18.2422 3.7093
66 21.2284 18.1149 3.70953
67 21.1614 18.0115 3.70976
68 21.1023 17.9184 3.70929
69 21.0372 17.815 3.70948
70 20.9684 17.7071 3.70984
71 20.904 17.6066 3.71013
72 20.8417 17.5085 3.70935
73 20.7841 17.4178 3.71003
74 20.7197 17.316 3.70913
75 20.6521 17.2101 3.70925
76 20.5931 17.1184 3.70945
77 20.5293 17.0182 3.71
78 20.4676 16.9221 3.70926
79 20.4029 16.8213 3.70994
80 20.3318 16.7108 3.71012
81 20.2671 16.6114 3.71072
82 20.2045 16.5143 3.70982
83 20.1443 16.4213 3.71084
84 20.0798 16.3215 3.71159
85 20.0136 16.2193 3.71021
86 19.9453 16.1143 3.7106
87 19.873 16.0035 3.71091
88 19.8092 15.907 3.71231
89 19.7465 15.811 3.71168
90 19.6843 15.7161 3.71336
91 19.5959 15.5644 3.68929
92 19.5347 15.4534 3.71006
93 19.4815 15.3709 3.71324
94 19.4154 15.2691 3.71213
95 19.3097 15.0882 3.68452
96 19.2044 14.8949 3.68427
97 19.0984 14.7019 3.68411
98 18.9883 14.5069 3.69033
99 18.8982 14.3394 3.68932
100 18.841 14.223 3.66719
101 18.7277 14.0321 3.68507
102 18.6632 13.9068 3.66962
103 18.5892 13.7828 3.67262
104 18.4783 13.58 3.68465
105 18.3917 13.4261 3.68668
106 18.3162 13.2931 3.68715
107 18.2556 13.1807 3.67614
108 18.153 13.0152 3.68848
109 18.0973 12.914 3.6774
110 17.9801 12.7089 3.68831
111 17.9048 12.5802 3.69076
112 17.8211 12.4409 3.69644
113 17.7639 12.353 3.70062
114 17.6931 12.2575 3.74525
115 17.6023 12.1479 3.78531
116 17.5007 12.0132 3.7869
117 17.4111 11.8944 3.78715
118 17.3233 11.7776 3.78713
119 17.2317 11.6562 3.78747
120 17.1509 11.5489 3.78723
121 17.0648 11.4347 3.78744
122 16.9808 11.3234 3.78776
123 16.8929 11.2069 3.78803
124 16.8001 11.084 3.78823
125 16.7166 10.9731 3.78804
126 16.6303 10.8589 3.78814
127 16.5458 10.7469 3.78824
128 16.459 10.632 3.78857
129 16.3676 10.5112 3.78877
130 16.3216 10.4203 3.64843
131 16.2199 10.2181 3.653
132 16.1226 10.0311 3.65598
133 16.0358 9.86413 3.65952
134 15.9474 9.69631 3.65961
135 15.8609 9.53509 3.6606
136 15.7918 9.4064 3.66256
137 15.7238 9.27784 3.66508
138 15.6428 9.12841 3.66596
139 15.5596 8.98107 3.66678
140 15.4647 8.81521 3.6697
141 15.3825 8.6765 3.67075
142 15.3037 8.54151 3.6712
143 15.223 8.40443 3.67407
144 15.1368 8.2596 3.67516
145 15.0698 8.14987 3.67693
146 15.0017 8.03536 3.67676
147 14.9251 7.90805 3.68011
148 14.8429 7.77429 3.68121
149 14.9064 7.84677 3.63688
150 15.0417 8.02212 3.63053
151 15.1058 8.06466 3.62476
152 15.141 8.06545 3.62384
153 15.1561 8.03553 3.62405
154 15.1521 7.97924 3.61927
155 15.1464 7.91251 3.62168
156 15.1418 7.8522 3.62261
157 15.1243 7.76916 3.62389
158 15.1076 7.69072 3.62523
159 15.0934 7.61874 3.6267
160 15.0553 7.51499 3.6161
161 14.9971 7.37898 3.62916
162 14.9552 7.27108 3.63026
163 14.9288 7.18326 3.63147
164 14.9038 7.10005 3.63231
165 14.8822 7.02461 3.63387
166 14.86 6.94784 3.63518
167 14.83 6.85795 3.63666
168 14.7975 6.76596 3.63811
169 14.7718 6.68852 3.63883
170 14.745 6.60788 3.64001
171 14.7147 6.52231 3.64078
172 14.6284 6.37396 3.64536
173 14.6425 6.31829 3.64154
174 14.6111 6.23605 3.64512
175 14.5783 6.15087 3.64595
176 14.5428 6.06167 3.64677
177 14.5052 5.96971 3.64797
178 14.4732 5.88893 3.64845
179 14.4318 5.79073 3.64932
180 14.3924 5.69878 3.64997
181 14.37 5.63719 3.65054
182 14.3386 5.55679 3.65145
183 14.3039 5.47266 3.65249
184 14.2674 5.38716 3.65351
185 14.2308 5.302 3.65469
186 14.1917 5.21297 3.65528
187 14.1506 5.12104 3.65627
188 14.1151 5.04055 3.65768
189 14.0788 4.9581 3.65868
190 14.0472 4.88449 3.65954
191 14.0067 4.79595 3.66048
192 13.9627 4.70436 3.66912
193 13.9271 4.63802 3.663
194 13.8784 4.53841 3.66396
195 13.8309 4.4419 3.66536
196 13.7836 4.34537 3.66632
197 13.7387 4.25408 3.66808
198 13.6862 4.14986 3.6701
199 13.6309 4.0429 3.67143
200 13.5773 3.9394 3.67358
201 13.5278 3.84561 3.68335
202 13.4888 3.77852 3.68066
203 13.4354 3.67819 3.68352
204 13.3784 3.57282 3.68803
205 13.3295 3.48439 3.70233
206 13.2909 3.4216 3.69861
207 13.2338 3.32042 3.70581
208 13.172 3.21351 3.71365
209 13.1173 3.11959 3.71941
210 13.0624 3.0264 3.72852
211 13.0082 2.93555 3.73434
212 12.9554 2.84829 3.7402
213 12.8974 2.75553 3.75151
214 12.8417 2.67043 3.76277
215 12.7778 2.56345 3.76651
216 12.7221 2.47921 3.77404
217 12.6605 2.38856 3.7846
218 12.593 2.29231 3.7889
219 12.4969 2.16638 3.80207
220 12.3956 2.04197 3.83156
221 12.2971 1.91308 3.84596
222 12.2048 1.79029 3.84087
223 12.1095 1.67619 3.85369
224 12.0063 1.55624 3.86976
225 11.8941 1.43097 3.88774
226 11.7969 1.32559 3.90184
227 11.7294 1.25213 3.89371
228 11.6364 1.15341 3.93732
229 11.5397 1.05629 3.95357
230 11.4353 0.9555 3.97425
231 11.3377 0.864687 3.99041
232 11.2416 0.777555 4.00663
233 11.1469 0.694782 4.02815
234 11.0578 0.619938 4.04998
235 10.9709 0.549377 4.0663
236 10.8828 0.480839 4.0889
237 10.7992 0.418329 4.10601
238 10.7359 0.372392 4.12319
239 10.6672 0.323844 4.14067
240 10.5838 0.2686 4.15869
241 10.5097 0.222276 4.18341
242 10.4267 0.173445 4.2008
243 10.3575 0.135311 4.2182
244 10.2855 0.0979741 4.24419
245 10.2177 0.0655148 4.26196
246 10.1549 0.0372056 4.28029
247 10.0874 0.00903671 4.30699
248 10.0274 -0.0134672 4.32421
249 9.96247 -0.0364566 4.34165
250 9.88898 -0.0601856 4.36778
251 9.83223 -0.0757056 4.38464
252 9.75917 -0.102088 4.37431
253 9.70648 -0.109814 4.42981
254 9.65011 -0.119046 4.44682
255 9.57443 -0.140321 4.42373
256 9.51804 -0.145735 4.49049
257 9.44207 -0.163206 4.4618
258 9.39783 -0.164351 4.52209
259 9.32857 -0.177486 4.49296
260 9.27961 -0.177893 4.5619
261 9.20728 -0.189785 4.52167
262 9.14951 -0.201537 4.51081
263 9.11663 -0.196053 4.61201
264 9.05212 -0.195471 4.61835
265 8.99099 -0.194842 4.62345
266 8.90656 -0.206405 4.58122
267 8.8564 -0.214646 4.5604
268 8.80052 -0.221491 4.57105
269 8.7466 -0.227761 4.57832
270 8.68624 -0.233794 4.59069
271 8.63388 -0.237782 4.60552
272 8.5793 -0.242118 4.61501
273 8.51606 -0.246372 4.62489
274 8.45063 -0.249322 4.64038
275 8.38244 -0.252551 4.64615
276 8.3137 -0.254185 4.66051
277 8.24159 -0.255043 4.67464
278 8.17573 -0.254997 4.68673
279 8.11659 -0.253758 4.70171
280 8.05377 -0.251813 4.71739
281 7.98591 -0.249375 4.72718
282 7.91596 -0.245659 4.73978
283 7.84583 -0.241496 4.75075
284 7.77571 -0.236346 4.76081
285 7.68829 -0.229809 4.77001
286 7.61587 -0.22212 4.78449
287 7.54683 -0.213563 4.80276
288 7.47429 -0.205114 4.81032
289 7.39789 -0.194908 4.822
290 7.32639 -0.184234 4.83456
291 7.25146 -0.172347 4.84681
292 7.18172 -0.160079 4.85994
293 7.10437 -0.145894 4.87214
294 7.03184 -0.131415 4.88371
295 6.95934 -0.116882 4.89135
296 6.88278 -0.100316 4.90339
297 6.80847 -0.0825935 4.91907
298 6.73182 -0.0637262 4.93065
299 6.6707 -0.0478095 4.94153
300 6.60455 -0.0302965 4.9522
301 6.6161 -0.0145563 4.89217
302 6.52033 -0.0868801 4.94054
303 6.43028 -0.0598115 4.97752
304 6.34968 -0.0337522 4.99401
305 6.28385 -0.0117899 5.00643
306 6.21583 0.0107287 5.01494
307 6.13961 0.0371575 5.0269
308 6.058 0.0654544 5.03132
309 5.9668 0.0989845 5.0436
310 5.87749 0.133813 5.05778
311 5.78802 0.16966 5.06994
312 5.68231 0.212765 5.08005
313 5.59918 0.249438 5.09532
314 5.52171 0.283905 5.10766
315 5.42775 0.326211 5.11827
316 5.33609 0.368096 5.12468
317 5.24379 0.411873 5.13537
318 5.14762 0.458434 5.14478
319 5.0508 0.50687 5.15623
320 4.95179 0.55734 5.16592
321 4.85412 0.60805 5.17331
322 4.7589 0.659152 5.18471
323 4.65448 0.715954 5.19423
324 4.55531 0.771239 5.20273
325 4.45681 0.827323 5.21195
326 4.3594 0.883889 5.22137
327 4.2592 0.942971 5.22995
328 4.15064 1.0076 5.23551
329 4.05406 1.06706 5.24578
330 3.95965 1.12547 5.25312
331 3.86349 1.18557 5.25971
332 3.76686 1.24652 5.26517
333 3.65886 1.31503 5.2702
334 3.75913 1.336 5.17972
335 3.6703 1.31318 5.18928
336 3.58672 1.29836 5.1964
337 3.53883 1.28001 5.20443
338 3.43093 1.26804 5.215
339 3.33526 1.26486 5.21934
340 3.24224 1.26695 5.22308
341 3.10672 1.29912 5.22709
342 3.0091 1.31833 5.22994
343 2.90528 1.34679 5.2284
344 2.81133 1.37636 5.235
345 2.67975 1.42294 5.23675
346 2.56529 1.46368 5.23925
347 2.45486 1.50522 5.24066
348 2.3483 1.54764 5.24216
349 2.24944 1.58794 5.24405
350 2.14583 1.63213 5.2455
351 2.06543 1.70386 5.25543
352 1.96122 1.74348 5.24666
353 1.84602 1.8017 5.24878
354 1.74265 1.85493 5.24888
355 1.63342 1.90872 5.25071
356 1.51839 1.9665 5.25194
357 1.40811 2.02299 5.25281
358 1.28789 2.12566 5.26846
359 1.18972 2.20256 5.26797
360 1.07678 2.28387 5.26904
361 0.976759 2.3541 5.26853
362 0.880263 2.41907 5.26812
363 0.806806 2.46922 5.26829
364 0.707012 2.52267 5.25302
365 0.602802 2.57947 5.25434
366 0.495864 2.63827 5.25509
367 0.397431 2.69279 5.2565
368 0.296223 2.74956 5.25758
369 0.185048 2.81168 5.26141
370 0.0875696 2.86869 5.26229
371 -0.00687491 2.92415 5.26418
372 -0.0965334 2.97664 5.26454
373 -0.184474 3.02833 5.26691
374 -0.282438 3.08654 5.2677
375 -0.376724 3.14315 5.26975
376 -0.469138 3.19869 5.27036
377 -0.557001 3.25173 5.27248
378 -0.664505 3.31753 5.27423
379 -0.748237 3.36903 5.27461
380 -0.842558 3.42683 5.27578
381 -0.956164 3.49764 5.2771
382 -1.04015 3.55029 5.27766
383 -1.12015 3.59979 5.27995
384 -1.21053 3.65602 5.28007
385 -1.29969 3.71226 5.28236
386 -1.38341 3.76517 5.28452
387 -1.46859 3.81913 5.28525
388 -1.59795 3.89117 5.26389
389 -1.69958 3.94886 5.28838
390 -1.79414 4.00998 5.28951
391 -1.89741 4.06993 5.27127
392 -1.98783 4.11655 5.27197
393 -2.09458 4.17442 5.27336
394 -2.20592 4.23729 5.27602
395 -2.3076 4.29549 5.27717
396 -2.41909 4.36082 5.27982
397 -2.52915 4.4263 5.28079
398 -2.64189 4.49459 5.2838
399 -2.75012 4.56116 5.28608
400 -2.86776 4.63478 5.28712
401 -2.99049 4.71201 5.28965
402 -3.07523 4.77007 5.31833
403 -3.19195 4.84757 5.29637
404 -3.2795 4.90835 5.32332
405 -3.38181 4.98189 5.32349
406 -3.50132 5.06253 5.3013
407 -3.59027 5.12588 5.33107
408 -3.68428 5.19557 5.3363
409 -3.77219 5.26101 5.33747
410 -3.90963 5.3542 5.31012
411 -4.00447 5.4215 5.28684
412 -4.10874 5.47638 5.28188
413 -4.21293 5.55419 5.34139
414 -4.30452 5.61834 5.34342
415 -4.4155 5.69941 5.35445
416 -4.55112 5.80113 5.3135
417 -4.65745 5.87549 5.3453
418 -4.78017 5.96295 5.31299
419 -4.87444 6.03046 5.34625
420 -4.97438 6.10626 5.35827
421 -5.05305 6.16904 5.36973
422 -5.15374 6.23406 5.28188
423 -5.2743 6.30857 5.28934
424 -5.39968 6.3905 5.29074
425 -5.52496 6.4701 5.28919
426 -5.64488 6.54964 5.29225
427 -5.76313 6.62888 5.29139
428 -5.89342 6.71715 5.29103
429 -6.01348 6.80165 5.29285
430 -6.14426 6.88881 5.28991
431 -6.25807 6.96865 5.29127
432 -6.37984 7.05398 5.29194
433 -6.50139 7.14024 5.29305
434 -6.61055 7.22661 5.33752
435 -6.73461 7.31678 5.29796
436 -6.88029 7.42026 5.30028
437 -7.01312 7.52196 5.3423
438 -7.11618 7.6104 5.38107
439 -7.21867 7.69216 5.3831
440 -7.32855 7.77984 5.38424
441 -7.44802 7.87498 5.38428
442 -7.56662 7.96981 5.38521
443 -7.67655 8.05795 5.38636
444 -7.78726 8.1467 5.38694
445 -7.90716 8.243 5.38772
446 -8.01871 8.33283 5.38872
447 -8.12308 8.41675 5.38888
448 -8.22947 8.50249 5.38958
449 -8.34685 8.59708 5.38995
450 -8.45736 8.68614 5.39013
451 -8.56443 8.77259 5.39067
452 -8.68098 8.86667 5.3909
453 -8.80506 8.94543 5.28371
454 -8.88692 8.99991 5.28605
455 -8.94668 9.05231 5.34297
456 -9.08019 9.14653 5.28774
457 -9.15673 9.19727 5.28162
458 -9.28825 9.26868 5.28127
459 -9.42523 9.34468 5.28178
460 -9.54709 9.41249 5.28231
461 -9.6916 9.49599 5.2835
462 -9.82894 9.57626 5.28333
463 -9.96874 9.66073 5.29126
464 -10.0754 9.73452 5.28577
465 -10.1962 9.80786 5.29241
466 -10.3009 9.88199 5.29269
467 -10.3964 9.95175 5.29488
468 -10.514 10.0359 5.29514
469 -10.6172 10.109 5.28547
470 -10.7523 10.1906 5.28358
471 -10.838 10.2428 5.29544
472 -10.9071 10.2933 5.2985
473 -11.0018 10.3622 5.30154
474 -11.0734 10.4251 5.34916
475 -11.1792 10.5186 5.39323
476 -11.2908 10.6094 5.39414
477 -11.405 10.6789 5.27392
478 -11.5066 10.738 5.2819
479 -11.5945 10.7986 5.33901
480 -11.701 10.8943 5.39247
481 -11.8621 10.9976 5.28112
482 -11.9686 11.062 5.28064
483 -12.0895 11.1354 5.28098
484 -12.2005 11.2039 5.28029
485 -12.3011 11.2657 5.28098
486 -12.3797 11.3109 5.28567
487 -12.5076 11.3838 5.27483
488 -12.6362 11.4565 5.27483
489 -12.757 11.5257 5.28131
490 -12.8269 11.57 5.28235
491 -12.9474 11.6439 5.27546
492 -13.0794 11.7214 5.27405
493 -13.2113 11.7992 5.27401
494 -13.3352 11.8724 5.27401
495 -13.4658 11.9498 5.27335
496 -13.5879 12.0224 5.27265
497 -13.715 12.0984 5.27215
498 -13.8345 12.1703 5.27203
499 -13.9591 12.2453 5.27043
500 -14.0839 12.3208 5.27026
501 -14.2094 12.3976 5.27589
502 -14.308 12.4626 5.26965
503 -14.4363 12.5409 5.26822
504 -14.5605 12.6175 5.26718
505 -14.6862 12.6948 5.2664
506 -14.8061 12.7688 5.26637
507 -14.9417 12.8528 5.26577
508 -15.0536 12.9233 5.27124
509 -15.1521 12.9888 5.2712
510 -15.2615 13.0611 5.26363
511 -15.3968 13.146 5.2626
512 -15.518 13.2223 5.26272
513 -15.6393 13.2985 5.26238
514 -15.7684 13.3796 5.2627
515 -15.8893 13.4563 5.26218
516 -16.0137 13.535 5.26148
517 -16.1465 13.6192 5.26129
518 -16.2632 13.6941 5.26076
519 -16.3787 13.7676 5.26004
520 -16.4912 13.8393 5.2597
521 -16.604 13.9114 5.25899
522 -16.6464 13.9475 5.28434
523 -16.8043 14.0425 5.25783
524 -16.9382 14.1299 5.25847
525 -17.0873 14.2203 5.25813
526 -17.2024 14.2889 5.26227
527 -17.3313 14.3647 5.26166
528 -17.4581 14.4389 5.26225
529 -17.5864 14.5148 5.26281
530 -17.6991 14.5809 5.27002
531 -17.8283 14.6563 5.2665
532 -17.9418 14.721 5.26668
533 -18.0575 14.7873 5.26661
534 -18.1787 14.8578 5.26722
535 -18.2967 14.9269 5.26768
536 -18.4154 14.9968 5.26826
537 -18.5379 15.0696 5.26835
538 -18.6648 15.1461 5.27134
539 -18.7617 15.2068 5.27296
540 -18.8484 15.2605 5.27197
541 -18.9577 15.3291 5.27215
542 -19.0635 15.3961 5.27189
543 -19.19 15.476 5.27191
544 -19.3154 15.5569 5.27198
545 -19.4171 15.623 5.27166
546 -19.5272 15.6935 5.27191
547 -19.6517 15.7735 5.27195
548 -19.7663 15.8485 5.27225
549 -19.8868 15.927 5.27204
550 -20.0135 16.0098 5.27122
551 -20.1283 16.0855 5.27107
552 -20.2487 16.1644 5.27076
553 -20.3675 16.2427 5.2705
554 -20.4942 16.326 5.27007
555 -20.6092 16.4028 5.26988
556 -20.7131 16.4721 5.26959
557 -20.8298 16.549 5.26881
558 -20.9675 16.6396 5.26783
559 -21.0849 16.7184 5.26687
560 -21.1967 16.7928 5.26519
561 -21.3124 16.8691 5.26364
562 -21.4332 16.9487 5.26105
563 -21.5503 17.0257 5.25806
564 -21.6745 17.1064 5.25537
565 -21.7913 17.1824 5.25037
566 -21.9241 17.267 5.24567
567 -22.0488 17.3464 5.23972
568 -22.1816 17.4293 5.23259
569 -22.2976 17.5016 5.22716
570 -22.4208 17.5762 5.21924
571 -22.5421 17.6485 5.20987
572 -22.6593 17.7174 5.21014
573 -22.7372 17.7635 5.20113
574 -22.8139 17.8068 5.193
575 -22.8963 17.8516 5.18249
576 -22.9786 17.8954 5.17326
577 -23.0731 17.9436 5.16125
578 -23.1656 17.9896 5.14892
579 -23.2379 18.0251 5.13772
580 -23.3105 18.0589 5.12957
581 -23.3901 18.0947 5.11859
582 -23.4778 18.1327 5.10659
583 -23.5466 18.1621 5.09479
584 -23.6234 18.1928 5.08539
585 -23.7025 18.2237 5.07247
586 -23.8002 18.2598 5.05754
587 -23.8837 18.29 5.04239
588 -23.9774 18.3212 5.02655
589 -24.0623 18.3483 5.01047
590 -24.0571 18.3156 4.95275
591 -24.0761 18.3076 5.01366
592 -24.1928 18.3427 4.99607
593 -24.3112 18.3765 4.97819
594 -24.4286 18.4074 4.9595
595 -24.5282 18.4315 4.94019
596 -24.6317 18.4544 4.91936
597 -24.7341 18.4745 4.90387
598 -24.8421 18.4939 4.87606
599 -24.938 18.5078 4.8554
600 -25.0455 18.5212 4.83397
601 -25.1506 18.5315 4.81295
602 -25.2535 18.5394 4.79193
603 -25.349 18.5441 4.77143
604 -25.4601 18.5468 4.75123
605 -25.5478 18.5472 4.73711
606 -25.6572 18.5457 4.70871
607 -25.7537 18.5416 4.68736
608 -25.8507 18.5349 4.67244
609 -25.9543 18.5263 4.64974
610 -26.0517 18.5166 4.62591
611 -26.1503 18.5041 4.61014
612 -26.2735 18.4868 4.58534
613 -26.3913 18.468 4.55997
614 -26.5017 18.4472 4.53377
615 -26.5496 18.4282 4.56698
616 -26.6766 18.4071 4.48911
617 -26.8139 18.3734 4.46109
618 -26.955 18.3355 4.43436
619 -27.0294 18.3043 4.46179
620 -27.0855 18.2803 4.44744
621 -27.1431 18.2545 4.42146
622 -27.1875 18.2309 4.39527
623 -27.23 18.2149 4.4931
624 -27.3343 18.1818 4.35066
625 -27.3819 18.1501 4.32276
626 -27.4441 18.1114 4.30667
627 -27.4951 18.0776 4.27995
628 -27.5489 18.0512 4.38942
629 -27.6468 18.012 4.24432
630 -27.7081 17.9796 4.35381
631 -27.8047 17.9575 4.42649
632 -27.9034 17.9235 4.41143
633 -27.9984 17.8883 4.3927
634 -28.0974 17.8506 4.37936
635 -28.19 17.8129 4.3629
636 -28.2762 17.7759 4.34323
637 -28.3683 17.7354 4.32722
638 -28.4597 17.6936 4.31433
639 -28.5567 17.6474 4.29864
640 -28.6412 17.6043 4.27944
641 -28.7327 17.5576 4.26722
642 -28.8176 17.5113 4.24854
643 -28.9097 17.4606 4.23592
644 -29.0022 17.4069 4.21789
645 -29.0926 17.3532 4.20557
646 -29.1793 17.2993 4.18797
647 -29.2708 17.2416 4.176
648 -29.3532 17.1869 4.15902
649 -29.4371 17.1305 4.14545
650 -29.5222 17.0719 4.13473
651 -29.6077 17.0108 4.11873
652 -29.6337 16.9395 3.89122
653 -29.4892 16.9432 4.00263
654 -29.5915 16.8739 4.07455
655 -29.6514 16.8076 3.98363
656 -29.6794 16.7521 3.96723
657 -29.7169 16.6944 4.01044
658 -29.7897 16.624 3.94207
659 -29.7612 16.5654 3.86888
660 -29.7039 16.5345 3.93058
661 -29.7228 16.4778 3.9279
662 -29.768 16.411 3.90849
663 -29.8021 16.3448 3.89962
664 -29.8378 16.2794 3.88785
665 -29.8721 16.2146 3.88022
666 -29.9079 16.1495 3.86887
667 -29.9529 16.0742 3.86148
668 -30.008 15.9886 3.85057
669 -30.0593 15.907 3.83987
670 -30.0995 15.8363 3.83305
671 -30.141 15.7646 3.82247
672 -30.1838 15.6896 3.81501
673 -30.2237 15.6196 3.80789
674 -30.2707 15.5404 3.79678
675 -30.311 15.4669 3.78945
676 -30.3552 15.3873 3.78141
677 -30.3959 15.312 3.77223
678 -30.4361 15.237 3.76567
679 -30.4794 15.1572 3.7593
680 -30.5239 15.0754 3.74906
681 -30.5671 14.9944 3.74241
682 -30.6121 14.9096 3.73673
683 -30.6512 14.8324 3.72842
684 -30.694 14.7489 3.72284
685 -30.7377 14.6628 3.71612
686 -30.7781 14.5815 3.7116
687 -30.8169 14.5014 3.70724
688 -30.8584 14.417 3.70343
689 -30.9057 14.324 3.69785
690 -30.951 14.2337 3.69416
691 -30.9956 14.1443 3.68843
692 -31.0393 14.0556 3.68413
693 -31.0867 13.9597 3.68025
694 -31.1336 13.8656 3.67412
695 -31.1801 13.7709 3.67026
696 -31.2272 13.6749 3.66407
697 -31.2706 13.584 3.65967
698 -31.31 13.4996 3.6554
699 -31.3417 13.4277 3.65166
700 -31.3916 13.3224 3.64782
701 -31.4351 13.2298 3.64099
702 -31.4828 13.1279 3.63589
703 -31.528 13.0308 3.62827
704 -31.5747 12.9285 3.62344
705 -31.6273 12.8147 3.6143
706 -31.6713 12.7165 3.6049
707 -31.7129 12.6199 3.59813
708 -31.7558 12.5191 3.58668
709 -31.8019 12.4089 3.57862
710 -31.8328 12.3301 3.57018
711 -31.8742 12.2233 3.55641
712 -31.9108 12.1264 3.54731
713 -31.9482 12.0238 3.53278
714 -31.9871 11.9152 3.52318
715 -32.0254 11.805 3.50762
716 -32.0568 11.7098 3.50657
717 -32.0867 11.6216 3.4902
718 -32.1141 11.5348 3.47269
719 -32.1366 11.4578 3.45439
720 -32.156 11.3851 3.44128
721 -32.1759 11.3056 3.42208
722 -32.1978 11.2116 3.40178
723 -32.2147 11.1309 3.38272
724 -32.2291 11.0522 3.36953
725 -32.2417 10.9755 3.35086
726 -32.2509 10.9084 3.33786
727 -32.2603 10.8315 3.31861
728 -32.2692 10.7507 3.29909
729 -32.2773 10.6617 3.27919
730 -32.2819 10.5928 3.26579
731 -32.2861 10.5075 3.24609
732 -32.2887 10.4342 3.23269
733 -32.2903 10.3523 3.21227
734 -32.2901 10.2663 3.19175
735 -32.2892 10.1629 3.17081
736 -32.2868 10.0861 3.15689
737 -32.2822 9.99677 3.13531
738 -32.2837 9.91893 3.20598
739 -32.2978 9.80468 3.24784
740 -32.3031 9.69945 3.23132
741 -32.3064 9.59736 3.21254
742 -32.3078 9.50055 3.19363
743 -32.3082 9.40484 3.17996
744 -32.3053 9.29121 3.15463
745 -32.3005 9.19195 3.13548
746 -32.295 9.0862 3.12352
747 -32.2865 8.97862 3.10173
748 -32.2752 8.87571 3.07786
749 -32.2631 8.77352 3.06078
750 -32.2491 8.66931 3.04397
751 -32.2338 8.57225 3.02522
752 -32.2132 8.45327 3.00541
753 -32.1923 8.35296 2.98301
754 -32.1715 8.25472 2.9683
755 -32.1501 8.1644 2.94803
756 -32.1263 8.06584 2.93467
757 -32.0997 7.9655 2.91776
758 -32.0704 7.86977 2.89158
759 -32.0384 7.76544 2.87576
760 -32.006 7.66748 2.86093
761 -31.9727 7.57378 2.83934
762 -31.9378 7.47757 2.82545
763 -31.8965 7.3741 2.80259
764 -31.8565 7.27939 2.78345
765 -31.8154 7.18494 2.76699
766 -31.7717 7.08876 2.75054
767 -31.7176 6.97776 2.72673
768 -31.6732 6.89276 2.70821
769 -31.6237 6.79869 2.69002
770 -31.5712 6.70255 2.67468
771 -31.5177 6.61258 2.65051
772 -31.4636 6.52249 2.63567
773 -31.4144 6.44551 2.6147
774 -31.3569 6.3545 2.6048
775 -31.2992 6.27251 2.57661
776 -31.1965 6.13805 2.46997
777 -31.1754 6.26586 2.40438
778 -31.1512 6.46263 2.412
779 -31.1157 6.56235 2.40222
780 -31.0716 6.6233 2.39105
781 -31.0324 6.66865 2.38455
782 -30.9769 6.67333 2.36955
783 -30.9293 6.68616 2.36101
784 -30.8699 6.67425 2.34505
785 -30.8221 6.67144 2.33554
786 -30.7657 6.65721 2.32052
787 -30.7064 6.64077 2.30621
788 -30.6484 6.62471 2.29713
789 -30.5876 6.60444 2.28374
790 -30.5147 6.57453 2.2705
791 -30.4521 6.5529 2.2623
792 -30.3826 6.52521 2.25044
793 -30.3058 6.49233 2.23893
794 -30.2394 6.46585 2.23168
795 -30.1642 6.43448 2.22156
796 -30.0872 6.40048 2.21533
797 -30.0051 6.36261 2.207
798 -29.9276 6.32849 2.20043
799 -29.8469 6.29208 2.19687
800 -29.7553 6.24717 2.19206
801 -29.6751 6.20976 2.18882
802 -29.5962 6.1731 2.18738
803 -29.5139 6.13319 2.18593
804 -29.4349 6.09459 2.18508
805 -29.3449 6.04747 2.18471
806 -29.2542 5.99862 2.18459
807 -29.1752 5.9571 2.18496
808 -29.0988 5.91707 2.18672
809 -29.0172 5.87256 2.18739
810 -28.9235 5.81835 2.18908
811 -28.8423 5.77131 2.19173
812 -28.7628 5.72525 2.19321
813 -28.6785 5.67498 2.19593
814 -28.5995 5.62714 2.19711
815 -28.5175 5.57664 2.19949
816 -28.4346 5.5248 2.20005
817 -28.3458 5.46798 2.20229
818 -28.2617 5.41373 2.20297
819 -28.175 5.35699 2.20533
820 -28.0835 5.29615 2.20522
821 -27.9959 5.23753 2.20541
822 -27.9095 5.17913 2.20851
823 -27.8242 5.12102 2.21095
824 -27.7288 5.05513 2.21013
825 -27.642 4.99458 2.21354
826 -27.5444 4.92572 2.21383
827 -27.452 4.86014 2.21402
828 -27.3626 4.79625 2.21719
829 -27.2679 4.72798 2.2198
830 -27.177 4.66203 2.21995
831 -27.0856 4.59539 2.22351
832 -26.9898 4.52483 2.22393
833 -26.8973 4.45611 2.22756
834 -26.7988 4.38284 2.22684
835 -26.6935 4.3033 2.23006
836 -26.5985 4.23135 2.22989
837 -26.5012 4.15729 2.23332
838 -26.4051 4.08353 2.23743
839 -26.3055 4.00696 2.23717
840 -26.1925 3.91901 2.24038
841 -26.095 3.84281 2.24041
842 -26.0086 3.7694 2.25698
843 -25.8986 3.67325 2.27328
844 -25.7985 3.58832 2.27389
845 -25.691 3.49719 2.27391
846 -25.5023 3.36418 2.23344
847 -25.3733 3.27598 2.18827
848 -25.2321 3.17916 2.19156
849 -25.096 3.08413 2.19073
850 -24.9628 2.99054 2.19159
851 -24.8358 2.90056 2.19201
852 -24.7159 2.81496 2.19207
853 -24.5731 2.71276 2.19294
854 -24.4406 2.61587 2.19283
855 -24.3118 2.52131 2.19435
856 -24.1816 2.42514 2.19566
857 -24.0489 2.3265 2.19568
858 -23.9166 2.22729 2.19687
859 -23.7798 2.12426 2.19722
860 -23.6631 2.03518 2.19718
861 -23.5497 1.94914 2.1976
862 -23.2666 1.72477 2.19788
863 -23.0852 1.59995 2.1935
864 -22.9706 1.51059 2.19595
865 -22.8618 1.42353 2.20082
866 -22.7124 1.31726 2.20178
867 -22.5641 1.21299 2.1948
868 -22.4459 1.11958 2.20107
869 -22.3113 1.02093 2.20119
870 -22.1787 0.923414 2.20158
871 -22.0519 0.829125 2.20021
872 -21.9109 0.725732 2.19229
873 -21.7986 0.636676 2.19383
874 -21.6915 0.551756 2.19234
875 -21.5823 0.465311 2.19343
876 -21.4708 0.377342 2.19192
877 -21.3574 0.287451 2.19209
878 -21.2355 0.191509 2.19046
879 -21.1253 0.102972 2.18944
880 -21.0191 0.0183152 2.18787
881 -20.9005 -0.0752775 2.18844
882 -20.7914 -0.162923 2.18732
883 -20.6764 -0.253804 2.18532
884 -20.5636 -0.344107 2.18591
885 -20.4541 -0.431354 2.18374
886 -20.3461 -0.517565 2.18319
887 -20.2448 -0.598905 2.18178
888 -20.1468 -0.677527 2.18056
889 -20.0468 -0.757703 2.18174
890 -19.9336 -0.846782 2.17964
891 -19.8299 -0.930782 2.1803
892 -19.7321 -1.00981 2.17959
893 -19.6321 -1.09029 2.1811
894 -19.5252 -1.17541 2.17934
895 -19.4285 -1.25398 2.17846
896 -19.3167 -1.34301 2.18036
897 -19.2425 -1.41674 2.23504
898 -19.1306 -1.52465 2.28685
899 -19.0114 -1.62876 2.28797
900 -18.8681 -1.72756 2.17529
901 -18.7954 -1.79868 2.23313
902 -18.6633 -1.90104 2.17619
903 -18.5817 -1.96654 2.17969
904 -18.5276 -2.02294 2.23538
905 -18.3838 -2.13293 2.18292
906 -18.3148 -2.2011 2.23713
907 -18.1942 -2.31633 2.28466
908 -18.0795 -2.41578 2.28518
909 -17.9715 -2.50894 2.28432
910 -17.8588 -2.60601 2.28346
911 -17.7495 -2.70034 2.28331
912 -17.6596 -2.7777 2.28292
913 -17.5641 -2.85982 2.28225
914 -17.4742 -2.93704 2.28177
915 -17.3615 -3.03375 2.28119
916 -17.2486 -3.1303 2.28018
917 -17.1376 -3.22516 2.27965
918 -17.0254 -3.32087 2.27887
919 -16.9091 -3.41955 2.27757
920 -16.7888 -3.52151 2.27639
921 -16.6731 -3.61914 2.2751
922 -16.5381 -3.73258 2.27305
923 -16.4103 -3.8397 2.2718
924 -16.2913 -3.93928 2.27056
925 -16.1608 -4.04773 2.26817
926 -16.043 -4.14542 2.26681
927 -15.9256 -4.24246 2.26504
928 -15.8078 -4.33955 2.26346
929 -15.6827 -4.44219 2.26148
930 -15.566 -4.53773 2.25993
931 -15.4443 -4.63683 2.25786
932 -15.3138 -4.74273 2.25607
933 -15.1846 -4.84739 2.25491
934 -15.0457 -4.95943 2.25299
935 -14.9171 -5.06245 2.25079
936 -14.784 -5.169 2.24925
937 -14.6459 -5.2791 2.24742
938 -14.5051 -5.39105 2.24599
939 -14.3779 -5.49133 2.24343
940 -14.2531 -5.58955 2.24152
941 -14.1271 -5.68887 2.24072
942 -14.0042 -5.78529 2.2392
943 -13.8737 -5.88725 2.23771
944 -13.726 -6.00206 2.23523
945 -13.5847 -6.11142 2.23346
946 -13.4557 -6.21101 2.23184
947 -13.3197 -6.3157 2.23011
948 -13.1897 -6.41546 2.2288
949 -13.067 -6.50906 2.22675
950 -12.9243 -6.61815 2.2259
951 -12.7918 -6.71873 2.22392
952 -12.6573 -6.82057 2.22249
953 -12.5319 -6.91496 2.22016
954 -12.3989 -7.01502 2.21888
955 -12.2726 -7.10964 2.21734
956 -12.146 -7.2041 2.21539
957 -12.0137 -7.3027 2.21407
958 -11.8812 -7.40095 2.212
959 -11.7537 -7.4955 2.21094
960 -11.3788 -7.7546 2.1079
961 -11.2872 -7.75955 2.01921
962 -11.3166 -7.65618 2.03284
963 -11.2916 -7.6038 2.04065
964 -11.2227 -7.5878 2.04851
965 -11.143 -7.58689 2.05337
966 -11.043 -7.60148 2.05715
967 -10.9338 -7.62693 2.06257
968 -10.8122 -7.66295 2.06497
969 -10.691 -7.70219 2.06893
970 -10.5654 -7.74587 2.071
971 -10.435 -7.79471 2.07508
972 -10.2993 -7.84837 2.07607
973 -10.1525 -7.91028 2.07943
974 -9.99935 -7.97845 2.08227
975 -9.86146 -8.03966 2.08331
976 -9.7222 -8.10223 2.0875
977 -9.57978 -8.16803 2.08799
978 -9.5009 -8.21488 2.14856
979 -9.36939 -8.32334 2.2047
980 -9.23015 -8.42622 2.20606
981 -9.09032 -8.5291 2.20578
982 -8.66239 -8.75843 2.11938
983 -8.4217 -8.84731 2.05919
984 -8.1565 -8.92598 2.06192
985 -7.94135 -8.98622 2.0646
986 -7.71751 -9.05478 2.06709
987 -7.50455 -9.12361 2.06906
988 -7.31099 -9.18455 2.07085
989 -7.12189 -9.24594 2.07281
990 -6.93471 -9.30997 2.0751
991 -6.74887 -9.37621 2.07664
992 -6.603 -9.42299 2.07873
993 -6.45544 -9.47119 2.08055
994 -6.2831 -9.53612 2.08223
995 -6.10342 -9.60886 2.0842
996 -5.92171 -9.68526 2.08589
997 -5.76894 -9.74714 2.08715
998 -5.5989 -9.81976 2.08928
999 -5.43871 -9.88904 2.09083
1000 -5.28541 -9.95574 2.09188
1001 -5.1363 -10.021 2.09314
1002 -4.98327 -10.0897 2.09477
1003 -4.84114 -10.154 2.09594
1004 -4.70174 -10.2171 2.09683
1005 -4.5528 -10.2868 2.09789
1006 -4.39983 -10.3604 2.09846
1007 -4.25987 -10.4275 2.09968
1008 -4.11285 -10.4993 2.10092
1009 -3.97114 -10.5694 2.10167
1010 -3.84531 -10.6307 2.10224
1011 -3.72506 -10.6886 2.10301
1012 -3.60731 -10.7456 2.1036
1013 -3.48522 -10.806 2.10468
1014 -3.36673 -10.8649 2.10472
1015 -3.25974 -10.9176 2.10542
1016 -3.14644 -10.9741 2.10597
1017 -3.03903 -11.0279 2.10591
1018 -2.94054 -11.0767 2.10563
1019 -2.83847 -11.1276 2.10539
1020 -2.74465 -11.1743 2.10497
1021 -2.64729 -11.223 2.10429
1022 -2.55452 -11.2695 2.10363
1023 -2.46732 -11.3124 2.08976
1024 -2.36537 -11.3663 2.08803
1025 -2.27092 -11.4157 2.08726
1026 -2.17233 -11.467 2.0845
1027 -2.07889 -11.516 2.08336
1028 -1.98427 -11.5654 2.0796
1029 -1.88377 -11.6183 2.07815
1030 -1.78282 -11.6718 2.0734
1031 -1.69107 -11.7199 2.06638
1032 -1.59784 -11.7678 2.0631
1033 -1.47361 -11.832 2.0572
1034 -1.37382 -11.8845 2.05007
1035 -1.286 -11.929 2.04245
1036 -1.20908 -11.9658 2.03512
1037 -1.17667 -11.9727 2.02884
1038 -1.13532 -11.9835 2.01698
1039 -1.08121 -12.0009 2.01702
1040 -1.03413 -12.0163 2.01706
1041 -0.971272 -12.039 2.01269
1042 -0.908249 -12.0633 2.00985
1043 -0.839451 -12.09 2.00787
1044 -0.796177 -12.1058 1.99455
1045 -0.751714 -12.1214 1.98447
1046 -0.699772 -12.1402 1.98031
1047 -0.653696 -12.1566 1.97221
1048 -0.599249 -12.1761 1.963
1049 -0.551257 -12.1925 1.95173
1050 -0.503703 -12.2076 1.93865
1051 -0.445159 -12.2263 1.92801
1052 -0.393374 -12.2418 1.91281
1053 -0.343692 -12.2553 1.89776
1054 -0.283886 -12.2711 1.88094
1055 -0.236471 -12.282 1.86481
1056 -0.180018 -12.2944 1.84763
1057 -0.109814 -12.309 1.82892
1058 -0.0644149 -12.3163 1.81136
1059 -0.00158279 -12.326 1.79254
1060 0.055209 -12.3338 1.77353
1061 0.105331 -12.3388 1.76604
1062 0.141969 -12.3402 1.73704
1063 0.171523 -12.3385 1.72612
1064 0.206359 -12.337 1.7064
1065 0.255382 -12.3364 1.68395
1066 0.307246 -12.3347 1.6676
1067 0.380178 -12.3342 1.64306
1068 0.444822 -12.3323 1.62913
1069 0.499125 -12.3297 1.62125
1070 0.573133 -12.3274 1.58778
1071 0.629297 -12.321 1.56232
1072 0.693598 -12.3117 1.52876
1073 0.750792 -12.2996 1.51135
1074 0.826803 -12.2858 1.49162
1075 0.908989 -12.2707 1.46958
1076 1.01188 -12.2497 1.43927
1077 1.09634 -12.2298 1.41279
1078 1.155 -12.2147 1.49657
1079 1.31821 -12.1878 1.35407
1080 1.42151 -12.1532 1.32594
1081 1.49735 -12.1288 1.41524
1082 1.63616 -12.1128 1.44907
1083 1.76143 -12.0887 1.4316
1084 1.89045 -12.0581 1.39754
1085 2.02224 -12.0252 1.37338
1086 2.14448 -11.9919 1.35401
1087 2.268 -11.9527 1.32058
1088 2.3841 -11.9146 1.30117
1089 2.4879 -11.8771 1.27506
1090 2.62218 -11.8272 1.2539
1091 2.74192 -11.7773 1.23007
1092 2.85897 -11.7266 1.20843
1093 2.97369 -11.6722 1.18091
1094 3.08349 -11.6179 1.15884
1095 3.19486 -11.5608 1.13905
1096 3.30552 -11.4988 1.11128
1097 3.41409 -11.4359 1.08949
1098 3.52108 -11.3713 1.06872
1099 3.62672 -11.3054 1.05148
1100 3.7358 -11.2346 1.03271
1101 3.84344 -11.1596 1.00799
1102 3.9495 -11.0836 0.988353
1103 4.05427 -11.0065 0.971464
1104 4.15066 -10.9303 0.946471
1105 4.26764 -10.8386 0.932135
1106 4.36574 -10.7571 0.916389
1107 4.437 -10.6967 0.902202
1108 4.52898 -10.6193 0.891251
1109 4.62142 -10.5379 0.876557
1110 4.70887 -10.4587 0.86305
1111 4.8072 -10.3659 0.843287
1112 4.89485 -10.2814 0.831669
1113 4.97748 -10.1996 0.816914
1114 4.72786 -10.2289 0.806339
1115 4.70091 -10.1845 0.697616
1116 4.60119 -10.1274 0.6953
1117 4.60859 -10.0368 0.744778
1118 4.69397 -9.9507 0.768183
1119 4.77375 -9.86387 0.759865
1120 4.77941 -9.79284 0.656156
1121 4.73483 -9.71292 0.652533
1122 4.7617 -9.60623 0.699406
1123 4.84542 -9.51587 0.726281
1124 4.86606 -9.44415 0.628321
1125 4.83735 -9.36832 0.625596
1126 4.81818 -9.29419 0.624424
1127 4.80524 -9.22545 0.625877
1128 4.80623 -9.14234 0.621563
1129 4.81685 -9.05395 0.620324
1130 4.83443 -8.96022 0.619756
1131 4.86009 -8.8647 0.619316
1132 4.90068 -8.75355 0.616815
1133 4.93385 -8.65586 0.616572
1134 4.97302 -8.55333 0.616633
1135 5.02025 -8.44431 0.617101
1136 5.07629 -8.32642 0.61549
1137 5.12595 -8.21938 0.615342
1138 5.17309 -8.11578 0.615393
1139 5.17173 -8.10591 0.634356
1140 5.20863 -8.00928 0.610854
1141 5.25975 -7.91019 0.612791
1142 5.29596 -7.81149 0.61144
1143 5.34632 -7.71805 0.616847
1144 5.38782 -7.62453 0.612187
1145 5.46479 -7.49619 0.611028
1146 5.52207 -7.3988 0.617394
1147 5.55856 -7.31935 0.614719
1148 5.60334 -7.22412 0.618823
1149 5.65036 -7.13571 0.614493
1150 5.70163 -7.03389 0.610504
1151 5.77289 -6.92548 0.643704
1152 5.84243 -6.83344 0.618397
1153 5.88942 -6.748 0.618626
1154 5.94248 -6.65553 0.620974
1155 6.00263 -6.55733 0.613497
1156 6.06157 -6.4527 0.61996
1157 6.11646 -6.36158 0.620959
1158 6.1886 -6.24795 0.622218
1159 6.24427 -6.1598 0.62281
1160 6.30715 -6.06646 0.647669
1161 6.39614 -5.94683 0.622989
1162 6.46759 -5.84401 0.647352
1163 6.54643 -5.73852 0.620896
1164 6.60899 -5.64148 0.622884
1165 6.67129 -5.54543 0.623459
1166 6.71813 -5.46248 0.61803
1167 6.80543 -5.31837 0.624538
1168 6.8883 -5.19341 0.61576
1169 6.95909 -5.07708 0.626502
1170 7.03987 -4.95558 0.61507
1171 7.12405 -4.82052 0.614548
1172 7.20633 -4.68989 0.613766
1173 7.29865 -4.54729 0.605197
1174 7.38901 -4.4041 0.613108
1175 7.48039 -4.26587 0.60879
1176 7.57137 -4.12549 0.608992
1177 7.65524 -3.99613 0.609134
1178 7.73651 -3.87108 0.609633
1179 7.82025 -3.74313 0.611664
1180 7.90558 -3.61653 0.61106
1181 7.98769 -3.49229 0.605602
1182 8.08972 -3.34711 0.608993
1183 8.16773 -3.23777 0.608455
1184 8.24289 -3.13102 0.607874
1185 8.3195 -3.02254 0.607675
1186 8.4128 -2.89809 0.638585
1187 8.45964 -2.8264 0.494162
1188 8.43938 -2.82268 0.620568
1189 8.50734 -2.71459 0.609809
1190 8.57282 -2.62212 0.640775
1191 8.66372 -2.51223 0.666408
1192 8.74896 -2.40434 0.667602
1193 8.83843 -2.29074 0.667536
1194 8.93195 -2.17194 0.667362
1195 9.01406 -2.06751 0.667062
1196 9.09354 -1.96634 0.666604
1197 9.17782 -1.8592 0.666733
1198 9.26883 -1.74345 0.666666
1199 9.35612 -1.63232 0.66637
1200 9.43964 -1.52603 0.666343
1201 9.5222 -1.42094 0.666286
1202 9.60364 -1.31719 0.66603
1203 9.68626 -1.21184 0.665686
1204 9.77938 -1.09315 0.665588
1205 9.85773 -0.993172 0.665348
1206 9.94037 -0.887444 0.664549
1207 10.035 -0.766415 0.664181
1208 10.1253 -0.650775 0.663827
1209 10.2039 -0.550096 0.663449
1210 10.2902 -0.439583 0.663319
1211 10.3717 -0.335118 0.662991
1212 10.4602 -0.221399 0.662369
1213 10.5338 -0.126946 0.662292
1214 10.6052 -0.0352578 0.662179
1215 10.6855 0.0678482 0.661964
1216 10.7668 0.172363 0.661624
1217 10.8494 0.278777 0.661141
1218 10.9283 0.380295 0.660899
1219 11.0072 0.481979 0.660599
1220 11.0929 0.592352 0.660538
1221 11.1691 0.690628 0.660147
1222 11.2471 0.791453 0.659706
1223 11.327 0.894501 0.659679
1224 11.4058 0.996224 0.659439
1225 11.4788 1.09068 0.658929
1226 11.5652 1.20235 0.658774
1227 11.6386 1.29749 0.658264
1228 11.7133 1.39433 0.657744
1229 11.7852 1.48741 0.657865
1230 11.8602 1.58472 0.657412
1231 11.94 1.68829 0.656958
1232 12.0163 1.7873 0.657074
1233 12.101 1.89711 0.656928
1234 12.1804 2.00054 0.655964
1235 12.2581 2.10149 0.655973
1236 12.3345 2.20043 0.656394
1237 12.4193 2.31038 0.65653
1238 12.5007 2.41578 0.656772
1239 12.5775 2.51516 0.657255
1240 12.6685 2.63266 0.657912
1241 12.752 2.7404 0.65838
1242 12.8353 2.84797 0.658636
1243 12.9259 2.9646 0.659366
1244 13.0332 3.10268 0.659859
1245 13.1419 3.24209 0.660808
1246 13.2273 3.35157 0.661207
1247 13.314 3.46276 0.661587
1248 13.4005 3.57366 0.66194
1249 13.492 3.69056 0.662665
1250 13.5743 3.79579 0.663145
1251 13.6628 3.90881 0.663479
1252 13.7499 4.01975 0.664183
1253 13.8398 4.13411 0.665239
1254 13.9339 4.25382 0.665414
1255 14.0197 4.36296 0.665559
1256 14.1091 4.47622 0.666893
1257 14.2014 4.59319 0.667231
1258 14.2984 4.71619 0.667439
1259 14.3865 4.82743 0.668352
1260 14.4761 4.94055 0.66891
1261 14.5629 5.05021 0.669157
1262 14.4589 4.90485 0.580503
1263 14.4428 4.93702 0.541828
1264 14.4424 4.9848 0.547192
1265 14.4603 5.0524 0.554768
1266 14.4898 5.13279 0.558469
1267 14.5287 5.22482 0.561574
1268 14.5649 5.30856 0.56508
1269 14.6129 5.4094 0.567981
1270 14.6725 5.52395 0.572715
1271 14.7283 5.62935 0.57488
1272 14.7765 5.72206 0.577799
1273 14.8142 5.79842 0.581661
1274 14.8518 5.85515 0.630613
1275 14.9433 5.95977 0.676947
1276 15.0392 6.11437 0.583476
1277 15.1054 6.20598 0.632575
1278 15.199 6.3426 0.587233
1279 15.2576 6.44667 0.588083
1280 15.3009 6.50513 0.636007
1281 15.3965 6.61329 0.680979
1282 15.482 6.71812 0.682612
1283 15.5673 6.82287 0.682805
1284 15.6529 6.92768 0.68352
1285 15.7363 7.02993 0.683858
1286 15.8211 7.13356 0.684557
1287 15.9081 7.23982 0.685156
1288 15.9982 7.34967 0.685909
1289 16.0849 7.45537 0.68644
1290 16.169 7.55774 0.68684
1291 16.2617 7.67051 0.687285
1292 16.3498 7.77751 0.687888
1293 16.3961 7.78781 0.846516
1294 16.3645 7.71963 0.448862
1295 16.4181 7.90019 0.465952
1296 16.483 8.092 0.473865
1297 16.5589 8.29045 0.482195
1298 16.6431 8.49038 0.490144
1299 16.7314 8.68599 0.497722
1300 16.8261 8.88418 0.501923
1301 16.9276 9.0852 0.510257
1302 17.0329 9.28408 0.51337
1303 17.1376 9.47462 0.521717
1304 17.2367 9.64956 0.528935
1305 17.3377 9.82438 0.536527
1306 17.4538 9.99596 0.618638
1307 17.5467 10.0938 0.690659
1308 17.6327 10.1976 0.692003
1309 17.7284 10.3136 0.691338
1310 17.8277 10.4342 0.690825
1311 17.9065 10.5308 0.688913
1312 17.9874 10.6299 0.687413
1313 18.067 10.7276 0.68639
1314 18.1443 10.823 0.684531
1315 18.2233 10.9207 0.683241
1316 18.3121 11.0308 0.681756
1317 18.3951 11.1347 0.679238
1318 18.482 11.2432 0.678181
1319 18.5742 11.3594 0.67565
1320 18.6518 11.4575 0.673605
1321 18.7324 11.5598 0.671721
1322 18.8111 11.66 0.669813
1323 18.8945 11.7666 0.667727
1324 18.9809 11.8771 0.666488
1325 19.0592 11.978 0.66421
1326 19.1544 12.1006 0.662604
1327 19.2428 12.215 0.660991
1328 19.3249 12.3214 0.659915
1329 19.4072 12.4277 0.659475
1330 19.487 12.5309 0.659008
1331 19.5687 12.6366 0.658538
1332 19.6636 12.7593 0.658602
1333 19.7541 12.8758 0.65934
1334 19.8484 12.9973 0.659614
1335 19.9427 13.1188 0.659769
1336 20.0267 13.2268 0.660491
1337 20.1071 13.3301 0.660867
1338 20.1934 13.4408 0.661345
1339 20.2589 13.5248 0.661787
1340 20.3289 13.6144 0.662448
1341 20.4273 13.7401 0.663343
1342 20.5115 13.8477 0.663666
1343 20.5926 13.9511 0.664524
1344 20.6739 14.0548 0.66447
1345 20.5905 13.9507 0.692176
1346 20.6835 14.0643 0.678634
1347 20.7796 14.2203 0.539368
1348 20.8506 14.3405 0.5406
1349 20.9281 14.4745 0.540925
1350 21.0042 14.6011 0.540981
1351 21.0717 14.7167 0.541214
1352 21.1378 14.8303 0.541675
1353 21.2086 14.9502 0.541953
1354 21.2712 15.058 0.541115
1355 21.3359 15.1691 0.540515
1356 21.4066 15.2899 0.539802
1357 21.4663 15.3924 0.537287
1358 21.526 15.4961 0.535213
1359 21.5882 15.6033 0.533677
1360 21.6393 15.6921 0.53202
1361 21.6832 15.7715 0.529707
1362 21.7343 15.8639 0.527911
1363 21.7968 15.9739 0.526651
1364 21.8518 16.0694 0.524536
1365 21.9081 16.169 0.522421
1366 21.9642 16.2681 0.519076
1367 22.0227 16.3714 0.516941
1368 22.075 16.464 0.514513
1369 22.1319 16.5654 0.512847
1370 22.193 16.6732 0.509336
1371 22.2446 16.7636 0.507477
1372 22.2873 16.841 0.505616
1373 22.3255 16.912 0.503673
1374 22.3703 16.9968 0.503797
1375 22.4177 17.0826 0.501408
1376 22.4631 17.1659 0.500207
1377 22.5092 17.2506 0.498036
1378 22.5573 17.3386 0.497232
1379 22.606 17.4272 0.496974
1380 22.6502 17.5066 0.495761
1381 22.6914 17.5816 0.495689
1382 22.7348 17.6614 0.496103
1383 22.7769 17.7378 0.496515
1384 22.8178 17.8128 0.496254
1385 22.8587 17.8868 0.496687
1386 22.8932 17.9499 0.49713
1387 22.9298 18.0176 0.497535
1388 22.9668 18.0859 0.497644
1389 23.004 18.1535 0.497967
1390 23.038 18.2152 0.498007
1391 23.071 18.276 0.498241
1392 23.1054 18.3392 0.497989
1393 23.1397 18.4014 0.498438
1394 23.1736 18.4634 0.498886
1395 23.2026 18.5169 0.499137
1396 23.233 18.5727 0.498952
1397 23.2634 18.6285 0.499293
1398 23.2902 18.678 0.498968
1399 23.3177 18.7286 0.499518
1400 23.3426 18.775 0.499859
1401 23.3658 18.8189 0.500048
1402 23.3892 18.8625 0.500035
1403 23.4111 18.9039 0.500551
1404 23.4315 18.9428 0.500744
1405 23.4493 18.9771 0.500916
1406 23.464 19.0067 0.501402
1407 23.4782 19.0359 0.501817
1408 23.4924 19.0649 0.502299
1409 23.505 19.0911 0.502296
1410 23.517 19.1164 0.502917
1411 23.5272 19.1387 0.503326
1412 23.5385 19.1626 0.5037
1413 23.5472 19.1822 0.504197
1414 23.5529 19.1972 0.504498
1415 23.5573 19.2102 0.504926
1416 23.5619 19.2238 0.505493
1417 23.5666 19.2375 0.506063
1418 23.5716 19.2513 0.506761
1419 23.5761 19.2646 0.507309
1420 23.5808 19.2779 0.507894
1421 23.585 19.2904 0.5085
1422 23.5896 19.3035 0.509107
1423 23.5935 19.3155 0.509673
1424 23.5979 19.3281 0.510252
1425 23.6019 19.3401 0.510806
1426 23.6056 19.3514 0.511342
1427 23.6091 19.3625 0.511899
1428 23.6127 19.3737 0.512434
1429 23.6159 19.3842 0.512952
1430 23.619 19.3943 0.513461
1431 23.6221 19.4044 0.513959
1432 23.6253 19.4147 0.514491
