0 23.1339 21.1595 3.77628
1 23.1322 21.1573 3.74456
0 23.1435 21.1708 3.7445
0 23.1541 21.183 3.74534
0 23.1635 21.1936 3.77677
1 23.1592 21.1874 3.77835
2 23.1544 21.1806 3.77809
3 23.1509 21.1758 3.7462
4 23.1613 21.1877 3.74607
5 23.1715 21.1994 3.77749
6 23.1672 21.1934 3.77908
7 23.1631 21.1876 3.74727
8 23.1723 21.198 3.77771
9 23.1678 21.1916 3.77923
10 23.1645 21.1869 3.74744
11 23.1747 21.1986 3.74726
12 23.1835 21.2085 3.77862
13 23.1796 21.203 3.7803
14 23.1749 21.1966 3.78002
15 23.1698 21.1895 3.77967
16 23.1662 21.1843 3.74775
17 23.1736 21.1923 3.77805
18 23.1663 21.1822 3.77944
19 23.1567 21.1691 3.77882
20 23.1458 21.1541 3.7783
21 23.1301 21.1328 3.77755
22 23.1117 21.1078 3.77674
23 23.0935 21.0829 3.77612
24 23.0714 21.0527 3.77543
25 23.0489 21.022 3.77469
26 23.0251 20.9896 3.77394
27 22.9916 20.9437 3.77261
28 22.9597 20.8999 3.77142
29 22.9307 20.8564 3.73785
30 22.9187 20.8393 3.76939
31 22.8824 20.7894 3.76991
32 22.8413 20.7328 3.76896
33 22.7838 20.6466 3.726
34 22.7399 20.5784 3.72311
35 22.6871 20.4963 3.7217
36 22.6439 20.4292 3.72052
37 22.5991 20.3594 3.72014
38 22.5519 20.2857 3.71869
39 22.4964 20.1989 3.71793
40 22.4489 20.1249 3.71666
41 22.3925 20.0369 3.71544
42 22.3467 19.9627 3.70271
43 22.2979 19.8841 3.71315
44 22.232 19.7811 3.71236
45 22.1721 19.6876 3.71015
46 22.1248 19.6109 3.69926
47 22.0795 19.5346 3.69795
48 22.0404 19.4686 3.69881
49 22.0032 19.4057 3.69887
50 21.9647 19.3349 3.6721
51 21.9273 19.2674 3.67077
52 21.8866 19.1948 3.67094
53 21.848 19.1264 3.67212
54 21.8114 19.0612 3.67242
55 21.7817 19.0079 3.67307
56 21.7382 18.931 3.67437
57 21.6999 18.8645 3.6762
58 21.6647 18.803 3.67655
59 21.6288 18.7404 3.67695
60 21.5946 18.6788 3.66946
61 21.5353 18.5801 3.66944
62 21.4915 18.5103 3.67013
63 21.4415 18.4269 3.67041
64 21.3871 18.3375 3.67063
65 21.3357 18.2539 3.67122
66 21.2764 18.1562 3.67114
67 21.2244 18.0728 3.67153
68 21.1744 17.9913 3.67122
69 21.1215 17.9047 3.67175
70 21.0694 17.8197 3.67145
71 21.0145 17.7298 3.67154
72 20.9616 17.6442 3.6721
73 20.8963 17.5372 3.67217
74 20.8408 17.4487 3.67144
75 20.783 17.355 3.67183
76 20.7259 17.2628 3.67109
77 20.6607 17.1567 3.67128
78 20.5902 17.0426 3.67116
79 20.523 16.9345 3.66992
80 20.4476 16.8124 3.66992
81 20.3769 16.6998 3.67057
82 20.3049 16.5835 3.66969
83 20.2274 16.4588 3.67004
84 20.1557 16.345 3.67082
85 20.086 16.2335 3.6715
86 20.0046 16.1018 3.67198
87 19.9294 15.9822 3.67106
88 19.8569 15.8668 3.67218
89 19.7862 15.7539 3.67166
90 19.706 15.6253 3.67296
91 19.6327 15.5101 3.67478
92 19.5339 15.3386 3.64748
93 19.4167 15.1269 3.6447
94 19.2993 14.9147 3.64462
95 19.2106 14.7628 3.66736
96 19.1212 14.608 3.6453
97 19.0134 14.4125 3.64379
98 18.923 14.2566 3.66497
99 18.823 14.0866 3.64993
100 18.7249 13.9023 3.64393
101 18.641 13.7529 3.65035
102 18.5374 13.5641 3.64403
103 18.4573 13.4149 3.6301
104 18.3417 13.2155 3.63417
105 18.2016 13.0021 3.70332
106 18.0845 12.8634 3.77133
107 17.9796 12.7236 3.778
108 17.8707 12.5771 3.779
109 17.7935 12.4328 3.6585
110 17.7502 12.3777 3.71994
111 17.6226 12.2212 3.77537
112 17.5252 12.0454 3.66373
113 17.4852 12.0007 3.72497
114 17.3644 11.8547 3.77797
115 17.2539 11.7089 3.78345
116 17.1108 11.5189 3.78523
117 16.9923 11.3618 3.78607
118 16.8747 11.2065 3.78746
119 16.7584 11.0529 3.7883
120 16.6775 10.8879 3.62916
121 16.5601 10.6757 3.62328
122 16.4307 10.443 3.6256
123 16.2972 10.2062 3.62786
124 16.1725 9.98892 3.62954
125 16.0553 9.7843 3.63142
126 15.9313 9.5661 3.63595
127 15.8199 9.37367 3.63462
128 15.7048 9.17349 3.63815
129 15.5793 8.95566 3.64042
130 15.4633 8.76074 3.64306
131 15.3418 8.55335 3.64536
132 15.2197 8.3488 3.64745
133 15.1002 8.15 3.64991
134 14.9824 7.95612 3.65294
135 14.8633 7.76075 3.65905
136 14.873 7.74233 3.61926
137 14.8949 7.72923 3.60251
138 14.9336 7.73889 3.60332
139 14.9514 7.7188 3.6056
140 14.9479 7.66611 3.60731
141 14.9332 7.59637 3.60325
142 14.8906 7.4805 3.60855
143 14.8385 7.35081 3.60986
144 14.7747 7.20202 3.61346
145 14.7405 7.11481 3.61627
146 14.6973 7.00974 3.61794
147 14.6603 6.91962 3.61955
148 14.6141 6.81163 3.62059
149 14.5736 6.71711 3.62199
150 14.5297 6.61548 3.62364
151 14.4843 6.51277 3.62443
152 14.4391 6.41118 3.62548
153 14.3903 6.30282 3.62699
154 14.3313 6.17756 3.62845
155 14.2821 6.07427 3.62992
156 14.2269 5.95691 3.63121
157 14.1771 5.85239 3.63202
158 14.1276 5.74744 3.63294
159 14.0765 5.63943 3.63435
160 14.023 5.53117 3.64342
161 13.9848 5.46315 3.64958
162 13.9461 5.39097 3.64
163 13.8943 5.28503 3.6403
164 13.8325 5.1636 3.65278
165 13.797 5.10442 3.65793
166 13.7499 5.01894 3.64738
167 13.7 4.92355 3.66254
168 13.665 4.86363 3.67138
169 13.6246 4.79263 3.65653
170 13.5654 4.67851 3.65855
171 13.5041 4.56123 3.66401
172 13.4418 4.44355 3.66736
173 13.3707 4.31322 3.67344
174 13.3128 4.20742 3.67751
175 13.2569 4.10404 3.68366
176 13.2063 4.00981 3.68811
177 13.1519 3.90981 3.69383
178 13.093 3.80483 3.69977
179 13.0426 3.71573 3.70573
180 13.0005 3.64149 3.72757
181 12.9736 3.59942 3.71717
182 12.9278 3.51798 3.72144
183 12.8825 3.43746 3.72766
184 12.8369 3.35694 3.73184
185 12.7984 3.28789 3.73416
186 12.766 3.22737 3.73654
187 12.7283 3.15999 3.7479
188 12.6875 3.08943 3.75375
189 12.65 3.02491 3.75969
190 12.6186 2.9678 3.75266
191 12.5542 2.87286 3.76135
192 12.4894 2.77786 3.7691
193 12.4235 2.6823 3.77737
194 12.3541 2.58353 3.78634
195 12.2922 2.4985 3.8064
196 12.2223 2.39393 3.80148
197 12.1579 2.30876 3.8278
198 12.0941 2.21604 3.81848
199 12.0218 2.12331 3.84542
200 11.9601 2.03805 3.83749
201 11.8991 1.95915 3.84824
202 11.8399 1.88592 3.87452
203 11.7735 1.79919 3.86751
204 11.7103 1.72287 3.87693
205 11.6433 1.64396 3.88754
206 11.5801 1.57108 3.89618
207 11.5133 1.4953 3.90738
208 11.4432 1.4184 3.91965
209 11.3758 1.34591 3.92994
210 11.302 1.2686 3.94364
211 11.284 1.24854 3.93203
212 11.2771 1.23695 3.93868
213 11.2665 1.22279 3.95134
214 11.242 1.19629 3.96479
215 11.2243 1.17771 3.97417
216 11.2078 1.16023 3.98776
217 11.1886 1.14114 3.9976
218 11.155 1.11059 4.01234
219 11.0837 1.04963 4.05177
220 11.0537 1.02676 4.04061
221 10.9924 0.975335 4.07569
222 10.9635 0.954503 4.06818
223 10.9414 0.937708 4.07785
224 10.9156 0.919493 4.09439
225 10.8539 0.87409 4.13403
226 10.7769 0.820953 4.15607
227 10.7375 0.798876 4.14306
228 10.6726 0.757043 4.1841
229 10.6365 0.739549 4.17206
230 10.5766 0.703572 4.21511
231 10.5058 0.663257 4.23795
232 10.4471 0.630676 4.25135
233 10.4038 0.606184 4.25871
234 10.3553 0.579448 4.27782
235 10.3024 0.552703 4.29027
236 10.253 0.528712 4.30313
237 10.2349 0.528604 4.27341
238 10.238 0.538475 4.28952
239 10.1761 0.475878 4.26111
240 10.1582 0.459442 4.31377
241 10.1458 0.462339 4.32799
242 10.1297 0.464434 4.33914
243 10.1119 0.466053 4.35042
244 10.0899 0.466316 4.36854
245 9.99563 0.395855 4.33304
246 9.93839 0.364154 4.44151
247 9.88661 0.350232 4.46297
248 9.83533 0.337591 4.47503
249 9.78378 0.325968 4.49401
250 9.73077 0.314893 4.50574
251 9.67235 0.303382 4.51649
252 9.60187 0.290353 4.52576
253 9.55991 0.283105 4.53751
254 9.51705 0.276102 4.54713
255 9.46809 0.268459 4.55885
256 9.42346 0.261546 4.56434
257 9.38034 0.255185 4.56904
258 9.33569 0.248944 4.57385
259 9.29124 0.242966 4.57906
260 9.24418 0.235417 4.56043
261 9.20339 0.228946 4.55436
262 9.16127 0.223208 4.56168
263 9.10729 0.216274 4.56981
264 9.0496 0.209843 4.58081
265 9.00545 0.187693 4.4251
266 8.89886 0.127044 4.50668
267 8.83314 0.122874 4.59793
268 8.77928 0.119707 4.61778
269 8.72963 0.100532 4.48135
270 8.62985 0.0496236 4.5552
271 8.5687 0.0475742 4.63878
272 8.5113 0.0464351 4.65924
273 8.4637 0.0456522 4.66952
274 8.4234 0.0454946 4.68215
275 8.38663 0.0452054 4.68856
276 8.36385 0.0350372 4.56627
277 8.28813 -0.00579891 4.63255
278 8.26374 -0.0136398 4.59198
279 8.18347 -0.0493064 4.65167
280 8.13607 -0.048035 4.71676
281 8.09663 -0.0562536 4.61796
282 8.00771 -0.0876997 4.67435
283 7.93963 -0.0840432 4.73639
284 7.88611 -0.0800633 4.75424
285 7.85177 -0.0861102 4.65455
286 7.76576 -0.113658 4.70852
287 7.70818 -0.108149 4.77161
288 7.66667 -0.111261 4.69197
289 7.59907 -0.134824 4.69887
290 7.50521 -0.156126 4.74922
291 7.43425 -0.146103 4.81032
292 7.35722 -0.134929 4.82873
293 7.28968 -0.125078 4.83593
294 7.22048 -0.11353 4.85081
295 7.17916 -0.110736 4.78012
296 7.10299 -0.123035 4.82018
297 7.03372 -0.108252 4.88203
298 6.97268 -0.0957384 4.89229
299 6.91509 -0.0836228 4.90091
300 6.85248 -0.0700935 4.90823
301 6.8127 -0.0626577 4.8516
302 6.76747 -0.0707956 4.85829
303 6.68974 -0.0747205 4.89418
304 6.63731 -0.0602732 4.88562
305 6.56529 -0.0603631 4.91838
306 6.5014 -0.0403674 4.9645
307 6.44328 -0.0234569 4.97526
308 6.37309 -0.002978 4.98167
309 6.30425 0.0185059 4.99307
310 6.23224 0.0413821 5.00112
311 6.13963 0.0721511 5.01396
312 6.06055 0.100279 5.02603
313 5.97053 0.13223 5.03384
314 5.89152 0.162426 5.04795
315 5.81317 0.193057 5.06026
316 5.72716 0.227266 5.06997
317 5.63461 0.265662 5.08225
318 5.52944 0.310362 5.0928
319 5.44066 0.350299 5.10619
320 5.35106 0.39095 5.11559
321 5.24814 0.4387 5.12631
322 5.16148 0.480904 5.13886
323 5.06605 0.527477 5.14808
324 4.95998 0.580282 5.15728
325 4.85315 0.634759 5.16585
326 4.7519 0.688444 5.17753
327 4.65612 0.738989 5.18356
328 4.56911 0.786042 5.19175
329 4.47395 0.837871 5.19845
330 4.5271 0.832223 5.07235
331 4.67104 0.7475 5.09924
332 4.65649 0.723209 5.16079
333 4.60637 0.759477 5.13593
334 4.54775 0.77089 5.18428
335 4.44006 0.840916 5.2327
336 4.33561 0.891578 5.14828
337 4.19466 0.935051 5.15359
338 4.06184 0.976755 5.15972
339 3.9219 1.02293 5.16789
340 3.77839 1.07321 5.17212
341 3.60351 1.12538 5.17989
342 3.451 1.17201 5.18767
343 3.30599 1.21977 5.1955
344 3.13855 1.2821 5.20202
345 3.01386 1.33741 5.20777
346 2.8892 1.39286 5.21399
347 2.73385 1.45771 5.21921
348 2.59985 1.51354 5.22391
349 2.4713 1.56793 5.22862
350 2.34274 1.62447 5.2333
351 2.19789 1.69131 5.2391
352 2.0589 1.75877 5.24459
353 1.89694 1.84148 5.25049
354 1.75378 1.91526 5.2556
355 1.62858 1.9799 5.26039
356 1.47845 2.06039 5.26552
357 1.33332 2.14144 5.26941
358 1.20534 2.21235 5.27284
359 1.06541 2.29207 5.27598
360 0.915232 2.38003 5.27881
361 0.765121 2.46921 5.28096
362 0.624471 2.55307 5.28285
363 0.478276 2.64121 5.28538
364 0.336923 2.72704 5.28689
365 0.203293 2.80885 5.28905
366 0.0604195 2.89723 5.29053
367 -0.0869046 2.98921 5.29184
368 -0.245646 3.08976 5.29307
369 -0.398203 3.187 5.29488
370 -0.543627 3.27965 5.29657
371 -0.672261 3.36367 5.29566
372 -0.78794 3.43934 5.29404
373 -0.911894 3.52103 5.30342
374 -1.04951 3.60925 5.29899
375 -1.1913 3.69649 5.3061
376 -1.30132 3.76968 5.30862
377 -1.46914 3.87609 5.29159
378 -1.6384 3.97977 5.2942
379 -1.83199 4.10061 5.29582
380 -1.98134 4.19867 5.31364
381 -2.13007 4.29717 5.29966
382 -2.28025 4.39186 5.29911
383 -2.43698 4.4915 5.30117
384 -2.59271 4.59163 5.30373
385 -2.77475 4.71016 5.30533
386 -2.93477 4.8156 5.30552
387 -3.10573 4.92862 5.30729
388 -3.27253 5.04011 5.30942
389 -3.41873 5.1383 5.3121
390 -3.51611 5.20723 5.33551
391 -3.67387 5.31678 5.3167
392 -3.7848 5.39703 5.33837
393 -3.91246 5.48144 5.29772
394 -4.07069 5.59413 5.30542
395 -4.20565 5.6841 5.31269
396 -4.32405 5.76507 5.33739
397 -4.44882 5.8558 5.34416
398 -4.56406 5.94074 5.34367
399 -4.70774 6.03489 5.2977
400 -4.88573 6.15477 5.28755
401 -5.02719 6.24641 5.28751
402 -5.16486 6.33924 5.29089
403 -5.31321 6.43464 5.2886
404 -5.45786 6.53309 5.29211
405 -5.59759 6.62964 5.29278
406 -5.76915 6.74259 5.29166
407 -5.93998 6.85555 5.29142
408 -6.08554 6.95731 5.29252
409 -6.20714 7.05375 5.34186
410 -6.35965 7.18768 5.3906
411 -6.51994 7.29476 5.30308
412 -6.67628 7.41598 5.3488
413 -6.82266 7.52212 5.30425
414 -6.9933 7.65421 5.35007
415 -7.11617 7.76498 5.39425
416 -7.24899 7.87522 5.39942
417 -7.37702 7.98089 5.40064
418 -7.52441 8.10225 5.40074
419 -7.6528 8.20836 5.40152
420 -7.78106 8.31446 5.40226
421 -7.91781 8.42774 5.40301
422 -8.06681 8.55124 5.40348
423 -8.19601 8.65838 5.40382
424 -8.29246 8.7385 5.40429
425 -8.41729 8.84232 5.40511
426 -8.54154 8.94555 5.40513
427 -8.66918 9.05199 5.40605
428 -8.81036 9.13499 5.27817
429 -8.89831 9.18476 5.27446
430 -9.07983 9.31459 5.33834
431 -9.21671 9.40836 5.27375
432 -9.33666 9.47077 5.2704
433 -9.4997 9.56052 5.27134
434 -9.62986 9.63332 5.27373
435 -9.73299 9.69878 5.28389
436 -9.86795 9.7851 5.2758
437 -10.0185 9.87564 5.28244
438 -10.1141 9.94177 5.29033
439 -10.207 10.0058 5.29145
440 -10.2876 10.0626 5.2936
441 -10.3858 10.1314 5.29816
442 -10.4824 10.2007 5.29922
443 -10.6448 10.3083 5.28211
444 -10.7881 10.3997 5.29643
445 -10.9035 10.4764 5.26778
446 -11.0793 10.6016 5.33953
447 -11.2173 10.7331 5.41071
448 -11.338 10.8382 5.41833
449 -11.4614 10.9441 5.41954
450 -11.6173 11.0397 5.28688
451 -11.7394 11.119 5.28657
452 -11.8783 11.2084 5.2866
453 -11.989 11.2796 5.28824
454 -12.0992 11.3484 5.28462
455 -12.2423 11.4336 5.28796
456 -12.3605 11.5097 5.29197
457 -12.5029 11.6017 5.28301
458 -12.6696 11.7032 5.28195
459 -12.8128 11.7898 5.28921
460 -12.9317 11.8683 5.29281
461 -13.0679 11.9568 5.28477
462 -13.2288 12.0551 5.28342
463 -13.3342 12.1186 5.29175
464 -13.4481 12.1921 5.29599
465 -13.5696 12.273 5.29585
466 -13.684 12.3504 5.2969
467 -13.8198 12.4417 5.29807
468 -13.9476 12.5299 5.29763
469 -14.0917 12.6271 5.28701
470 -14.2602 12.7327 5.2852
471 -14.425 12.8359 5.28599
472 -14.592 12.9408 5.28718
473 -14.7528 13.0426 5.28749
474 -14.9142 13.1441 5.28762
475 -15.0931 13.2578 5.28839
476 -15.2459 13.3557 5.28886
477 -15.4066 13.4585 5.29038
478 -15.5677 13.5616 5.2912
479 -15.7379 13.6717 5.29174
480 -15.8828 13.7662 5.29182
481 -16.0526 13.8756 5.29195
482 -16.177 13.9569 5.29189
483 -16.3351 14.0579 5.2919
484 -16.4868 14.1568 5.29184
485 -16.6499 14.2633 5.29185
486 -16.7701 14.3423 5.29143
487 -16.8926 14.4205 5.29118
488 -17.0428 14.5172 5.29076
489 -17.1813 14.6086 5.29381
490 -17.3177 14.6949 5.29359
491 -17.436 14.7689 5.29608
492 -17.5663 14.851 5.29826
493 -17.7173 14.9436 5.29077
494 -17.8606 15.0325 5.28947
495 -17.9972 15.1166 5.28665
496 -18.1538 15.2131 5.28554
497 -18.2979 15.3038 5.2849
498 -18.4455 15.3947 5.28865
499 -18.5805 15.4812 5.28687
500 -18.6937 15.554 5.28297
501 -18.8126 15.6286 5.27794
502 -18.9483 15.7126 5.2691
503 -19.0945 15.8008 5.26845
504 -19.1964 15.8633 5.266
505 -19.3059 15.9298 5.26315
506 -19.4144 15.9952 5.26068
507 -19.5225 16.0604 5.2575
508 -19.6323 16.1262 5.25586
509 -19.7402 16.1908 5.25334
510 -19.8451 16.2533 5.25161
511 -19.953 16.3173 5.24904
512 -20.0792 16.3923 5.24682
513 -20.1844 16.4556 5.24585
514 -20.3098 16.5301 5.24524
515 -20.4297 16.6022 5.24454
516 -20.5546 16.6774 5.24454
517 -20.6686 16.7463 5.24442
518 -20.7761 16.8111 5.24383
519 -20.8817 16.8741 5.24365
520 -20.985 16.936 5.24314
521 -21.1 17.0047 5.24219
522 -21.2307 17.0827 5.23998
523 -21.3418 17.1499 5.23801
524 -21.4595 17.2196 5.23438
525 -21.5732 17.2865 5.22961
526 -21.68 17.3487 5.22587
527 -21.7917 17.4127 5.21911
528 -21.9126 17.4809 5.21212
529 -22.0125 17.5373 5.20688
530 -22.1252 17.5986 5.19892
531 -22.243 17.6623 5.1917
532 -22.3643 17.727 5.18441
533 -22.4571 17.7763 5.18793
534 -22.5316 17.8148 5.18487
535 -22.593 17.8464 5.1784
536 -22.6571 17.878 5.17264
537 -22.7222 17.9093 5.16448
538 -22.8119 17.9513 5.15469
539 -22.8768 17.9818 5.14537
540 -22.9511 18.0145 5.13608
541 -23.0094 18.0398 5.12981
542 -23.0721 18.0656 5.12192
543 -23.1336 18.0902 5.11329
544 -23.2014 18.1169 5.10627
545 -23.2762 18.146 5.09652
546 -23.3398 18.1699 5.08622
547 -23.4084 18.1942 5.07547
548 -23.4844 18.2203 5.06395
549 -23.5512 18.2427 5.05512
550 -23.6251 18.2663 5.04244
551 -23.7013 18.2895 5.02939
552 -23.7583 18.3006 5.00104
553 -23.8037 18.3056 5.01952
554 -23.8906 18.328 5.00555
555 -23.9646 18.3459 4.99062
556 -24.0195 18.3565 4.98421
557 -24.1111 18.377 4.96378
558 -24.194 18.394 4.95133
559 -24.2793 18.4103 4.93413
560 -24.3782 18.4274 4.91598
561 -24.4552 18.439 4.89797
562 -24.5516 18.452 4.87933
563 -24.6413 18.4622 4.86063
564 -24.7331 18.4712 4.84173
565 -24.829 18.4785 4.82199
566 -24.922 18.4833 4.80272
567 -25.0206 18.4869 4.78218
568 -25.1104 18.4878 4.76219
569 -25.214 18.4874 4.74118
570 -25.3312 18.4846 4.72006
571 -25.4285 18.4804 4.69862
572 -25.5452 18.4721 4.67693
573 -25.6743 18.4609 4.64768
574 -25.7863 18.4476 4.63303
575 -25.8971 18.4331 4.626
576 -26.0224 18.4151 4.59067
577 -26.1188 18.3973 4.57638
578 -26.2193 18.3766 4.54784
579 -26.3299 18.3509 4.53425
580 -26.4398 18.3247 4.51325
581 -26.5532 18.2956 4.50025
582 -26.6839 18.2617 4.4799
583 -26.8196 18.2248 4.45992
584 -26.962 18.1842 4.44084
585 -27.0416 18.1511 4.47028
586 -27.0882 18.1265 4.45822
587 -27.1391 18.1011 4.44586
588 -27.1869 18.0758 4.42654
589 -27.249 18.0451 4.40673
590 -27.3032 18.0167 4.38602
591 -27.3521 17.9886 4.37223
592 -27.4093 17.9572 4.35888
593 -27.4838 17.9186 4.33819
594 -27.5498 17.8831 4.31542
595 -27.6117 17.848 4.30148
596 -27.6885 17.8049 4.27903
597 -27.7789 17.7547 4.25635
598 -27.856 17.7117 4.24133
599 -27.933 17.679 4.35449
600 -28.0341 17.6566 4.4351
601 -28.1413 17.6221 4.42776
602 -28.2305 17.5912 4.41418
603 -28.3358 17.5526 4.3952
604 -28.4232 17.5196 4.38372
605 -28.5215 17.4798 4.36434
606 -28.6181 17.439 4.34836
607 -28.7085 17.3986 4.32977
608 -28.8017 17.3561 4.31669
609 -28.8895 17.3136 4.2984
610 -28.9813 17.2684 4.28556
611 -29.0761 17.2196 4.26909
612 -29.1679 17.1706 4.25538
613 -29.2549 17.1221 4.23792
614 -29.3456 17.0707 4.22598
615 -29.4439 17.0116 4.2055
616 -29.5269 16.9612 4.19504
617 -29.6083 16.9092 4.17838
618 -29.6887 16.8566 4.16261
619 -29.77 16.8037 4.15531
620 -29.7584 16.76 3.98318
621 -29.7222 16.732 4.06012
622 -29.7718 16.6766 4.01288
623 -29.8005 16.6289 4.06247
624 -29.8483 16.5686 3.98435
625 -29.847 16.5239 3.97327
626 -29.859 16.4749 3.96062
627 -29.8634 16.4315 3.95223
628 -29.8514 16.3872 3.90572
629 -29.8163 16.3509 3.93238
630 -29.8273 16.2978 3.92663
631 -29.8445 16.2427 3.91553
632 -29.8781 16.1721 3.90354
633 -29.9138 16.1036 3.89124
634 -29.9386 16.0467 3.88362
635 -29.962 15.9906 3.8769
636 -29.9931 15.9283 3.86648
637 -30.0368 15.8515 3.85617
638 -30.0686 15.79 3.84928
639 -30.1054 15.7226 3.83875
640 -30.1427 15.6541 3.83159
641 -30.1873 15.577 3.82421
642 -30.2293 15.5028 3.81402
643 -30.2653 15.4356 3.80691
644 -30.3027 15.3654 3.79803
645 -30.3519 15.2792 3.78977
646 -30.3922 15.2055 3.78369
647 -30.432 15.1315 3.77548
648 -30.4673 15.0618 3.76937
649 -30.4967 14.9996 3.765
650 -30.5386 14.9197 3.75878
651 -30.5801 14.8412 3.75402
652 -30.6095 14.7788 3.75009
653 -30.6471 14.7038 3.7448
654 -30.6827 14.6322 3.7397
655 -30.7183 14.5597 3.73658
656 -30.755 14.4862 3.7336
657 -30.8049 14.3925 3.72935
658 -30.8455 14.3138 3.72586
659 -30.8809 14.2413 3.72362
660 -30.9172 14.1673 3.72131
661 -30.9579 14.0869 3.71837
662 -31 14.0046 3.71651
663 -31.0475 13.914 3.71401
664 -31.0953 13.8233 3.71218
665 -31.1377 13.7407 3.71145
666 -31.178 13.6612 3.71108
667 -31.2213 13.5773 3.71097
668 -31.2671 13.49 3.71085
669 -31.3168 13.3975 3.71097
670 -31.359 13.3171 3.71111
671 -31.4127 13.2184 3.7107
672 -31.4618 13.1286 3.70985
673 -31.5111 13.0381 3.70944
674 -31.5648 12.9411 3.70819
675 -31.6097 12.8585 3.70698
676 -31.657 12.7713 3.70513
677 -31.7056 12.6827 3.70257
678 -31.7536 12.5951 3.69927
679 -31.8095 12.4937 3.69021
680 -31.8613 12.3985 3.68402
681 -31.9069 12.3119 3.67484
682 -31.9532 12.2228 3.66766
683 -32.011 12.1116 3.65537
684 -32.0634 12.0075 3.64057
685 -32.1065 11.9177 3.62927
686 -32.1386 11.8459 3.625
687 -32.167 11.784 3.61314
688 -32.1984 11.7131 3.59395
689 -32.248 11.6192 3.63581
690 -32.2885 11.5189 3.56873
691 -32.3282 11.4374 3.60056
692 -32.3739 11.338 3.59618
693 -32.413 11.2444 3.57879
694 -32.4506 11.1507 3.56169
695 -32.4845 11.0612 3.54381
696 -32.4957 10.9835 3.41491
697 -32.4921 10.941 3.39028
698 -32.4876 10.8993 3.37599
699 -32.482 10.8579 3.35515
700 -32.479 10.8052 3.34052
701 -32.4773 10.7441 3.31901
702 -32.4728 10.6915 3.29752
703 -32.4669 10.6394 3.28394
704 -32.4621 10.576 3.26267
705 -32.4582 10.5022 3.24096
706 -32.4577 10.4466 3.30269
707 -32.4617 10.3485 3.19952
708 -32.4508 10.2831 3.17382
709 -32.4386 10.2066 3.15951
710 -32.4257 10.1451 3.13855
711 -32.411 10.0621 3.11723
712 -32.4037 9.98509 3.19138
713 -32.4148 9.89923 3.23818
714 -32.3997 9.79353 3.06208
715 -32.3888 9.7247 3.13724
716 -32.3941 9.65704 3.18271
717 -32.3956 9.56157 3.17532
718 -32.3945 9.46699 3.16265
719 -32.3921 9.36793 3.14966
720 -32.3865 9.27895 3.12691
721 -32.3803 9.17101 3.11403
722 -32.3727 9.09786 3.09315
723 -32.3651 9.01384 3.07953
724 -32.3555 8.92411 3.06604
725 -32.3428 8.83233 3.04461
726 -32.3292 8.74147 3.02913
727 -32.3126 8.63585 3.01575
728 -32.2932 8.53625 2.99413
729 -32.2745 8.44656 2.97721
730 -32.2544 8.35251 2.96526
731 -32.2329 8.26326 2.94451
732 -32.2116 8.17773 2.93191
733 -32.1885 8.09646 2.90879
734 -32.1676 8.02156 2.89829
735 -32.1387 7.92568 2.87979
736 -32.1081 7.82959 2.8673
737 -32.0781 7.74403 2.84775
738 -32.0476 7.66253 2.82702
739 -32.0122 7.56875 2.8113
740 -31.9776 7.4832 2.79589
741 -31.9376 7.3861 2.78227
742 -31.8905 7.28162 2.75941
743 -31.8459 7.18593 2.74514
744 -31.8045 7.10574 2.71963
745 -31.7632 7.02538 2.70249
746 -31.722 6.94738 2.68884
747 -31.6719 6.85476 2.67433
748 -31.6294 6.78083 2.65966
749 -31.5842 6.70333 2.64559
750 -31.5372 6.62799 2.62344
751 -31.4918 6.55652 2.60835
752 -31.4312 6.5596 2.46909
753 -31.4088 6.79141 2.44839
754 -31.3748 6.98119 2.4483
755 -31.3302 7.08647 2.43902
756 -31.2992 7.1762 2.43196
757 -31.2576 7.23164 2.42823
758 -31.2154 7.26626 2.41913
759 -31.1746 7.29262 2.41397
760 -31.1292 7.3039 2.40478
761 -31.0861 7.31243 2.39575
762 -31.0336 7.30419 2.3863
763 -30.9811 7.2933 2.38023
764 -30.9334 7.28395 2.37171
765 -30.8834 7.27108 2.3633
766 -30.8453 7.26842 2.35853
767 -30.7974 7.25323 2.3533
768 -30.7495 7.23556 2.3458
769 -30.7024 7.21774 2.34049
770 -30.6424 7.18682 2.33254
771 -30.5892 7.1614 2.32723
772 -30.5335 7.1335 2.32048
773 -30.4724 7.10055 2.31382
774 -30.4164 7.07168 2.30949
775 -30.3595 7.04192 2.30364
776 -30.2944 7.00406 2.29809
777 -30.2358 6.97217 2.29459
778 -30.1671 6.93092 2.28946
779 -30.1076 6.89743 2.2859
780 -30.0466 6.86279 2.28333
781 -29.9742 6.8182 2.28021
782 -29.9139 6.78321 2.2788
783 -29.8504 6.74557 2.27776
784 -29.7839 6.70484 2.27725
785 -29.7135 6.66 2.27692
786 -29.6475 6.61834 2.27788
787 -29.5799 6.57453 2.2798
788 -29.5017 6.52056 2.28207
789 -29.4331 6.47374 2.28331
790 -29.3633 6.42531 2.28671
791 -29.2917 6.3742 2.28858
792 -29.2213 6.32332 2.29113
793 -29.1401 6.26214 2.29205
794 -29.0597 6.20049 2.29488
795 -28.9877 6.14542 2.29771
796 -28.9054 6.08061 2.30042
797 -28.8216 6.01348 2.30099
798 -28.7415 5.94877 2.30409
799 -28.6826 5.90256 2.30632
800 -28.6084 5.84271 2.3102
801 -28.5185 5.76701 2.3129
802 -28.4288 5.69053 2.31295
803 -28.3449 5.61863 2.3159
804 -28.2528 5.53863 2.31835
805 -28.1665 5.46304 2.32127
806 -28.0804 5.38716 2.32203
807 -28.0052 5.32096 2.3258
808 -27.9087 5.23427 2.32837
809 -27.8264 5.16003 2.32885
810 -27.7453 5.08646 2.33245
811 -27.6549 5.00355 2.33566
812 -27.5774 4.93231 2.33625
813 -27.5017 4.86294 2.33654
814 -27.4153 4.78276 2.33947
815 -27.3342 4.7072 2.33962
816 -27.2368 4.61566 2.34064
817 -27.1655 4.54361 2.35378
818 -27.0827 4.45695 2.36612
819 -26.9917 4.3637 2.36738
820 -26.9048 4.27488 2.36737
821 -26.8137 4.18163 2.3676
822 -26.7308 4.09687 2.36754
823 -26.635 3.99902 2.36722
824 -26.5421 3.90396 2.36765
825 -26.4393 3.79888 2.36753
826 -26.3451 3.70241 2.36778
827 -26.2627 3.61822 2.36774
828 -26.1709 3.52456 2.36737
829 -26.0899 3.44201 2.36698
830 -25.9886 3.33869 2.36688
831 -25.8844 3.23295 2.36608
832 -25.7928 3.14023 2.36519
833 -25.6941 3.04092 2.36317
834 -25.5101 2.88589 2.2847
835 -25.4234 2.81681 2.26171
836 -25.3344 2.74862 2.25975
837 -25.2734 2.70331 2.25898
838 -25.1778 2.6308 2.25759
839 -25.0779 2.55264 2.25614
840 -24.9737 2.47094 2.25483
841 -24.8708 2.38963 2.25392
842 -24.7706 2.31052 2.25303
843 -24.6767 2.23639 2.25211
844 -24.5906 2.16919 2.25149
845 -24.4973 2.09646 2.25016
846 -24.3964 2.01703 2.24979
847 -24.3035 1.94345 2.24957
848 -24.2084 1.86864 2.24824
849 -24.1161 1.7958 2.24798
850 -24.0215 1.72106 2.24767
851 -23.9097 1.63237 2.24659
852 -23.7995 1.54386 2.24575
853 -23.704 1.46732 2.24352
854 -23.5857 1.37358 2.24177
855 -23.4755 1.28496 2.24202
856 -23.2456 1.10063 2.22148
857 -23.1058 1.00074 2.23302
858 -22.9946 0.913606 2.23486
859 -22.904 0.840949 2.235
860 -22.8114 0.767898 2.23438
861 -22.6866 0.669912 2.22466
862 -22.5587 0.579661 2.23018
863 -22.4609 0.504098 2.23025
864 -22.367 0.429904 2.23027
865 -22.2702 0.353682 2.22856
866 -22.1645 0.270298 2.22805
867 -22.0106 0.150456 2.21311
868 -21.8406 0.0262269 2.21128
869 -21.6613 -0.10431 2.21064
870 -21.5358 -0.195424 2.21418
871 -21.4568 -0.256214 2.2155
872 -21.379 -0.316028 2.21538
873 -21.3004 -0.37652 2.21466
874 -21.2216 -0.437053 2.21273
875 -21.141 -0.499004 2.21208
876 -21.0629 -0.559056 2.21019
877 -20.9855 -0.618118 2.20746
878 -20.906 -0.678416 2.20508
879 -20.8254 -0.739893 2.20425
880 -20.7373 -0.806556 2.20193
881 -20.6606 -0.865353 2.19991
882 -20.5658 -0.936382 2.19837
883 -20.4788 -1.00251 2.19562
884 -20.3987 -1.06335 2.1943
885 -20.3205 -1.12205 2.19244
886 -20.2283 -1.19042 2.1899
887 -20.1749 -1.23202 2.1892
888 -20.0942 -1.29037 2.18724
889 -20.0218 -1.35324 2.23709
890 -19.9161 -1.43302 2.18588
891 -19.8381 -1.49015 2.17992
892 -19.7619 -1.54604 2.18034
893 -19.6889 -1.59952 2.17938
894 -19.6179 -1.65131 2.17863
895 -19.5575 -1.70326 2.22689
896 -19.4402 -1.78946 2.17967
897 -19.3704 -1.8494 2.22537
898 -19.2801 -1.9162 2.17462
899 -19.1871 -1.9811 2.17007
900 -19.0872 -2.05216 2.16906
901 -18.9691 -2.13587 2.16694
902 -18.8906 -2.19386 2.16527
903 -18.8009 -2.25745 2.16532
904 -18.7404 -2.30964 2.21104
905 -18.6461 -2.39271 2.2499
906 -18.5539 -2.46782 2.25279
907 -18.4511 -2.55041 2.25122
908 -18.3403 -2.63926 2.24982
909 -18.2347 -2.72339 2.24771
910 -18.1427 -2.79647 2.24596
911 -18.0408 -2.87759 2.24517
912 -17.9447 -2.95364 2.2436
913 -17.8367 -3.03923 2.24302
914 -17.7575 -3.10139 2.24089
915 -17.679 -3.16323 2.24004
916 -17.5827 -3.23906 2.23936
917 -17.4722 -3.32583 2.23838
918 -17.396 -3.38522 2.2367
919 -17.2922 -3.46655 2.23627
920 -17.1876 -3.54821 2.23552
921 -17.0881 -3.62578 2.23478
922 -16.9909 -3.7016 2.23426
923 -16.8873 -3.78226 2.23378
924 -16.7794 -3.86618 2.23324
925 -16.6738 -3.94826 2.23264
926 -16.5569 -4.03917 2.23224
927 -16.4609 -4.11373 2.23184
928 -16.3602 -4.192 2.23169
929 -16.2393 -4.28612 2.23189
930 -16.1226 -4.37714 2.23226
931 -15.8745 -4.56891 2.19187
932 -15.6772 -4.72041 2.21315
933 -15.5448 -4.82126 2.22421
934 -15.4149 -4.92433 2.21697
935 -15.3085 -5.00578 2.22638
936 -15.2149 -5.08 2.23405
937 -15.1122 -5.16055 2.23506
938 -15.0023 -5.24652 2.23493
939 -14.9103 -5.31844 2.23466
940 -14.8074 -5.39893 2.23474
941 -14.6916 -5.48933 2.23448
942 -14.5908 -5.56803 2.23427
943 -14.499 -5.6397 2.23404
944 -14.4007 -5.71639 2.23402
945 -14.3043 -5.79179 2.23429
946 -14.1966 -5.87587 2.23412
947 -14.0994 -5.9517 2.23407
948 -14.0039 -6.02634 2.23414
949 -13.9105 -6.09912 2.23367
950 -13.8034 -6.18272 2.23385
951 -13.7008 -6.26286 2.23402
952 -13.587 -6.35155 2.23349
953 -13.4802 -6.43485 2.23351
954 -13.3784 -6.51424 2.23348
955 -13.2794 -6.5914 2.23334
956 -13.1825 -6.66689 2.23337
957 -13.086 -6.74209 2.23306
958 -12.983 -6.82232 2.23314
959 -12.8826 -6.90065 2.23325
960 -12.7688 -6.98936 2.23342
961 -12.6719 -7.06489 2.23322
962 -12.5801 -7.13633 2.23298
963 -12.4906 -7.2061 2.233
964 -12.4096 -7.2692 2.23295
965 -12.3249 -7.33506 2.23246
966 -12.2246 -7.41302 2.23229
967 -12.107 -7.5044 2.23205
968 -12.0164 -7.57475 2.23173
969 -11.7601 -7.73539 2.06893
970 -11.7669 -7.68143 2.03213
971 -11.8988 -7.54615 2.13376
972 -11.7349 -7.64729 2.04713
973 -11.715 -7.61441 2.04511
974 -11.6952 -7.58461 2.05115
975 -11.6593 -7.56898 2.05545
976 -11.6013 -7.56905 2.05861
977 -11.5299 -7.58036 2.06285
978 -11.4544 -7.59735 2.06478
979 -11.3697 -7.62101 2.06806
980 -11.2695 -7.65527 2.07052
981 -11.1811 -7.68553 2.07183
982 -11.0701 -7.72844 2.075
983 -10.9806 -7.76187 2.07609
984 -10.8816 -7.79969 2.07849
985 -10.7817 -7.83933 2.07944
986 -10.6832 -7.87901 2.08149
987 -10.5924 -7.91513 2.08379
988 -10.4825 -7.9623 2.08588
989 -10.4597 -7.97245 2.1551
990 -10.2895 -8.0725 2.09198
991 -10.1921 -8.11629 2.08897
992 -10.0796 -8.16672 2.09013
993 -9.97255 -8.21567 2.09006
994 -9.8588 -8.26866 2.09075
995 -9.83813 -8.28074 2.15645
996 -9.76136 -8.34736 2.21774
997 -9.66068 -8.42505 2.2234
998 -9.55024 -8.50937 2.22351
999 -9.43292 -8.59887 2.22331
1000 -9.17987 -8.73694 2.05664
1001 -8.8583 -8.89434 2.06402
1002 -8.62233 -8.99577 2.04815
1003 -8.40463 -9.08411 2.04784
1004 -8.20464 -9.16459 2.0486
1005 -8.01674 -9.23687 2.04888
1006 -7.83238 -9.30699 2.049
1007 -7.64975 -9.37759 2.04959
1008 -7.48173 -9.44067 2.05006
1009 -7.32047 -9.50031 2.05046
1010 -7.19265 -9.54291 2.05118
1011 -7.0095 -9.61387 2.05177
1012 -6.845 -9.67859 2.05188
1013 -6.68596 -9.74057 2.0525
1014 -6.52973 -9.80081 2.05285
1015 -6.37933 -9.8589 2.05333
1016 -6.2356 -9.91402 2.0542
1017 -6.0859 -9.97271 2.05544
1018 -5.92542 -10.0383 2.05731
1019 -5.76016 -10.1078 2.05861
1020 -5.59735 -10.1773 2.06056
1021 -5.45755 -10.2355 2.06283
1022 -5.32434 -10.2896 2.06476
1023 -5.18608 -10.3468 2.0664
1024 -5.03467 -10.4126 2.0691
1025 -4.89597 -10.4731 2.07021
1026 -4.76348 -10.5303 2.07152
1027 -4.63836 -10.5834 2.0726
1028 -4.51196 -10.6377 2.07389
1029 -4.38107 -10.6953 2.07508
1030 -4.26076 -10.7479 2.07618
1031 -4.12595 -10.8087 2.07691
1032 -3.99556 -10.8683 2.07785
1033 -3.88112 -10.9193 2.07814
1034 -3.75972 -10.9739 2.07909
1035 -3.64387 -11.0261 2.07964
1036 -3.52085 -11.0828 2.0802
1037 -3.40688 -11.135 2.08044
1038 -3.29862 -11.1841 2.08049
1039 -3.18871 -11.2342 2.08052
1040 -3.079 -11.2845 2.08009
1041 -2.96901 -11.3351 2.07909
1042 -2.86269 -11.3841 2.07862
1043 -2.7594 -11.4312 2.07798
1044 -2.65176 -11.4809 2.07711
1045 -2.55788 -11.5235 2.07632
1046 -2.47958 -11.5559 2.06492
1047 -2.37189 -11.6085 2.06618
1048 -2.25657 -11.6655 2.06227
1049 -2.14501 -11.7209 2.06073
1050 -2.03859 -11.7733 2.05583
1051 -1.92946 -11.8266 2.05065
1052 -1.82575 -11.877 2.04804
1053 -1.71866 -11.9287 2.04286
1054 -1.61715 -11.9776 2.0372
1055 -1.51806 -12.0243 2.03087
1056 -1.41521 -12.0725 2.0247
1057 -1.34288 -12.105 2.01688
1058 -1.32672 -12.1 2.01237
1059 -1.31686 -12.0916 2.00611
1060 -1.29553 -12.0884 2.00198
1061 -1.28243 -12.0822 2.00425
1062 -1.26707 -12.0774 2.00377
1063 -1.24886 -12.0742 2.00447
1064 -1.22161 -12.0756 2.00353
1065 -1.19576 -12.0771 2.00242
1066 -1.17055 -12.0785 2.0022
1067 -1.12294 -12.0905 2.00113
1068 -1.07438 -12.1041 1.99941
1069 -1.02756 -12.1174 1.9967
1070 -0.978722 -12.1317 1.99407
1071 -0.915713 -12.1522 1.9855
1072 -0.862634 -12.1685 1.97464
1073 -0.810653 -12.1831 1.96814
1074 -0.76193 -12.1958 1.97002
1075 -0.7512 -12.1944 1.96946
1076 -0.748537 -12.1896 1.96503
1077 -0.738045 -12.1881 1.96031
1078 -0.731119 -12.1852 1.95463
1079 -0.719593 -12.1843 1.94874
1080 -0.71846 -12.1794 1.94247
1081 -0.698182 -12.1812 1.93539
1082 -0.692919 -12.1783 1.93104
1083 -0.691643 -12.1736 1.92455
1084 -0.686987 -12.1699 1.91834
1085 -0.677355 -12.1681 1.91202
1086 -0.665664 -12.1671 1.90549
1087 -0.651283 -12.1674 1.89844
1088 -0.630747 -12.1698 1.89279
1089 -0.600856 -12.1754 1.88344
1090 -0.570366 -12.181 1.87281
1091 -0.531684 -12.1891 1.86433
1092 -0.494056 -12.197 1.8588
1093 -0.442696 -12.2079 1.83849
1094 -0.383757 -12.22 1.82288
1095 -0.334086 -12.2284 1.80295
1096 -0.277432 -12.237 1.78595
1097 -0.205241 -12.248 1.76846
1098 -0.156637 -12.2531 1.75039
1099 -0.122145 -12.2537 1.73271
1100 -0.0820912 -12.2545 1.71731
1101 -0.0385985 -12.2544 1.69952
1102 0.0285846 -12.2564 1.67662
1103 0.10263 -12.2587 1.66343
1104 0.173416 -12.2607 1.65509
1105 0.251357 -12.2606 1.62222
1106 0.350322 -12.2581 1.5941
1107 0.432517 -12.2527 1.5602
1108 0.488071 -12.2443 1.53442
1109 0.557798 -12.2311 1.50638
1110 0.618504 -12.2177 1.48781
1111 0.684174 -12.2017 1.46674
1112 0.772693 -12.1818 1.44487
1113 0.859479 -12.1607 1.42181
1114 0.959773 -12.1356 1.39666
1115 1.01913 -12.1194 1.47994
1116 1.17644 -12.0868 1.3316
1117 1.30769 -12.0421 1.29935
1118 1.3758 -12.0172 1.39135
1119 1.48718 -12.0057 1.44128
1120 1.59802 -11.9836 1.42101
1121 1.70625 -11.9595 1.39976
1122 1.8113 -11.9342 1.38017
1123 1.93225 -11.9023 1.35834
1124 2.0515 -11.8652 1.32712
1125 2.15595 -11.8315 1.30897
1126 2.27636 -11.7896 1.28191
1127 2.38514 -11.7499 1.26665
1128 2.49537 -11.7056 1.23936
1129 2.60759 -11.6597 1.2219
1130 2.71369 -11.612 1.19641
1131 2.81155 -11.5672 1.18137
1132 2.90961 -11.5208 1.16465
1133 3.00383 -11.4746 1.14965
1134 3.10044 -11.4242 1.12969
1135 3.19241 -11.3747 1.11322
1136 3.28937 -11.3202 1.09439
1137 3.38282 -11.266 1.07913
1138 3.4803 -11.2088 1.06821
1139 3.56749 -11.1534 1.04628
1140 3.65824 -11.0962 1.03467
1141 3.74864 -11.0376 1.02284
1142 3.85205 -10.9696 1.01215
1143 3.94343 -10.9053 0.994424
1144 4.0444 -10.8343 0.982141
1145 4.13976 -10.7652 0.969993
1146 4.24223 -10.69 0.959572
1147 4.34949 -10.608 0.945664
1148 4.44111 -10.5372 0.935647
1149 4.55743 -10.4463 0.925335
1150 4.66798 -10.3575 0.915324
1151 4.77018 -10.2741 0.906944
1152 4.86045 -10.199 0.897338
1153 4.70494 -10.1903 0.822048
1154 4.73171 -10.1173 0.854829
1155 4.81944 -10.0443 0.873063
1156 4.90932 -9.96558 0.865875
1157 4.99899 -9.88561 0.858386
1158 5.10354 -9.79141 0.85198
1159 5.19743 -9.70272 0.839464
1160 5.15256 -9.64752 0.716508
1161 5.05286 -9.58764 0.707843
1162 4.97263 -9.52684 0.706763
1163 4.92475 -9.45534 0.703634
1164 4.91526 -9.36516 0.695815
1165 4.92641 -9.26294 0.687915
1166 4.94687 -9.15628 0.68365
1167 4.96073 -9.06338 0.676481
1168 4.97513 -8.97227 0.673644
1169 5.00187 -8.87241 0.670812
1170 5.05495 -8.74794 0.66518
1171 5.10582 -8.62925 0.662629
1172 5.15103 -8.51883 0.660282
1173 5.20522 -8.39965 0.655506
1174 5.25278 -8.292 0.653942
1175 5.29889 -8.18649 0.653
1176 5.35362 -8.0701 0.652757
1177 5.38664 -7.98974 0.661193
1178 5.42418 -7.8829 0.650136
1179 5.47851 -7.77587 0.649736
1180 5.50842 -7.68256 0.650763
1181 5.56454 -7.55915 0.650634
1182 5.64838 -7.42418 0.652784
1183 5.69228 -7.32638 0.65329
1184 5.73946 -7.22676 0.653942
1185 5.81401 -7.09547 0.653274
1186 5.89149 -6.96146 0.650996
1187 5.9942 -6.81127 0.657348
1188 6.04951 -6.72033 0.658121
1189 6.12118 -6.61715 0.691172
1190 6.21822 -6.51193 0.719414
1191 6.31253 -6.4048 0.721233
1192 6.41889 -6.28325 0.72091
1193 6.50896 -6.15642 0.65157
1194 6.56225 -6.06747 0.649813
1195 6.61339 -5.98072 0.650426
1196 6.67114 -5.88668 0.650678
1197 6.70972 -5.81992 0.650243
1198 6.76987 -5.72461 0.650208
1199 6.83733 -5.62253 0.651671
1200 6.9087 -5.51715 0.65158
1201 6.98365 -5.40804 0.650989
1202 7.06662 -5.28922 0.649399
1203 7.15898 -5.15877 0.649273
1204 7.27338 -4.99283 0.625673
1205 7.36172 -4.85525 0.640387
1206 7.44179 -4.74058 0.643083
1207 7.52027 -4.62902 0.642483
1208 7.59521 -4.52268 0.642122
1209 7.69567 -4.37274 0.614825
1210 7.78331 -4.22441 0.59134
1211 7.91306 -4.02248 0.594491
1212 8.05738 -3.82157 0.641017
1213 8.17145 -3.69396 0.682563
1214 8.30244 -3.53358 0.684508
1215 8.3784 -3.41168 0.591485
1216 8.42563 -3.32553 0.607298
1217 8.48967 -3.21988 0.609038
1218 8.56979 -3.10986 0.645967
1219 8.69814 -2.95887 0.677232
1220 8.80878 -2.82227 0.679449
1221 8.91518 -2.68993 0.679023
1222 9.01866 -2.56085 0.678102
1223 9.12374 -2.4291 0.676421
1224 9.22443 -2.3028 0.675414
1225 9.33182 -2.16786 0.674479
1226 9.44343 -2.0273 0.673401
1227 9.54737 -1.89641 0.672948
1228 9.65351 -1.76217 0.671538
1229 9.7617 -1.62509 0.670407
1230 9.88644 -1.4667 0.669205
1231 10.0118 -1.3074 0.66854
1232 10.1354 -1.14965 0.667126
1233 10.2639 -0.985534 0.666161
1234 10.362 -0.859872 0.665321
1235 10.4786 -0.71108 0.665297
1236 10.5843 -0.575357 0.664098
1237 10.7164 -0.405748 0.663247
1238 10.8524 -0.231029 0.662883
1239 10.9672 -0.082719 0.661653
1240 11.0756 0.0571712 0.660933
1241 11.1695 0.178485 0.660349
1242 11.2716 0.310519 0.659579
1243 11.3865 0.459344 0.658784
1244 11.482 0.582933 0.658661
1245 11.5787 0.708656 0.657526
1246 11.6739 0.832129 0.657251
1247 11.7623 0.946844 0.657139
1248 11.8395 1.04712 0.656842
1249 11.9292 1.1638 0.656227
1250 12.0275 1.29187 0.655768
1251 12.1269 1.42108 0.655891
1252 12.2435 1.57297 0.655522
1253 12.3492 1.71122 0.654346
1254 12.4472 1.83928 0.654123
1255 12.5443 1.96608 0.653947
1256 12.6335 2.08275 0.653571
1257 12.7194 2.19506 0.653495
1258 12.8177 2.3235 0.653499
1259 12.9408 2.48471 0.653056
1260 13.0493 2.62663 0.653023
1261 13.1405 2.74599 0.65307
1262 13.2328 2.86698 0.652604
1263 13.3036 2.95998 0.651961
1264 13.3951 3.07993 0.651964
1265 13.4843 3.19711 0.651433
1266 13.573 3.31356 0.651327
1267 13.6564 3.42296 0.651451
1268 13.748 3.5433 0.651316
1269 13.847 3.67318 0.651406
1270 13.9554 3.8153 0.651687
1271 14.065 3.9596 0.650776
1272 14.1614 4.08619 0.650982
1273 14.2596 4.21514 0.651156
1274 14.3513 4.33571 0.650826
1275 14.3248 4.34108 0.501839
1276 14.2643 4.30002 0.579244
1277 14.3627 4.41512 0.644173
1278 14.4509 4.52929 0.650423
1279 14.5348 4.63914 0.651399
1280 14.6178 4.74799 0.651312
1281 14.7068 4.86492 0.65099
1282 14.803 4.99113 0.65115
1283 14.8839 5.16141 0.47739
1284 14.8327 5.16438 0.478766
1285 14.7549 5.09379 0.567033
1286 14.8363 5.18831 0.644447
1287 14.9203 5.29662 0.65198
1288 15.0025 5.40395 0.652642
1289 15.0886 5.57844 0.49081
1290 15.0706 5.62024 0.490697
1291 15.0645 5.67936 0.497512
1292 15.0736 5.75595 0.503151
1293 15.0947 5.84663 0.507023
1294 15.1224 5.94236 0.513554
1295 15.1574 6.04635 0.517332
1296 15.2064 6.17074 0.519975
1297 15.2307 6.24658 0.524891
1298 15.2557 6.32756 0.52648
1299 15.3026 6.44257 0.533083
1300 15.3589 6.56692 0.53567
1301 15.4081 6.64381 0.595772
1302 15.5087 6.75962 0.652962
1303 15.6094 6.88772 0.659205
1304 15.6856 7.03849 0.540185
1305 15.7393 7.21137 0.417541
1306 15.8355 7.47452 0.420543
1307 15.9351 7.72635 0.429255
1308 16.0496 8.00382 0.435847
1309 16.1777 8.2928 0.443398
1310 16.2917 8.53854 0.452921
1311 16.4138 8.76575 0.558083
1312 16.5273 8.89084 0.65641
1313 16.6266 9.01419 0.666252
1314 16.7188 9.13044 0.667976
1315 16.8182 9.25573 0.669026
1316 16.9081 9.36882 0.669759
1317 16.9952 9.47844 0.670246
1318 17.0824 9.58824 0.670582
1319 17.1876 9.72025 0.671494
1320 17.295 9.85442 0.672804
1321 17.4019 9.98826 0.673212
1322 17.4914 10.0999 0.674122
1323 17.5884 10.2209 0.674562
1324 17.6807 10.336 0.674953
1325 17.7784 10.4575 0.675791
1326 17.8707 10.5723 0.676167
1327 17.9595 10.6825 0.676937
1328 18.0611 10.8085 0.677799
1329 18.1573 10.9272 0.678874
1330 18.2682 11.0643 0.679516
1331 18.3829 11.2057 0.680122
1332 18.4687 11.3114 0.680735
1333 18.5612 11.4252 0.681465
1334 18.645 11.5279 0.682427
1335 18.733 11.6361 0.682742
1336 18.833 11.7588 0.683259
1337 18.9549 11.9079 0.684344
1338 19.0567 12.0325 0.684665
1339 19.1497 12.1465 0.684543
1340 19.2183 12.2304 0.684843
1341 19.3062 12.3379 0.685215
1342 19.4035 12.4572 0.684997
1343 19.4973 12.5723 0.684744
1344 19.6035 12.7024 0.685117
1345 19.6965 12.8169 0.684336
1346 19.7832 12.9237 0.683745
1347 19.8812 13.0443 0.683314
1348 19.9705 13.1548 0.682595
1349 20.0573 13.2621 0.681805
1350 20.1462 13.3719 0.681712
1351 20.2536 13.5052 0.680623
1352 20.354 13.6299 0.679926
1353 20.4473 13.746 0.679285
1354 20.548 13.8718 0.67796
1355 20.6417 13.9887 0.677539
1356 20.6395 14.0136 0.579335
1357 20.7203 14.153 0.506108
1358 20.7995 14.3105 0.502164
1359 20.879 14.4662 0.500131
1360 20.9553 14.6131 0.49966
1361 21.0065 14.7215 0.500024
1362 21.0634 14.8423 0.499623
1363 21.127 14.9735 0.498079
1364 21.187 15.0974 0.497632
1365 21.2501 15.2286 0.497193
1366 21.3147 15.3614 0.496881
1367 21.3822 15.4983 0.496718
1368 21.442 15.6199 0.495991
1369 21.5105 15.7613 0.494428
1370 21.5754 15.8923 0.494183
1371 21.6459 16.0343 0.492615
1372 21.7179 16.1772 0.492235
1373 21.7838 16.3094 0.492445
1374 21.8463 16.4367 0.491113
1375 21.9076 16.5619 0.490785
1376 21.9656 16.6832 0.490538
1377 22.0247 16.8047 0.490701
1378 22.0817 16.9234 0.491008
1379 22.1353 17.0362 0.491524
1380 22.1922 17.1542 0.491231
1381 22.2555 17.2837 0.491915
1382 22.3194 17.4112 0.492891
1383 22.3771 17.5266 0.49357
1384 22.4201 17.6173 0.493777
1385 22.4716 17.7266 0.49443
1386 22.5272 17.841 0.495256
1387 22.5842 17.9558 0.495883
1388 22.6384 18.0655 0.497024
1389 22.6978 18.1846 0.497668
1390 22.7545 18.2949 0.498351
1391 22.8084 18.4034 0.498781
1392 22.8618 18.5104 0.497947
1393 22.919 18.6235 0.498694
1394 22.9715 18.7275 0.499402
1395 23.03 18.8432 0.499003
1396 23.0812 18.9432 0.499397
1397 23.1206 19.0239 0.499672
1398 23.1587 19.1057 0.50021
1399 23.2013 19.1949 0.50118
1400 23.2475 19.2887 0.500984
1401 23.2884 19.372 0.501949
1402 23.3282 19.454 0.501817
1403 23.3645 19.5297 0.502394
1404 23.3968 19.5994 0.503158
1405 23.4312 19.6728 0.502533
1406 23.4636 19.7427 0.503345
1407 23.4932 19.8073 0.50428
1408 23.5211 19.8686 0.505095
1409 23.5445 19.923 0.505042
1410 23.5667 19.9759 0.506092
1411 23.5858 20.0232 0.506934
1412 23.6042 20.0695 0.50789
1413 23.6228 20.1161 0.508594
1414 23.6373 20.1549 0.510075
1415 23.6478 20.1879 0.510606
1416 23.657 20.2188 0.511567
1417 23.6637 20.2455 0.512495
1418 23.6693 20.2702 0.513664
1419 23.6737 20.2934 0.514864
1420 23.6781 20.3167 0.516375
1421 23.6833 20.3408 0.518228
1422 23.6886 20.3646 0.519862
1423 23.6937 20.3879 0.521583
1424 23.6985 20.4104 0.52303
1425 23.7025 20.4317 0.524447
1426 23.7063 20.4522 0.525921
1427 23.7099 20.4722 0.52733
1428 23.7131 20.4915 0.528787
1429 23.716 20.51 0.530089
1430 23.7186 20.5279 0.531405
1431 23.7204 20.5444 0.532735
1432 23.7224 20.561 0.533983
1433 23.7242 20.5769 0.535196
1434 23.7254 20.5919 0.536367
1435 23.7269 20.6069 0.537591
1436 23.7281 20.6215 0.53874
1437 23.7291 20.6354 0.539869
1438 23.7298 20.6488 0.540982
1439 23.73 20.6611 0.542066
1440 23.7302 20.6734 0.543123
1441 23.7303 20.6854 0.544147
1442 23.7302 20.6968 0.545135
1443 23.7303 20.7083 0.546147
1444 23.7299 20.7191 0.547117
1445 23.7296 20.7297 0.548079
1446 23.7292 20.74 0.548992
1447 23.7288 20.7502 0.549918
1448 23.7278 20.7593 0.550825
1449 23.7268 20.7684 0.551681
1450 23.7259 20.7773 0.552509
1451 23.724 20.7848 0.553274
1452 23.7223 20.7923 0.554105
1453 23.7202 20.799 0.554942
1454 23.7178 20.8054 0.55566
1455 23.7149 20.8108 0.556433
1456 23.7114 20.8153 0.557173
1457 23.7078 20.8193 0.557901
1458 23.7034 20.8224 0.558602
1459 23.6991 20.8253 0.559275
1460 23.6934 20.8262 0.559902
1461 23.6875 20.8266 0.560515
1462 23.6816 20.8271 0.561107
1463 23.6756 20.8273 0.561662
1464 23.6695 20.8272 0.562278
1465 23.6635 20.8271 0.562833
1466 23.6587 20.8288 0.563651
1467 23.6537 20.8299 0.564403
