type_amount=2
type:tag=1
type:park=2
landmark_amount=44
20 1 4.90647 -2.79295
23 1 -4.25108 -6.49881
24 1 -1.02944 0.35508
26 1 -7.62774 2.11989
19 1 2.12046 -9.13788
22 1 -4.41798 -5.95674
6 1 -12.7969 5.93455
12 1 -24.7199 11.5506
5 1 -13.0113 -2.17063
8 1 -21.6175 1.87008
13 1 -27.8666 4.60078
10 1 -18.8023 8.78659
4 1 -29.3131 2.23908
11 1 -19.2143 8.62655
16 1 -30.2028 -11.4521
27 1 -17.5118 -12.4728
1 1 -7.04689 -17.7851
2 1 -14.0969 -21.0558
29 1 9.48946 -32.1698
30 1 -5.97222 -25.5958
34 1 13.1325 -25.505
32 1 6.60219 -22.6278
28 1 14.442 -9.68162
38 1 20.3366 -12.567
37 1 16.9622 -16.672
17 1 12.1427 -6.29972
18 1 10.1401 -3.71535
21 1 4.44923 -2.9036
54 1 19.9001 -11.4162
36 1 11.6345 -13.802
57 1 14.5838 -7.24548
52 1 23.7236 -4.9388
7 1 28.05 1.91706
33 1 36.5649 14.2777
9 1 22.5391 9.70418
61 1 30.2795 12.097
62 1 25.5053 15.3043
51 1 6.40372 -11.4577
58 1 11.4931 -13.6609
59 1 7.96425 -21.1389
55 1 17.433 -16.1817
56 1 14.4691 -6.95589
53 1 17.8237 -0.893454
60 1 31.2344 13.6766
