type_amount=2
type:tag=1
type:park=2
landmark_amount=46
20 1 2.6353 0.930298
23 1 -6.25838 -2.42196
24 1 -2.79114 4.30195
26 1 -9.33083 6.1424
19 1 0.0431054 -5.32225
22 1 -6.45544 -1.896
6 1 -12.5346 9.1467
12 1 -26.7126 15.6251
5 1 -15.0051 2.00621
8 1 -23.7511 6.06349
13 1 -29.7671 8.45353
10 1 -20.6301 12.9113
4 1 -31.3095 6.04601
11 1 -21.1523 12.8014
16 1 -31.6356 -7.85675
27 1 -19.0162 -8.36519
1 1 -8.4615 -13.8021
2 1 -15.3954 -17.2371
29 1 8.13995 -29.3463
30 1 -6.84697 -22.8697
34 1 10.8612 -22.8842
32 1 5.17835 -18.5213
28 1 12.9484 -6.92026
38 1 18.5097 -10.3658
37 1 15.0949 -16.2521
17 1 8.92996 -2.13887
18 1 10.1401 -3.71535
21 1 4.62715 0.121745
54 1 18.7895 -9.64541
36 1 9.98012 -12.6637
57 1 13.3541 -6.72285
52 1 24.1937 -3.78093
7 1 26.6826 2.56536
33 1 36.342 15.0533
9 1 26.6374 3.57504
61 1 31.9181 10.8716
62 1 26.6344 14.5935
51 1 6.395 -9.80627
58 1 9.93719 -12.3124
59 1 5.65867 -19.7056
55 1 15.6559 -15.6157
56 1 13.7388 -5.9812
53 1 17.4043 -0.237129
60 1 33.1407 13.05
65 1 23.2533 -2.55495
35 1 9.35127 -13.5799
