type_amount=2
type:tag=1
type:park=2
landmark_amount=46
20 1 5.22521 -3.49517
23 1 -3.64477 -7.61939
24 1 -0.684072 -0.464016
26 1 -12.3221 -1.61151
19 1 2.75563 -9.90064
22 1 -3.53895 -8.24921
6 1 -12.2741 4.62091
12 1 -24.1984 10.5715
5 1 -12.9152 -3.80511
8 1 -21.4844 0.891337
13 1 -27.4273 3.63455
10 1 -18.1859 7.66146
4 1 -29.1259 0.304834
11 1 -18.6716 7.56739
16 1 -30.0348 -13.541
27 1 -17.0583 -14.2698
1 1 -6.51695 -19.3984
2 1 -13.3753 -22.6766
29 1 10.4701 -32.9682
30 1 -5.23631 -27.0858
34 1 13.6613 -26.1587
32 1 7.01952 -23.9074
28 1 15.2942 -10.372
38 1 21.1874 -13.2273
37 1 17.9511 -18.2848
17 1 10.9918 -6.62332
18 1 10.7437 -6.32206
21 1 3.90331 -3.56105
54 1 21.2358 -12.2616
36 1 12.6498 -15.1403
57 1 15.6819 -9.2718
52 1 29.5795 -7.22181
7 1 28.2244 1.01147
33 1 36.342 15.0533
9 1 28.3195 1.51341
61 1 32.6386 9.07157
62 1 26.6344 14.5935
51 1 6.395 -9.80627
58 1 12.5255 -14.986
59 1 8.58415 -22.5349
55 1 18.3643 -18.0564
56 1 16.1554 -8.77322
53 1 19.545 -2.61338
60 1 33.6872 11.0924
65 1 25.4193 -4.63504
35 1 12.2521 -17.3203
