type_amount=2
type:tag=1
type:park=2
landmark_amount=45
20 1 4.8121 -0.196198
23 1 -4.40712 -3.58522
24 1 -0.95997 3.11387
26 1 -7.46793 5.06867
19 1 1.6646 -6.5523
22 1 -4.61915 -3.02451
6 1 -12.5346 9.1467
12 1 -24.3783 14.894
5 1 -13.1393 1.01866
8 1 -21.4278 5.19518
13 1 -27.5033 7.91495
10 1 -18.5005 12.0671
4 1 -29.2345 5.90093
11 1 -18.9055 11.9036
16 1 -30.1992 -8.14454
27 1 -17.5883 -9.25875
1 1 -7.34522 -14.6507
2 1 -14.7636 -18.2368
29 1 8.25724 -29.5954
30 1 -6.84697 -22.8697
34 1 11.3122 -23.1834
32 1 5.43318 -20.3879
28 1 14.1763 -8.28305
38 1 19.8672 -11.614
37 1 16.0232 -16.0946
17 1 10.3038 -3.92944
18 1 10.1401 -3.71535
21 1 4.62715 0.121745
54 1 19.9673 -9.74529
36 1 11.0673 -12.9939
57 1 14.9028 -6.64968
52 1 23.8145 -3.57742
7 1 27.8248 2.057
33 1 36.342 15.0533
9 1 27.9514 2.31021
61 1 33.7942 10.6313
62 1 28.1027 13.3443
51 1 6.395 -9.80627
58 1 10.8902 -12.4631
59 1 6.53218 -19.6567
55 1 16.5455 -15.9135
56 1 14.6723 -6.31907
53 1 18.7819 -0.598728
60 1 34.9719 11.8631
65 1 19.7559 0.976196
