type_amount=2
type:tag=1
type:park=2
landmark_amount=45
20 1 4.8121 -0.196198
23 1 -4.40712 -3.58522
24 1 -0.95997 3.11387
26 1 -7.46793 5.06867
19 1 1.6646 -6.5523
22 1 -4.61915 -3.02451
6 1 -12.5346 9.1467
12 1 -24.3783 14.894
5 1 -13.1393 1.01866
8 1 -21.4278 5.19518
13 1 -27.5033 7.91495
10 1 -18.5005 12.0671
4 1 -29.2345 5.90093
11 1 -18.9055 11.9036
16 1 -30.1992 -8.14454
27 1 -17.5883 -9.25875
1 1 -7.34522 -14.6507
2 1 -14.7636 -18.2368
29 1 8.25724 -29.5954
30 1 -6.84697 -22.8697
34 1 11.5219 -23.2607
32 1 5.43318 -20.3879
28 1 14.1763 -8.28305
38 1 19.8672 -11.614
37 1 16.4052 -15.9051
17 1 10.3038 -3.92944
18 1 10.1401 -3.71535
21 1 4.62715 0.121745
54 1 20.0481 -10.7709
36 1 11.054 -12.7072
57 1 14.7043 -6.90984
52 1 24.1937 -3.78093
7 1 28.6153 2.19252
33 1 36.342 15.0533
9 1 28.7402 2.51193
61 1 33.7942 10.6313
62 1 28.1027 13.3443
51 1 6.395 -9.80627
58 1 11.2381 -12.2518
59 1 6.96408 -19.4405
55 1 16.8156 -15.5426
56 1 14.9602 -5.97993
53 1 19.345 -0.332013
60 1 34.9719 11.8631
65 1 24.8022 -3.40964
