type_amount=2
type:tag=1
type:park=2
landmark_amount=42
20 1 4.80322 -0.21755
23 1 -4.47483 -3.76816
24 1 -1.00568 2.97214
26 1 -7.60182 4.89087
21 1 4.27238 -0.312302
19 1 1.84004 -6.66873
22 1 -4.63592 -3.2276
5 1 -13.1501 0.720719
8 1 -21.4711 4.92231
12 1 -24.4614 14.6383
6 1 -12.7194 8.84362
13 1 -27.5945 7.79776
4 1 -29.2413 5.65818
10 1 -18.6219 11.7993
11 1 -19.0846 11.6467
16 1 -30.2208 -8.39592
27 1 -17.8306 -9.93992
1 1 -7.54861 -15.5129
29 1 8.32312 -30.22
30 1 -6.46234 -23.3944
34 1 11.644 -24.1245
32 1 5.72809 -20.8508
28 1 14.0758 -8.79426
38 1 19.8002 -12.0602
54 1 20.1049 -11.3818
33 1 37.0441 14.9597
7 1 27.9392 1.31662
62 1 28.846 13.1203
61 1 33.6781 10.1712
57 1 14.7105 -7.26743
17 1 11.2743 -3.907
18 1 10.722 -3.88216
2 1 -14.5939 -18.6314
55 1 16.7165 -16.1715
37 1 16.7732 -16.2022
59 1 7.15728 -19.9208
58 1 11.1285 -12.7182
36 1 11.6756 -12.9816
56 1 15.1817 -6.58636
53 1 19.5131 -0.948432
9 1 25.6666 8.38023
60 1 34.8664 11.2626
