type_amount=2
type:tag=1
type:park=2
landmark_amount=47
20 1 4.88773 0.0212576
23 1 -4.27881 -3.35623
24 1 -0.745374 3.3092
19 1 1.94891 -6.23065
26 1 -7.10277 5.42478
22 1 -4.38435 -2.73361
5 1 -12.7459 1.58205
12 1 -23.308 15.9269
8 1 -20.7993 6.08792
6 1 -11.9049 9.68595
13 1 -26.7293 9.3013
10 1 -17.5569 12.8264
4 1 -28.3146 7.20997
11 1 -17.9832 12.6575
16 1 -30.3649 -6.81417
27 1 -17.8782 -8.90627
1 1 -7.66417 -14.3561
2 1 -14.7488 -17.4948
29 1 7.99576 -28.8956
30 1 -6.67935 -22.1527
32 1 5.59778 -19.5372
38 1 19.8816 -10.8313
28 1 14.2479 -7.55925
37 1 16.6483 -15.8825
21 1 4.53071 0.00314523
3 1 -26.0527 -10.948
34 1 11.814 -22.9083
54 1 20.0242 -10.0251
17 1 10.1328 -3.87851
18 1 9.35475 -3.45813
15 1 -26.3266 0.699746
14 1 -31.9198 3.38935
35 1 10.5633 -13.7023
36 1 11.384 -13.0953
57 1 14.5382 -7.1151
52 1 23.768 -3.01181
7 1 26.9204 2.98489
33 1 35.4354 16.15
62 1 27.8426 14.7552
61 1 31.8574 11.5791
53 1 18.2391 -0.296927
55 1 17.1696 -15.6428
59 1 7.39013 -19.8758
58 1 11.4279 -12.6104
56 1 14.7823 -6.27756
9 1 23.8272 9.72043
60 1 32.9446 13.6604
