type_amount=2
type:tag=1
type:park=2
landmark_amount=53
20 1 -0.0698207 -0.420209
21 1 -0.368524 -0.28256
23 1 -9.42969 -3.23384
24 1 -5.50945 3.23886
19 1 -3.47542 -6.41793
26 1 -12.3317 5.57487
22 1 -9.43216 -2.68423
5 1 -17.8282 1.50854
6 1 -17.1776 9.67255
8 1 -26.1594 6.72334
10 1 -22.5023 13.3345
11 1 -22.8883 13.1786
13 1 -31.8109 10.1038
12 1 -28.0587 16.6444
4 1 -33.4373 8.03509
14 1 -36.7865 4.13137
16 1 -35.3467 -5.71226
3 1 -31.0314 -9.11108
27 1 -23.0762 -7.444
1 1 -13.2958 -13.7449
2 1 -20.5656 -16.4233
30 1 -13.5095 -21.8677
32 1 -0.158118 -19.438
29 1 2.67669 -29.652
34 1 6.22432 -23.0641
37 1 11.244 -16.8636
28 1 9.57199 -8.52378
38 1 14.82 -12.1728
35 1 5.45258 -14.2826
36 1 5.99413 -13.2105
54 1 14.4782 -11.4994
17 1 5.03279 -4.72633
18 1 4.52841 -4.72179
25 1 -6.0076 3.23396
51 1 1.74015 -10.0047
39 1 -0.04066 -9.29323
58 1 6.58583 -12.6216
15 1 -31.8717 1.35683
57 1 9.79546 -7.20225
65 1 17.8369 3.5007
7 1 22.4335 1.32814
33 1 33.0136 13.4919
61 1 27.7103 9.72317
62 1 23.6685 13.9941
52 1 18.9823 -4.78599
53 1 13.7251 -1.13288
59 1 2.0068 -19.8887
55 1 11.9554 -16.0837
56 1 9.82752 -6.55725
9 1 19.6728 -3.65418
60 1 28.6004 11.6654
67 1 31.2796 16.3805
66 1 26.0434 19.4681
