type_amount=2
type:tag=1
type:park=2
landmark_amount=52
67 1 0.0191674 -0.420477
60 1 -2.5426 -5.16114
62 1 -8.05042 -3.06179
61 1 -3.94654 -8.47595
7 1 -9.43591 -16.6909
9 1 -12.1699 -21.3284
53 1 -17.3132 -17.6074
56 1 -22.0975 -23.4209
57 1 -22.5508 -24.6452
55 1 -21.1147 -33.3033
58 1 -26.1037 -29.2783
54 1 -17.7941 -29.1206
36 1 -26.5725 -29.9265
59 1 -31.0942 -36.275
37 1 -21.8868 -34.7258
34 1 -27.3383 -41.2296
29 1 -30.9511 -47.7356
52 1 -13.0128 -21.5336
51 1 -30.2429 -26.9996
39 1 -31.8519 -28.8618
23 1 -41.7873 -20.2483
24 1 -37.8538 -13.8155
19 1 -35.8327 -23.7824
26 1 -44.1993 -11.1132
22 1 -41.9709 -19.6555
5 1 -49.9223 -14.8306
6 1 -48.8897 -6.65733
8 1 -58.2516 -9.61105
10 1 -54.4613 -3.08006
11 1 -54.855 -3.23526
12 1 -59.9768 0.327623
13 1 -63.9141 -6.04394
21 1 -32.5573 -17.8446
20 1 -32.3433 -17.3501
25 1 -38.0108 -14.4224
4 1 -65.6079 -7.95491
14 1 -68.9848 -12.102
16 1 -68.5009 -21.7593
15 1 -64.1175 -14.6901
3 1 -63.7527 -25.7481
27 1 -55.8767 -24.5189
1 1 -46.1609 -31.2505
2 1 -53.5839 -33.4948
30 1 -45.7245 -38.8546
32 1 -33.2392 -37.7538
28 1 -23.1479 -25.8938
35 1 -27.5203 -31.8371
38 1 -17.8032 -29.6912
65 1 -14.8887 -13.7231
33 1 0.245653 -3.29097
17 1 -27.9733 -22.1491
18 1 -28.3695 -21.4893
