type_amount=2
type:tag=1
type:park=2
landmark_amount=46
20 1 -0.250681 -0.722337
21 1 -0.440002 -0.377168
23 1 -9.42969 -3.23384
24 1 -5.50945 3.23886
19 1 -3.47542 -6.41793
26 1 -12.3317 5.57487
22 1 -9.43216 -2.68423
5 1 -17.8282 1.50854
6 1 -17.1776 9.67255
8 1 -26.1594 6.72334
10 1 -22.5023 13.3345
11 1 -22.8883 13.1786
13 1 -31.8109 10.1038
12 1 -28.0587 16.6444
4 1 -33.4373 8.03509
14 1 -36.7865 4.13137
16 1 -35.3467 -5.71226
3 1 -31.0314 -9.11108
27 1 -23.0762 -7.444
1 1 -13.2958 -13.7449
2 1 -20.5656 -16.4233
30 1 -13.5095 -21.8677
32 1 -0.158118 -19.438
29 1 1.22933 -29.7607
34 1 4.6563 -23.5851
37 1 10.1692 -18.0291
28 1 9.57388 -8.52246
38 1 14.8317 -12.1774
35 1 5.45258 -14.2826
36 1 6.0583 -13.1801
54 1 14.6577 -11.783
17 1 4.84095 -4.86341
18 1 4.52841 -4.72179
25 1 -6.0076 3.23396
51 1 1.27451 -10.3842
39 1 -0.04066 -9.29323
58 1 6.39397 -13.0717
15 1 -31.8717 1.35683
57 1 9.83393 -8.91303
65 1 17.8369 3.5007
7 1 23.3683 0.406179
33 1 33.0136 13.4919
61 1 29.0999 8.51105
62 1 24.6709 12.3226
52 1 19.0021 -5.63554
53 1 14.146 -2.21676
