type_amount=2
type:tag=1
type:park=2
landmark_amount=47
20 1 4.88773 0.0212576
23 1 -4.27881 -3.35623
24 1 -0.745374 3.3092
19 1 1.94891 -6.23065
26 1 -7.10277 5.42478
22 1 -4.38435 -2.73361
5 1 -12.7459 1.58205
12 1 -23.308 15.9269
8 1 -20.7993 6.08792
6 1 -11.9049 9.68595
13 1 -26.7293 9.3013
10 1 -17.5569 12.8264
4 1 -28.3146 7.20997
11 1 -17.9832 12.6575
16 1 -30.3649 -6.81417
27 1 -17.8782 -8.90627
1 1 -7.66417 -14.3561
2 1 -14.7488 -17.4948
29 1 7.99576 -28.8956
30 1 -6.67935 -22.1527
32 1 5.59778 -19.5372
38 1 19.8816 -10.8313
28 1 14.2479 -7.55925
37 1 17.0485 -15.8831
21 1 4.53071 0.00314523
3 1 -26.0527 -10.948
34 1 11.8938 -22.905
54 1 19.9721 -10.057
17 1 10.1328 -3.87851
18 1 9.35475 -3.45813
15 1 -26.3266 0.699746
14 1 -31.9198 3.38935
35 1 10.5633 -13.7023
36 1 11.5375 -13.1416
57 1 14.5286 -7.13695
52 1 23.768 -3.01181
7 1 26.834 2.98077
33 1 35.4354 16.15
62 1 27.8426 14.7552
61 1 32.4013 11.6467
53 1 18.2991 -0.207638
55 1 17.392 -15.5294
59 1 7.74052 -19.9773
58 1 11.5939 -12.5273
56 1 14.8379 -6.18879
9 1 24.8066 9.78025
60 1 33.5783 13.8346
