type_amount=2
type:tag=1
type:park=2
landmark_amount=73
52 1 2.11857 -2.11315
53 1 -2.21363 2.02091
202 2 5.81542 -2.93965
4.48001 2.95511 0.810366
56 1 -7.58145 -3.47689
54 1 -3.01684 -8.03601
55 1 -7.31356 -13.8869
57 1 -7.49994 -4.16862
58 1 -12.0921 -9.70784
36 1 -12.2155 -9.8664
37 1 -7.39932 -13.6857
59 1 -17.5642 -16.3202
51 1 -16.6807 -7.44105
39 1 -18.1179 -6.72023
19 1 -21.9853 -4.64577
214 2 -8.75873 -3.51566
4.47999 2.70016 -1.0249
215 2 -11.0157 -2.1427
4.47999 2.46213 -1.05601
216 2 -14.1264 -11.5309
4.48 2.47209 2.02704
217 2 -16.4439 -10.5364
4.48 2.76314 2.11155
23 1 -28.3722 -1.41511
24 1 -24.493 5.10773
220 2 -14.4034 -0.288544
4.47999 2.70016 -1.06506
25 1 -24.9021 4.94427
222 2 -16.6794 1.14852
4.48001 2.69104 -1.04832
22 1 -28.4581 -1.01075
224 2 -20.0748 3.07574
4.48 2.688 2.05309
26 1 -31.1495 7.31199
226 2 -28.0201 -4.36686
4.48 2.56 2.06057
227 2 -22.3796 4.39463
4.48 2.688 2.06057
5 1 -36.8907 3.31134
229 2 -25.7042 6.40107
4.48001 2.69104 -1.03403
6 1 -36.0793 11.4284
231 2 -33.6224 -1.49322
4.48 2.43537 2.10817
232 2 -28.8589 7.34219
4.48001 2.69104 -1.03449
8 1 -46.14 7.39164
10 1 -42.6325 14.0275
235 2 -34.6654 10.5727
4.48 2.688 2.06357
11 1 -43.0068 13.8973
9 1 -46.2696 7.81682
13 1 -52.1197 10.0979
239 2 -43.0561 3.61832
4.48 2.56 2.09236
12 1 -48.624 17.09
241 2 -38.0839 12.3791
4.48001 2.69105 2.04538
242 2 -40.5341 13.8189
4.48001 2.81891 -1.07738
243 2 -45.2859 4.88131
4.48 2.57276 2.05846
4 1 -53.4728 7.90784
16 1 -54.6631 -6.49399
14 1 -56.4505 3.36625
3 1 -49.1597 -9.36058
248 2 -50.3937 -0.308948
4.48001 2.52455 2.00716
249 2 -48.1664 -1.66741
4.48 2.46213 2.10483
27 1 -41.5684 -7.18551
251 2 -44.8367 -3.54025
4.48 2.31818 2.05498
252 2 -42.6253 -4.67189
4.48 2.30755 2.05903
2 1 -37.9964 -15.8813
1 1 -30.8023 -12.7612
255 2 -38.7159 -6.75052
4.48 2.432 -1.06424
256 2 -36.43 -7.81694
4.48 2.43536 2.01576
30 1 -29.629 -20.4186
258 2 -33.0611 -9.56125
4.48 2.56 -1.07792
0 1 -25.9983 -15.7385
32 1 -17.056 -17.828
33 1 -20.6236 -24.9353
29 1 -14.0644 -27.1145
34 1 -11.121 -20.7168
264 2 -21.2696 -15.8172
4.48 2.688 -1.09543
265 2 -18.9438 -17.0272
4.48 2.688 -1.11053
38 1 -2.79109 -8.1275
28 1 -8.20709 -4.92132
17 1 -13.1151 -1.5353
18 1 -13.5128 -1.60682
20 1 -18.9166 1.65884
21 1 -19.0163 1.81613
272 2 -31.2427 -1.72733
4.48 2.56 2.20086
