type_amount=2
type:tag=1
type:park=2
landmark_amount=74
56 1 -10.268 -6.42156
54 1 -5.53057 -11.6635
55 1 -10.0574 -16.7714
57 1 -10.1939 -7.10289
58 1 -14.7977 -12.4993
36 1 -14.2273 -15.3167
37 1 -10.0433 -16.7167
59 1 -20.3709 -18.9774
51 1 -19.2937 -10.2561
39 1 -20.0371 -9.75565
19 1 -24.0783 -7.75144
212 2 -11.5603 -5.08071
4.47999 2.70016 5.25829
213 2 -13.8407 -3.67682
4.47999 2.46213 5.22718
214 2 -15.8966 -14.3653
4.48 2.47209 2.02704
215 2 -19.0201 -13.8074
4.48 2.76314 2.11155
23 1 -30.3623 -4.97379
24 1 -27.0593 1.89957
218 2 -17.4469 -2.0523
4.47999 2.70016 5.21812
25 1 -27.5199 1.71049
220 2 -20.0555 -0.581253
4.48001 2.69104 5.23486
22 1 -30.3881 -4.75392
222 2 -23.6841 1.04532
4.48 2.688 5.19468
26 1 -34.1423 4.05851
224 2 -30.6196 -7.49804
4.48 2.56 5.20216
225 2 -26.1297 2.38544
4.48 2.688 5.20216
5 1 -39.3972 -0.660364
227 2 -29.4179 3.9935
4.48001 2.69104 5.24915
6 1 -39.2789 7.54095
229 2 -36.2856 -3.97363
4.48 2.43537 2.10817
230 2 -31.2938 4.47838
4.48001 2.69104 5.24869
8 1 -48.3331 3.3949
10 1 -45.3782 10.3558
233 2 -38.0068 8.15466
4.48 2.688 5.20516
11 1 -45.8185 10.1553
9 1 -48.6494 3.92493
13 1 -54.3451 5.89828
237 2 -45.6496 0.865556
4.48 2.56 5.23395
12 1 -51.433 12.9569
239 2 -41.6058 9.71768
4.48001 2.69105 2.04538
240 2 -44.3899 10.8907
4.48001 2.81891 5.2058
241 2 -48.1875 1.71277
4.48 2.57276 2.05846
4 1 -55.5087 3.45975
16 1 -56.4361 -10.0471
14 1 -59.0128 -0.358507
3 1 -52.2676 -12.784
246 2 -52.237 -4.26724
4.48001 2.52455 2.00716
247 2 -52.3978 -5.1228
4.48 2.46213 2.10483
27 1 -43.8859 -10.9244
249 2 -46.7389 -7.91347
4.48 2.31818 2.05498
250 2 -44.388 -9.13529
4.48 2.30755 2.05903
2 1 -40.3896 -19.6477
1 1 -33.4079 -16.2873
253 2 -40.9008 -10.3106
4.48 2.432 2.07735
254 2 -38.2448 -12.2291
4.48 2.43536 2.01576
30 1 -32.0642 -23.8883
256 2 -34.9507 -13.9064
4.48 2.56 2.06367
0 1 -28.177 -19.2622
32 1 -19.9133 -20.9891
33 1 -23.1879 -28.4542
29 1 -17.0376 -30.7574
34 1 -14.2549 -24.1399
262 2 -23.1514 -19.8767
4.48 2.688 2.04616
263 2 -20.7457 -20.9798
4.48 2.688 2.03106
38 1 -5.42572 -12.0275
28 1 -11.0445 -8.89266
17 1 -15.7886 -5.61162
18 1 -16.6485 -6.18844
20 1 -21.1818 -1.70102
21 1 -21.5897 -1.40493
270 2 -33.9032 -5.11467
4.48 2.56 5.34245
370 2 -14.1392 -4.03188
4.48 2.816 5.23547
371 2 -50.2004 -6.3311
4.48 2.50909 2.02935
372 2 -38.3115 -12.2999
4.48 2.43284 2.02158
373 2 -20.8838 -21.2647
4.48 2.49682 5.17421
