type_amount=2
type:tag=1
type:park=2
landmark_amount=48
21 1 4.62262 0.779964
23 1 -4.93408 -0.410672
200 2 11.1332 -3.56094
4.48 2.624 2.31951
203 2 4.36553 -10.9527
4.48 2.5632 -0.85328
24 1 -0.149697 5.46887
205 2 8.17929 -0.784615
4.48 2.688 2.33097
206 2 6.11113 0.985028
4.48 2.56 2.32554
25 1 -0.606407 5.38735
22 1 -5.05495 0.191628
209 2 3.26003 3.59389
4.48 2.816 2.31677
5 1 -12.351 6.17761
211 2 1.17123 5.41433
4.48 2.56 2.30908
212 2 -1.57972 7.94217
4.48 2.816 2.30307
6 1 -9.96165 14.0199
8 1 -19.6568 12.4863
215 2 -10.0373 2.09689
4.48 2.43537 -0.891068
10 1 -14.872 18.3278
217 2 -8.59908 14.1111
4.48 3.072 2.30778
13 1 -24.626 16.7103
11 1 -15.4043 18.2982
12 1 -19.9026 22.5627
221 2 -11.4476 16.5803
4.48 2.69105 2.25688
222 2 -13.5243 18.4449
4.48 2.5632 -0.833995
4 1 -26.4832 15.0955
16 1 -31.2755 1.84774
14 1 -30.6092 11.5613
226 2 -25.8083 6.0545
4.48 2.34977 2.2735
3 1 -27.4606 -2.50367
27 1 -19.2943 -2.08472
229 2 -24.0709 3.87579
4.48 2.56 -0.863601
230 2 -21.2203 1.48806
4.48 2.43537 2.24006
1 1 -10.192 -9.60053
232 2 -19.3443 -0.130951
4.48 2.43537 2.23524
2 1 -17.6854 -11.3507
234 2 -15.9316 -2.81506
4.48 2.43537 2.2226
235 2 -13.9658 -4.45201
4.48 2.432 -0.876594
236 2 -11.0864 -6.86586
4.48 2.56 -0.882517
30 1 -10.4309 -17.422
32 1 2.11895 -16.7288
29 1 3.51474 -26.6233
33 1 -2.41551 -23.2297
241 2 -0.628196 -14.8936
4.48 2.43537 2.20118
242 2 1.36221 -16.493
4.48 2.56 -0.940096
28 1 12.4612 -5.96904
38 1 17.6087 -9.81327
35 1 7.72795 -11.8644
54 1 17.5885 -9.36106
17 1 8.82084 -1.85447
