type_amount=2
type:tag=1
type:park=2
landmark_amount=57
21 1 4.06144 1.3546
23 1 -5.68351 -0.0337008
200 2 11.4126 -3.18334
4.48 2.624 2.31951
203 2 4.36553 -10.9527
4.48 2.5632 -0.85328
24 1 -1.18783 6.10426
205 2 8.17929 -0.784615
4.48 2.688 2.33097
206 2 6.67379 1.15011
4.48 2.56 2.32554
25 1 -0.606407 5.38735
22 1 -6.3095 0.659216
209 2 4.00802 3.24086
4.48 2.816 2.31677
5 1 -13.1285 6.23778
211 2 1.43546 5.19221
4.48 2.56 2.30908
212 2 -1.0091 7.30644
4.48 2.816 2.30307
6 1 -11.9146 14.5814
8 1 -20.4083 12.3836
215 2 -10.0373 2.09689
4.48 2.43537 -0.891068
10 1 -15.7492 18.3314
217 2 -8.59908 14.1111
4.48 3.072 2.30778
13 1 -25.3799 16.4179
11 1 -16.2926 18.4569
12 1 -20.6636 22.4125
221 2 -12.1713 16.6351
4.48 2.69105 2.25688
222 2 -14.0825 18.439
4.48 2.5632 -0.833995
4 1 -26.9869 14.8005
16 1 -31.6351 1.27838
14 1 -30.6092 11.5613
226 2 -26.1987 5.57602
4.48 2.34977 2.2735
3 1 -27.4606 -2.50367
27 1 -19.5443 -2.4477
229 2 -24.497 3.33653
4.48 2.56 -0.863601
230 2 -21.6026 1.06845
4.48 2.43537 2.24006
1 1 -10.3857 -9.84738
232 2 -19.7122 -0.528396
4.48 2.43537 2.23524
2 1 -17.6854 -11.3507
234 2 -16.2979 -3.14902
4.48 2.43537 2.2226
235 2 -14.3267 -4.71891
4.48 2.432 -0.876594
236 2 -11.3823 -6.96483
4.48 2.56 -0.882517
30 1 -10.4309 -17.422
32 1 2.00689 -16.6832
29 1 3.398 -26.6061
33 1 -2.78608 -23.4636
241 2 -0.96276 -14.8984
4.48 2.43537 2.20118
242 2 0.963981 -16.4218
4.48 2.56 -0.940096
28 1 11.7095 -5.88481
38 1 17.0611 -9.69934
35 1 7.72795 -11.8644
54 1 16.9681 -9.36846
17 1 8.18654 -1.82063
20 1 3.17754 2.35688
18 1 8.27635 -1.77887
250 2 6.06894 -10.7397
4.48 2.52131 -0.949834
251 2 4.18826 -9.01379
4.48 2.58864 -0.965482
252 2 -3.9102 9.25365
4.48 2.69105 -0.870478
253 2 -11.5903 2.73796
4.48 2.432 2.22699
254 2 -10.1036 14.4712
4.48 2.816 2.234
9 1 -21.0867 13.399
256 2 -20.5057 10.2608
4.48 2.304 2.21971
