type_amount=2
type:tag=1
type:park=2
landmark_amount=63
23 1 -2.38053 -3.06205
25 1 1.45976 3.12896
200 2 8.3781 -0.380669
4.48 2.68876 -1.02161
22 1 -2.66461 -2.18488
204 2 5.32339 1.91898
4.48 2.816 2.09901
5 1 -10.486 3.11752
206 2 3.12187 3.51992
4.48 2.69105 -0.977607
6 1 -8.66512 11.1608
208 2 0.200358 5.76126
4.48 2.81891 -0.977443
209 2 -7.73807 -0.824074
4.48 2.43537 -1.07295
8 1 -18.1146 8.75599
10 1 -13.9297 14.8257
212 2 -7.19456 11.1672
4.48 2.944 2.12277
11 1 -14.4078 14.6002
13 1 -23.4189 12.3917
12 1 -19.2149 18.5271
216 2 -10.2705 13.509
4.48 2.688 2.1307
9 1 -18.2589 9.50312
218 2 -12.7375 15.3676
4.48 2.69105 2.09566
4 1 -25.0685 10.218
16 1 -28.7286 -3.10709
14 1 -29.1553 5.91577
222 2 -23.5093 1.24355
4.48 2.30755 2.14519
3 1 -25.1228 -8.38394
27 1 -16.4437 -6.58541
225 2 -21.646 -0.938233
4.48 2.43537 2.17056
226 2 -18.6031 -3.21394
4.48 2.432 -0.949033
1 1 -7.05335 -13.7729
228 2 -16.6125 -4.75322
4.48 2.30755 2.1331
2 1 -14.9907 -15.3696
230 2 -13.0694 -7.33559
4.48 2.432 -0.958325
231 2 -11.0631 -8.81773
4.48 2.432 -0.962512
232 2 -8.02417 -11.1438
4.48 2.43537 2.11393
30 1 -7.0038 -21.5728
32 1 5.64002 -20.4113
29 1 7.40364 -30.5158
33 1 1.36486 -27.3103
237 2 2.73059 -18.8839
4.48 2.56 -0.998249
238 2 4.90932 -20.4269
4.48 2.688 -1.00589
28 1 15.397 -9.32464
38 1 20.9849 -12.9709
37 1 16.7696 -18.4795
54 1 20.9357 -12.5098
17 1 12.3228 -4.85803
18 1 11.2377 -4.86564
20 1 6.74618 -0.553113
246 2 15.6366 -5.50299
4.48 2.9772 2.24226
247 2 13.7163 -4.47964
4.48 2.816 2.23601
21 1 6.72967 -0.522968
249 2 7.56234 -15.551
4.48 2.69105 -0.961466
24 1 1.94792 3.15926
19 1 3.37836 -6.83055
252 2 10.6757 -1.97531
4.48 2.816 2.21487
253 2 -2.30977 7.46247
4.48 2.43537 2.1668
254 2 -18.2897 6.9382
4.48 2.5632 -0.937247
255 2 8.6686 -15.0715
4.48 2.4049 -0.991487
35 1 11.3969 -15.2375
257 2 7.92037 -15.439
4.48 2.57277 0.566369
258 2 -6.00562 -2.09037
4.48 2.43537 2.1904
7 1 -8.88902 10.1601
51 1 8.43087 -10.7717
361 2 -23.886 2.22709
4.48 2.40575 2.20573
362 2 7.92868 -12.3502
4.48 2.57277 -0.96373
