type_amount=2
type:tag=1
type:park=2
landmark_amount=61
23 1 -2.23662 -3.19577
25 1 1.45976 3.12896
200 2 8.56193 -0.208825
4.48 2.68876 -1.02161
22 1 -2.23272 -2.61168
204 2 5.33386 1.94397
4.48 2.816 2.09901
5 1 -10.3396 2.40357
206 2 3.10764 3.43094
4.48 2.69105 -0.977607
6 1 -8.83215 10.4793
208 2 0.0275956 5.56537
4.48 2.81891 -0.977443
209 2 -7.61097 -1.29918
4.48 2.43537 -1.07295
8 1 -18.2908 7.81927
10 1 -14.2108 14.1741
212 2 -7.57477 10.762
4.48 2.944 2.12277
11 1 -14.5876 13.96
13 1 -23.6795 11.4268
12 1 -19.526 17.7867
216 2 -10.6934 12.8643
4.48 2.688 2.1307
9 1 -18.3409 8.2425
218 2 -12.9226 14.4133
4.48 2.69105 2.09566
4 1 -25.4114 9.43644
16 1 -28.9521 -4.06786
14 1 -29.1553 5.91577
222 2 -23.8915 0.353945
4.48 2.30755 2.14519
3 1 -25.1228 -8.38394
27 1 -16.9216 -7.06371
225 2 -21.9485 -1.51154
4.48 2.43537 2.17056
226 2 -18.9027 -3.7598
4.48 2.432 -0.949033
1 1 -7.18685 -13.8881
228 2 -16.8987 -5.27272
4.48 2.30755 2.1331
2 1 -14.4961 -16.2234
230 2 -13.3301 -7.84074
4.48 2.432 -0.958325
231 2 -11.248 -9.21083
4.48 2.432 -0.962512
232 2 -8.13129 -11.3142
4.48 2.43537 2.11393
30 1 -6.80258 -21.7587
32 1 5.67654 -20.2363
29 1 7.85536 -30.0846
33 1 1.91807 -27.1845
237 2 2.86511 -18.6642
4.48 2.56 -0.998249
238 2 5.09736 -20.1187
4.48 2.688 -1.00589
28 1 15.8201 -9.09075
38 1 21.1071 -12.7345
37 1 16.7696 -18.4795
54 1 21.0214 -12.3737
17 1 11.8615 -5.21484
18 1 11.0921 -5.59705
20 1 7.00652 -0.982453
246 2 16.0145 -5.70683
4.48 2.9772 2.24226
247 2 13.8737 -4.14943
4.48 2.816 2.23601
21 1 6.87621 -0.784725
249 2 8.2082 -12.4102
4.48 2.69105 -0.961466
24 1 1.93788 3.12793
19 1 3.56968 -6.78189
252 2 10.6962 -1.92336
4.48 2.816 2.21487
253 2 -2.30977 7.46247
4.48 2.43537 2.1668
254 2 -18.4078 6.1638
4.48 2.5632 -0.937247
255 2 10.332 -14.0503
4.48 2.4049 -0.991487
35 1 11.4204 -15.0612
257 2 8.80928 -15.6337
4.48 2.57277 0.566369
258 2 -5.67984 -2.76526
4.48 2.43537 2.1904
7 1 -8.88902 10.1601
51 1 8.43087 -10.7717
