type_amount=2
type:tag=1
type:park=2
landmark_amount=43
23 1 -1.4966 -1.89998
24 1 2.30555 4.74304
19 1 3.60421 -4.48973
25 1 1.16859 5.09773
22 1 -0.571644 -1.17562
8 1 -17.0773 6.61767
5 1 -9.36095 2.45098
12 1 -19.5754 16.4903
6 1 -9.03833 10.6819
13 1 -22.6255 9.76722
4 1 -24.2808 7.49892
10 1 -13.9988 13.4644
11 1 -14.4297 13.3185
16 1 -25.8746 -6.08146
27 1 -13.6469 -8.18904
1 1 -4.07713 -14.0217
2 1 -11.1555 -16.7778
29 1 9.98846 -28.1949
34 1 13.7189 -21.8927
32 1 8.19243 -18.7304
38 1 20.9461 -10.0456
28 1 15.4554 -6.4953
54 1 20.9062 -9.44043
17 1 12.3799 -3.82211
20 1 7.59563 0.515575
18 1 10.4648 -3.48947
21 1 7.31144 0.575489
30 1 -3.3772 -21.3162
51 1 8.62584 -8.85781
58 1 12.7259 -11.3051
36 1 13.5846 -11.7323
59 1 8.57842 -18.5066
55 1 18.5537 -14.4366
57 1 16.4332 -5.47054
56 1 16.0836 -5.23531
53 1 19.892 0.764008
52 1 25.0528 -1.95456
7 1 29.3635 3.78954
0 1 27.9779 14.6054
31 1 35.7522 13.7187
37 1 17.2748 -15.3533
33 1 36.532 15.5759
35 1 12.1183 -13.4115
