type_amount=2
type:tag=1
type:park=2
landmark_amount=46
23 1 -3.18972 -1.98429
24 1 1.73486 3.49589
19 1 3.60421 -4.48973
25 1 1.16859 5.09773
22 1 -2.8311 -1.02331
8 1 -17.9792 9.39243
5 1 -10.9202 3.7778
12 1 -18.5833 19.8893
6 1 -8.80179 11.9871
13 1 -23.4297 13.2836
4 1 -25.4748 10.9752
10 1 -14.0478 15.6099
11 1 -14.5533 15.4816
16 1 -29.0142 -4.58397
27 1 -17.1124 -8.03003
1 1 -7.81129 -14.8924
2 1 -15.1606 -17.1059
29 1 5.78152 -31.7471
34 1 9.71737 -25.9371
32 1 4.72603 -22.1089
38 1 20.486 -15.8852
28 1 16.1231 -12.1755
54 1 20.6525 -15.4747
17 1 12.5828 -7.72775
20 1 7.81254 -3.14524
18 1 10.4648 -3.48947
21 1 5.94114 -0.797741
30 1 -7.77677 -22.8074
51 1 8.62584 -8.85781
58 1 12.7259 -11.3051
36 1 13.5846 -11.7323
59 1 8.57842 -18.5066
55 1 18.5537 -14.4366
57 1 16.4332 -5.47054
56 1 16.0836 -5.23531
53 1 19.892 0.764008
52 1 25.0528 -1.95456
7 1 29.3635 3.78954
0 1 27.9779 14.6054
31 1 35.7522 13.7187
37 1 17.2748 -15.3533
33 1 36.532 15.5759
35 1 10.6675 -17.634
14 1 -28.2222 6.1013
15 1 -24.7122 2.5026
39 1 7.21242 -9.28022
