type_amount=2
type:tag=1
type:park=2
landmark_amount=43
23 1 -1.45291 -1.92896
24 1 2.24948 4.77085
19 1 3.51775 -4.52317
25 1 1.16859 5.09773
22 1 -0.571863 -1.1761
8 1 -17.2384 6.60161
5 1 -9.66372 2.6029
12 1 -19.2049 16.216
6 1 -9.67967 10.662
13 1 -22.3267 9.56013
4 1 -23.8864 7.35622
10 1 -14.0639 13.4535
11 1 -14.5949 13.204
16 1 -25.7608 -6.33839
27 1 -13.6358 -8.6499
1 1 -4.12541 -14.4131
2 1 -11.0011 -17.1281
29 1 10.0286 -28.3981
34 1 13.3329 -21.8395
32 1 8.34646 -19.5008
38 1 20.9814 -10.5931
28 1 15.5111 -7.01223
54 1 20.9517 -9.9715
17 1 15.9102 -3.73228
20 1 7.6031 0.304726
18 1 16.083 -2.97872
21 1 7.33605 0.389972
30 1 -4.34229 -22.347
51 1 8.82379 -8.9722
58 1 12.6526 -11.174
36 1 13.5477 -11.8182
59 1 8.11901 -18.441
55 1 18.5688 -14.2953
57 1 16.1738 -5.30664
56 1 16.317 -4.87214
53 1 20.1745 0.957122
52 1 24.5913 -2.2972
7 1 28.7351 2.45812
0 1 27.4078 13.3236
31 1 35.8209 14.7097
37 1 17.0925 -15.3923
33 1 35.9039 14.2371
35 1 12.1847 -13.7512
