type_amount=2
type:tag=1
type:park=2
landmark_amount=29
20 1 -0.0676616 0.0577023
21 1 -0.489366 0.0509011
23 1 -9.60305 -2.45148
24 1 -5.51801 4.03523
19 1 -3.76695 -5.88634
25 1 -5.9955 3.94304
26 1 -11.9937 6.62714
5 1 -17.9439 3.04879
6 1 -16.506 11.0458
8 1 -26.0175 8.29982
10 1 -22.071 14.7482
11 1 -22.4902 14.6013
13 1 -31.5659 11.8539
12 1 -27.6178 18.1687
4 1 -33.209 9.93734
16 1 -36.1132 -3.75784
27 1 -23.7858 -6.5926
1 1 -14.0056 -13.456
2 1 -21.445 -15.7042
30 1 -13.7646 -21.232
32 1 -1.23247 -19.9686
29 1 0.533872 -29.8971
34 1 4.08437 -23.9566
28 1 8.89801 -9.04055
38 1 14.1436 -12.6745
36 1 4.84377 -15.0395
54 1 14.1225 -12.1975
17 1 5.41078 -4.33618
18 1 5.05773 -4.10591
