type_amount=2
type:tag=1
type:park=2
landmark_amount=45
60 1 5.62624 -4.18251
66 1 1.86918 3.06818
67 1 7.64499 0.67249
62 1 -2.90428 -5.67055
7 1 -0.935502 -15.2051
9 1 -3.02054 -21.4494
53 1 -9.74 -19.172
52 1 -4.16375 -21.6076
56 1 -13.0257 -25.2812
55 1 -10.0921 -34.6468
58 1 -16.1651 -32.0294
57 1 -13.0517 -25.6793
54 1 -7.80928 -28.7242
36 1 -16.0949 -32.4805
37 1 -10.6066 -34.8677
59 1 -19.7083 -39.7855
34 1 -14.2438 -42.7506
29 1 -22.2401 -49.9442
51 1 -23.0169 -28.3562
23 1 -35.0905 -23.3203
21 1 -26.0773 -19.6766
24 1 -31.5164 -16.5773
19 1 -28.4425 -26.185
25 1 -31.8197 -16.8365
26 1 -38.1092 -14.4457
22 1 -35.3299 -22.7209
5 1 -43.7291 -18.5852
6 1 -43.0369 -10.4166
8 1 -52.3425 -14.3133
10 1 -49.074 -7.4616
11 1 -49.5384 -7.65008
13 1 -58.2831 -11.4373
12 1 -55.0182 -4.67924
4 1 -59.764 -13.4136
16 1 -60.9518 -27.1946
3 1 -56.1882 -30.4823
1 1 -38.1903 -34.6824
30 1 -37.1473 -42.4948
32 1 -24.7623 -40.1599
15 1 -57.3977 -19.6681
27 1 -48.3567 -28.6003
2 1 -45.3404 -37.6316
69 1 -0.500293 -14.7151
68 1 3.07824 -8.56608
61 1 3.37913 -7.45185
