type_amount=2
type:tag=1
type:park=2
landmark_amount=53
20 1 -0.184803 -0.631979
21 1 -0.368524 -0.28256
23 1 -9.34815 -2.95566
24 1 -5.14693 3.35412
19 1 -3.44919 -6.51938
26 1 -12.3317 5.57487
22 1 -9.43216 -2.68423
5 1 -17.8282 1.50854
6 1 -17.1776 9.67255
8 1 -26.1594 6.72334
10 1 -22.5023 13.3345
11 1 -22.8883 13.1786
13 1 -31.8109 10.1038
12 1 -28.0587 16.6444
4 1 -33.4373 8.03509
14 1 -36.7865 4.13137
16 1 -35.3467 -5.71226
3 1 -31.0314 -9.11108
27 1 -23.0762 -7.444
1 1 -13.2958 -13.7449
2 1 -20.5656 -16.4233
30 1 -13.5095 -21.8677
32 1 -0.158118 -19.438
29 1 2.67669 -29.652
34 1 6.22432 -23.0641
37 1 11.8835 -16.4343
28 1 9.50933 -7.99104
38 1 14.82 -12.1728
35 1 5.45258 -14.2826
36 1 6.02489 -13.3472
54 1 14.4782 -11.4994
17 1 4.92413 -4.61528
18 1 4.38441 -4.2807
25 1 -6.0076 3.23396
51 1 1.68187 -10.136
39 1 0.18473 -9.07334
58 1 6.83404 -12.7415
15 1 -31.8717 1.35683
57 1 9.70502 -7.04542
65 1 16.5668 4.60254
7 1 22.0856 2.03995
33 1 30.4915 15.9641
61 1 26.9315 10.5819
62 1 22.151 14.3765
52 1 18.8644 -4.1624
53 1 13.3879 -0.858821
59 1 2.93556 -20.0871
55 1 12.2556 -16.1095
56 1 10.1399 -6.94187
9 1 20.0762 -4.02336
60 1 28.619 11.6871
67 1 31.264 16.3285
66 1 25.9919 19.2668
