type_amount=2
type:tag=1
type:park=2
landmark_amount=39
60 1 1.40784 -5.02112
66 1 -2.50139 2.91179
67 1 3.32772 0.205669
62 1 -5.97214 -5.72924
7 1 -3.34165 -14.6134
9 1 -5.57057 -20.2649
53 1 -11.529 -17.3505
52 1 -6.25075 -20.3507
56 1 -15.1136 -23.1776
55 1 -12.0699 -32.7306
58 1 -17.8949 -30.0795
57 1 -10.4167 -27.9674
54 1 -9.37287 -26.2787
36 1 -17.8276 -30.2431
37 1 -12.5251 -32.742
59 1 -21.7718 -36.9896
34 1 -16.6533 -40.797
29 1 -19.8708 -47.317
51 1 -23.0169 -28.3562
23 1 -34.7704 -23.4674
21 1 -26.0773 -19.6766
24 1 -31.5164 -16.5773
19 1 -28.4425 -26.185
25 1 -31.9911 -16.7413
26 1 -38.3446 -14.7785
22 1 -34.9913 -22.9731
5 1 -43.6006 -19.1431
6 1 -43.3354 -10.9197
8 1 -52.3011 -14.9658
10 1 -49.2523 -8.04985
11 1 -49.6592 -8.28541
13 1 -58.3176 -12.1033
12 1 -55.1925 -5.38704
4 1 -59.7145 -13.9526
16 1 -60.8292 -28.0535
3 1 -56.413 -31.7129
1 1 -38.0506 -35.1324
30 1 -36.9267 -42.9542
32 1 -24.5479 -40.5415
