type_amount=2
type:tag=1
type:park=2
landmark_amount=53
23 1 -1.82399 -3.9819
24 1 1.19257 2.97578
26 1 -5.19327 4.66331
22 1 -1.93729 -3.37645
5 1 -10.5406 0.584822
6 1 -9.73873 8.74684
8 1 -18.8397 5.72832
10 1 -15.1527 12.3317
11 1 -15.604 12.2229
13 1 -24.5086 8.76068
12 1 -20.8743 15.5118
4 1 -25.7445 6.30946
16 1 -26.9009 -6.56685
14 1 -28.5866 3.43192
15 1 -23.3336 0.995223
3 1 -22.2882 -9.55527
27 1 -14.3217 -6.68168
1 1 -3.64264 -11.9179
2 1 -10.6445 -15.3709
30 1 -1.98264 -19.7938
32 1 10.1613 -16.2927
29 1 12.2939 -27.4275
34 1 15.5926 -21.0697
28 1 17.6504 -5.32393
38 1 23.3009 -8.75335
54 1 23.1107 -8.35909
57 1 18.081 -5.18357
17 1 12.4172 -2.39535
20 1 6.66947 0.0242675
18 1 12.371 -2.81315
19 1 4.62804 -6.40734
25 1 0.743717 2.86887
52 1 26.4939 -1.74148
65 1 23.9379 6.71123
53 1 21.1264 1.07113
7 1 29.9507 4.48963
61 1 33.258 11.6857
70 1 36.7285 17.5886
33 1 37.4151 18.0391
62 1 27.5674 14.2796
51 1 9.35681 -9.16275
21 1 6.65148 0.151292
58 1 14.3229 -11.1337
59 1 10.3208 -18.4274
36 1 14.3459 -11.5491
37 1 19.7124 -14.286
55 1 20.2031 -14.2039
56 1 17.7093 -4.66964
69 1 30.1429 4.9974
68 1 32.8433 10.7892
60 1 36.0324 15.1668
66 1 32.4675 22.5998
39 1 8.31972 -6.09634
