type_amount=2
type:tag=1
type:park=2
landmark_amount=52
23 1 0.228181 0.73574
21 1 9.05684 4.15025
24 1 3.77423 7.49653
19 1 6.27593 -2.2733
25 1 3.2683 7.35981
26 1 -2.78274 9.61539
22 1 0.0329755 1.31843
5 1 -8.37138 5.62373
6 1 -7.70887 13.7695
8 1 -16.9311 10.1729
10 1 -13.56 16.8804
11 1 -14.0115 16.7691
13 1 -22.8 13.3985
12 1 -19.3369 19.9701
4 1 -24.2814 11.3789
16 1 -25.8269 -2.36749
14 1 -27.9834 6.20209
3 1 -21.4309 -5.76038
27 1 -13.35 -3.83315
1 1 -3.02633 -9.48708
2 1 -10.1175 -12.5096
30 1 -1.70041 -16.967
32 1 10.4479 -14.4728
29 1 14.703 -24.8849
34 1 16.6258 -18.1789
35 1 16.1159 -8.42111
28 1 19.642 -3.85347
38 1 25.5697 -6.34803
54 1 25.0862 -6.04168
17 1 15.5195 -0.449675
18 1 15.0962 -0.185234
20 1 9.77986 2.87809
51 1 12.4531 -4.93201
58 1 15.939 -8.20718
59 1 12.3754 -15.3028
36 1 15.9186 -8.41742
37 1 21.1779 -11.2914
55 1 21.6775 -11.3643
57 1 19.0749 -2.4018
56 1 19.0403 -1.98218
52 1 27.8212 1.36555
53 1 23.689 3.21935
9 1 28.8722 1.10781
7 1 31.5514 6.47098
60 1 37.1865 16.8244
62 1 30.3884 17.3975
66 1 32.7435 23.594
65 1 26.2618 8.63001
33 1 39.8717 19.9243
61 1 36.4464 14.5286
39 1 9.75769 -3.73778
67 1 38.3853 21.4952
