type_amount=2
type:tag=1
type:park=2
landmark_amount=43
19 1 1.19002 -4.4657
23 1 -3.86464 -1.63164
24 1 -0.305492 5.09021
26 1 -6.96609 7.04596
22 1 -4.09568 -1.12133
5 1 -12.5292 3.26415
6 1 -11.5599 11.2675
8 1 -21.1117 7.67239
10 1 -17.8183 14.3853
11 1 -18.187 14.2583
13 1 -26.9455 11.0825
12 1 -23.3765 17.5271
4 1 -28.2274 9.53251
16 1 -30.8331 -4.84467
27 1 -18.3524 -6.97465
1 1 -8.22669 -13.0888
2 1 -15.6013 -15.7671
30 1 -6.87936 -20.8754
32 1 4.27032 -18.2849
29 1 7.26057 -28.3853
34 1 10.1415 -21.9973
38 1 19.9171 -10.5227
28 1 14.5332 -6.9841
54 1 22.6985 -9.86135
35 1 10.4035 -13.1369
36 1 13.479 -11.7423
20 1 5.23778 1.46406
17 1 10.7528 -1.71885
18 1 10.5027 -1.32716
21 1 5.02586 1.53261
51 1 7.9616 -7.47292
58 1 13.313 -11.5884
14 1 -31.8542 5.16671
15 1 -27.3927 2.59179
3 1 -26.2544 -8.38441
37 1 14.8692 -16.1759
25 1 -0.987399 5.1404
57 1 15.0721 -6.84282
55 1 18.6282 -15.4068
56 1 18.0085 -5.29105
52 1 26.3244 -2.85127
7 1 31.4867 1.99983
9 1 28.5352 10.3373
