type_amount=2
type:tag=1
type:park=2
landmark_amount=34
23 1 -0.663224 -0.0586598
26 1 -2.36297 9.09498
22 1 -1.02073 0.510427
5 1 -8.51 6.08326
6 1 -6.48601 13.9853
8 1 -15.9584 12.1543
10 1 -11.4516 18.2093
13 1 -21.224 16.1304
11 1 -11.8199 18.1288
12 1 -16.5332 22.1808
4 1 -23.0573 14.4144
16 1 -27.0471 0.756581
15 1 -22.2443 7.50342
3 1 -23.3332 -3.88305
27 1 -15.0142 -2.99809
1 1 -5.64969 -10.0286
2 1 -13.2099 -12.1183
30 1 -5.93042 -17.7832
32 1 6.95771 -17.0138
29 1 8.49439 -26.9446
34 1 12.1793 -21.0145
28 1 17.1453 -6.81697
38 1 22.304 -10.5631
35 1 13.0391 -12.5118
18 1 13.0624 -2.55617
20 1 8.60744 1.54909
17 1 13.7069 -1.94278
21 1 8.46354 1.87711
24 1 3.81362 6.01176
14 1 -27.1057 10.966
54 1 22.3778 -9.92631
19 1 4.7307 -4.25385
25 1 3.36843 5.56532
51 1 9.20334 -8.98345
