type_amount=2
type:tag=1
type:park=2
landmark_amount=45
60 1 5.74542 -6.02373
66 1 2.07644 1.64033
67 1 8.11657 -1.1403
62 1 -2.4629 -6.6058
7 1 -1.34735 -16.4185
9 1 -2.93612 -23.4535
53 1 -9.62797 -19.8828
52 1 -4.2599 -22.6211
56 1 -12.9419 -26.6132
55 1 -10.3514 -35.9096
58 1 -16.7023 -32.1646
57 1 -12.8306 -26.1936
54 1 -7.80928 -28.7242
36 1 -15.9616 -32.6026
37 1 -10.5768 -35.178
59 1 -19.966 -39.7423
34 1 -14.2438 -42.7506
29 1 -22.2401 -49.9442
51 1 -23.0169 -28.3562
23 1 -35.0905 -23.3203
21 1 -26.0773 -19.6766
24 1 -31.5164 -16.5773
19 1 -28.4425 -26.185
25 1 -31.8197 -16.8365
26 1 -38.1092 -14.4457
22 1 -35.3299 -22.7209
5 1 -43.7291 -18.5852
6 1 -43.0369 -10.4166
8 1 -52.3425 -14.3133
10 1 -49.074 -7.4616
11 1 -49.5384 -7.65008
13 1 -58.2831 -11.4373
12 1 -55.0182 -4.67924
4 1 -59.764 -13.4136
16 1 -60.9518 -27.1946
3 1 -56.1882 -30.4823
1 1 -38.1903 -34.6824
30 1 -37.1473 -42.4948
32 1 -24.7623 -40.1599
15 1 -57.3977 -19.6681
27 1 -48.3567 -28.6003
2 1 -45.3404 -37.6316
69 1 -1.04318 -15.8674
68 1 2.65428 -9.99527
61 1 3.18765 -9.07872
