type_amount=2
type:tag=1
type:park=2
landmark_amount=32
23 1 -0.159832 0.213708
21 1 8.65054 3.52875
24 1 3.39869 6.94018
19 1 5.99157 -2.78658
25 1 2.89523 6.78102
26 1 -3.35965 9.0056
22 1 -0.39802 0.726539
5 1 -8.85894 4.90547
6 1 -8.33808 13.0914
8 1 -17.4817 9.32012
10 1 -14.281 16.0945
11 1 -14.6847 15.9251
13 1 -23.4453 12.4078
12 1 -20.0645 19.015
4 1 -24.8392 10.4923
16 1 -26.5352 -3.70464
14 1 -28.0678 5.80198
3 1 -21.8142 -7.56325
27 1 -13.6581 -5.11624
1 1 -3.20285 -10.6018
2 1 -10.2062 -13.8324
30 1 -1.9406 -18.3003
32 1 10.2995 -15.4825
29 1 13.3348 -25.114
34 1 16.0325 -18.7236
35 1 15.4424 -9.9503
28 1 19.5458 -3.67039
38 1 24.9367 -6.66741
54 1 24.8866 -6.19913
17 1 14.755 -0.476908
18 1 14.2842 -0.515128
20 1 9.6643 3.40128
