type_amount=2
type:tag=1
type:park=2
landmark_amount=47
20 1 5.22521 -3.49517
23 1 -3.64477 -7.61939
24 1 -0.684072 -0.464016
26 1 -12.3221 -1.61151
19 1 2.75563 -9.90064
22 1 -3.53895 -8.24921
6 1 -12.2741 4.62091
12 1 -24.1984 10.5715
5 1 -12.9152 -3.80511
8 1 -21.4844 0.891337
13 1 -27.4273 3.63455
10 1 -18.1859 7.66146
4 1 -29.1259 0.304834
11 1 -18.6716 7.56739
16 1 -30.0348 -13.541
27 1 -17.0583 -14.2698
1 1 -6.51695 -19.3984
2 1 -13.3753 -22.6766
29 1 10.4701 -32.9682
30 1 -5.23631 -27.0858
34 1 13.6613 -26.1587
32 1 7.01952 -23.9074
28 1 15.2942 -10.372
38 1 21.1874 -13.2273
37 1 14.2158 -17.0371
17 1 10.9918 -6.62332
18 1 10.7437 -6.32206
21 1 3.90331 -3.56105
54 1 18.3263 -10.9279
36 1 9.31002 -14.0073
57 1 13.402 -7.86296
52 1 29.5795 -7.22181
7 1 26.3742 1.67335
33 1 36.342 15.0533
9 1 23.5337 -4.61764
61 1 31.2973 10.4478
62 1 26.6838 14.2612
51 1 6.395 -9.80627
58 1 9.23006 -13.5504
59 1 4.70748 -20.5036
55 1 14.8071 -16.9767
56 1 13.403 -7.57352
53 1 17.4158 -1.73432
60 1 32.4417 11.9294
65 1 25.4193 -4.63504
35 1 12.2521 -17.3203
67 1 34.9816 16.7897
