type_amount=2
type:tag=1
type:park=2
landmark_amount=50
60 1 5.62624 -4.18251
66 1 1.86918 3.06818
67 1 7.64499 0.67249
62 1 -2.90428 -5.67055
7 1 -0.851744 -15.3275
9 1 -3.67067 -21.6078
53 1 -9.71735 -18.48
52 1 -4.72075 -21.8349
56 1 -13.9129 -24.083
55 1 -12.4401 -33.8228
58 1 -17.9287 -30.3042
57 1 -13.9161 -24.5487
54 1 -7.80928 -28.7242
36 1 -17.8251 -30.6776
37 1 -12.6546 -34.3004
59 1 -22.5051 -37.3123
34 1 -17.5502 -41.0983
29 1 -21.2268 -47.2863
51 1 -22.2957 -28.5177
23 1 -33.8356 -22.7078
21 1 -25.1501 -18.6853
24 1 -30.7193 -15.8183
19 1 -27.8593 -25.3126
25 1 -30.9774 -16.0502
26 1 -37.4243 -14.0842
22 1 -34.1679 -22.1858
5 1 -42.7833 -18.4243
6 1 -42.4378 -10.2572
8 1 -51.1981 -14.3887
10 1 -48.4357 -7.41853
11 1 -48.8542 -7.63356
13 1 -57.3767 -11.841
12 1 -54.3897 -4.82178
4 1 -58.7939 -14.088
16 1 -58.7718 -28.0699
3 1 -52.9424 -30.6894
1 1 -35.6156 -33.7086
30 1 -34.3476 -41.5897
32 1 -23.3835 -38.1514
15 1 -56.0016 -20.4515
27 1 -46.0229 -28.3964
2 1 -42.4682 -37.0828
69 1 -0.554612 -14.7395
68 1 3.07824 -8.56608
61 1 3.37913 -7.45185
39 1 -24.224 -27.547
20 1 -25.0267 -18.4945
17 1 -19.1603 -21.3579
18 1 -19.6137 -21.4951
14 1 -61.5287 -18.7104
