type_amount=2
type:tag=1
type:park=2
landmark_amount=36
19 1 2.85099 -4.16443
23 1 -3.69029 -1.21525
24 1 0.206769 5.25868
26 1 -6.19927 7.7205
22 1 -3.8477 -0.653787
5 1 -12.052 3.78352
6 1 -11.0333 11.9193
8 1 -20.5217 8.56429
10 1 -16.9666 15.214
11 1 -17.0445 15.2342
13 1 -26.4843 11.728
12 1 -22.6763 18.4392
4 1 -28.5935 9.58937
16 1 -30.512 -4.7326
27 1 -18.0578 -6.73374
1 1 -8.08195 -12.6993
2 1 -14.7466 -15.2851
30 1 -6.57615 -20.4467
32 1 4.77596 -18.2644
29 1 7.18197 -27.9007
34 1 10.2706 -21.5132
38 1 19.6405 -11.0649
28 1 14.3573 -7.24223
54 1 19.5726 -10.7668
35 1 10.1097 -13.19
36 1 11.0836 -11.2493
20 1 5.56534 1.5397
17 1 10.3969 -2.5835
18 1 10.6454 -2.1511
21 1 5.3757 1.5695
51 1 7.22629 -8.98815
58 1 12.6488 -11.3319
14 1 -31.8542 5.16671
15 1 -26.5558 2.5918
3 1 -25.2794 -8.30729
37 1 14.8692 -16.1759
