type_amount=2
type:tag=1
type:park=2
landmark_amount=51
23 1 0.228181 0.73574
21 1 9.05684 4.15025
24 1 3.77423 7.49653
19 1 6.27593 -2.2733
25 1 3.2683 7.35981
26 1 -2.78274 9.61539
22 1 0.0329755 1.31843
5 1 -8.37138 5.62373
6 1 -7.70887 13.7695
8 1 -16.9311 10.1729
10 1 -13.56 16.8804
11 1 -14.0115 16.7691
13 1 -22.8 13.3985
12 1 -19.3369 19.9701
4 1 -24.2814 11.3789
16 1 -25.8269 -2.36749
14 1 -27.9834 6.20209
3 1 -21.4309 -5.76038
27 1 -13.35 -3.83315
1 1 -3.02633 -9.48708
2 1 -10.1175 -12.5096
30 1 -1.70041 -16.967
32 1 10.4479 -14.4728
29 1 13.273 -24.2319
34 1 16.5754 -17.6867
35 1 16.1159 -8.42111
28 1 19.1764 -2.48409
38 1 24.7757 -5.64466
54 1 24.8011 -5.05889
17 1 13.963 0.014611
18 1 14.0937 0.196023
20 1 9.16297 3.78758
51 1 11.3746 -5.04034
58 1 16.5776 -6.70879
59 1 12.6277 -13.6871
36 1 16.4344 -7.4291
37 1 21.8795 -9.96589
55 1 22.1999 -9.74713
57 1 19.3187 -1.66023
56 1 19.6602 -0.171712
52 1 28.5199 2.32633
53 1 23.2948 5.5662
9 1 29.8675 2.79042
7 1 32.5304 8.40777
60 1 37.4821 22.3234
62 1 32.59 20.7428
66 1 34.9974 29.4835
65 1 26.5071 10.6474
33 1 40.4335 22.1055
61 1 36.9915 16.7432
39 1 9.75769 -3.73778
