type_amount=2
type:tag=1
type:park=2
landmark_amount=53
23 1 -1.82204 -4.11494
24 1 1.0543 2.88507
26 1 -5.22403 4.52686
22 1 -1.89811 -3.48236
5 1 -10.5 0.527942
6 1 -9.66259 8.66689
8 1 -18.742 5.74039
10 1 -15.0099 12.3168
11 1 -15.4531 12.2131
13 1 -24.3702 8.83134
12 1 -20.6823 15.5547
4 1 -25.6244 6.37903
16 1 -27.0315 -6.43361
14 1 -28.6685 3.80107
15 1 -23.3336 0.995223
3 1 -22.1219 -9.32222
27 1 -14.3263 -6.86239
1 1 -3.60205 -12.1232
2 1 -10.6244 -15.5215
30 1 -1.98264 -19.7938
32 1 10.3693 -16.7098
29 1 12.6293 -27.6484
34 1 15.8932 -21.268
28 1 17.7165 -5.50948
38 1 23.5014 -8.66529
54 1 23.2545 -8.31184
57 1 18.1488 -5.3962
17 1 12.6295 -2.66023
20 1 6.77592 -0.0798938
18 1 12.371 -2.81315
19 1 4.72925 -6.3762
25 1 0.577652 2.80095
52 1 26.5185 -2.21029
65 1 24.9288 6.74698
53 1 21.2187 0.684298
7 1 30.1016 3.95714
61 1 33.9158 10.9128
70 1 38.0585 17.3194
33 1 38.762 17.7611
62 1 28.46 13.9273
51 1 9.39183 -9.27974
21 1 6.46343 0.151492
58 1 14.3404 -11.3538
59 1 10.3503 -18.314
36 1 14.467 -11.2864
37 1 19.7428 -14.2652
55 1 20.2582 -14.0776
56 1 17.9557 -4.55602
69 1 30.3067 4.4502
68 1 33.4232 10.0061
60 1 36.2085 14.1798
66 1 32.4675 22.5998
39 1 8.09863 -8.65289
