type_amount=2
type:tag=1
type:park=2
landmark_amount=34
23 1 -0.21099 0.371643
26 1 -3.74084 8.93089
22 1 -0.43904 0.37743
5 1 -9.15402 4.51913
6 1 -8.7611 12.7183
8 1 -17.8092 9.03159
10 1 -14.6624 15.88
13 1 -23.6947 11.8313
11 1 -15.0383 15.6872
12 1 -20.4147 18.6987
4 1 -22.4262 15.4645
16 1 -26.7485 2.06127
15 1 -21.5765 10.086
3 1 -22.9056 -2.05541
27 1 -14.6135 -1.6416
1 1 -5.48176 -9.0914
2 1 -12.8569 -10.9184
30 1 -5.06349 -16.7475
32 1 6.98213 -16.4388
29 1 7.96787 -26.5522
34 1 12.0366 -20.6475
28 1 17.5546 -6.03159
38 1 22.6965 -10.0827
35 1 11.2808 -11.8165
18 1 12.4776 -1.26956
20 1 9.33115 2.67269
17 1 12.6355 -1.75824
21 1 8.80592 2.95633
24 1 3.0393 7.19216
14 1 -27.1057 10.966
54 1 21.1566 -9.64567
19 1 5.67955 -3.14506
25 1 3.36843 5.56532
51 1 9.20334 -8.98345
