type_amount=2
type:tag=1
type:park=2
landmark_amount=56
60 1 6.26328 -4.00862
66 1 0.533764 1.95519
67 1 7.64499 0.67249
62 1 -2.90428 -5.67055
7 1 -0.596238 -16.8347
9 1 -3.67067 -21.6078
53 1 -9.63834 -19.6115
52 1 -4.59189 -22.8553
56 1 -13.9129 -24.083
55 1 -12.4401 -33.8228
58 1 -17.9287 -30.3042
57 1 -13.5015 -25.6476
54 1 -8.68912 -29.1813
36 1 -17.8396 -30.7165
37 1 -12.6546 -34.3004
59 1 -22.5051 -37.3123
34 1 -17.7076 -41.2183
29 1 -21.1003 -47.4395
51 1 -22.2957 -28.5177
23 1 -33.8356 -22.7078
21 1 -25.1501 -18.6853
24 1 -30.4233 -15.7855
19 1 -27.8593 -25.3126
25 1 -30.9774 -16.0502
26 1 -37.4243 -14.0842
22 1 -34.1679 -22.1858
5 1 -42.7833 -18.4243
6 1 -42.4378 -10.2572
8 1 -51.1981 -14.3887
10 1 -48.4357 -7.41853
11 1 -48.8542 -7.63356
13 1 -57.3767 -11.841
12 1 -54.3897 -4.82178
4 1 -58.7939 -14.088
16 1 -58.7718 -28.0699
3 1 -52.9424 -30.6894
1 1 -35.6156 -33.7086
30 1 -34.3476 -41.5897
32 1 -23.4138 -38.1344
15 1 -56.0016 -20.4515
27 1 -46.0229 -28.3964
2 1 -42.4682 -37.0828
69 1 -0.554612 -14.7395
68 1 3.07824 -8.56608
61 1 3.37913 -7.45185
39 1 -24.224 -27.547
20 1 -24.5052 -18.5647
17 1 -18.5919 -21.6762
18 1 -19.2648 -21.6275
14 1 -61.5287 -18.7104
38 1 -8.64384 -29.6525
28 1 -13.9511 -25.7036
35 1 -18.331 -31.4893
65 1 -6.18305 -13.8952
33 1 8.41873 -3.41186
70 1 7.6449 -3.93684
