type_amount=2
type:tag=1
type:park=2
landmark_amount=37
23 1 -0.263362 0.348984
26 1 -3.60241 8.97723
22 1 -0.49051 0.934702
5 1 -9.04271 4.82066
6 1 -8.54434 12.8895
8 1 -17.6626 9.23542
10 1 -14.457 16.0147
13 1 -23.6483 12.5016
11 1 -14.9563 15.9333
12 1 -20.0607 18.9825
4 1 -24.7229 10.9843
16 1 -26.6332 -4.25198
15 1 -23.0298 3.28505
3 1 -22.9056 -2.05541
27 1 -14.2301 -6.08856
1 1 -3.93978 -11.8776
2 1 -11.048 -14.8932
30 1 -3.16661 -19.6186
32 1 9.37096 -17.513
29 1 12.0167 -27.2754
34 1 15.0661 -21.0016
28 1 20.4255 -2.84352
38 1 25.666 -7.16064
35 1 16.0468 -10.3784
18 1 14.4466 1.49766
20 1 8.82182 4.32842
17 1 14.6411 1.35354
21 1 8.53324 4.33587
24 1 3.05666 7.17449
14 1 -27.1057 10.966
54 1 25.703 -6.65139
19 1 5.68464 -2.80341
25 1 3.36843 5.56532
51 1 11.5962 -5.2274
36 1 17.483 -8.01223
57 1 19.5984 -2.39897
39 1 10.9794 -3.41062
