type_amount=2
type:tag=1
type:park=2
landmark_amount=42
60 1 1.40784 -5.02112
66 1 -2.50139 2.91179
67 1 3.32772 0.205669
62 1 -5.97214 -5.72924
7 1 -3.34165 -14.6134
9 1 -5.57057 -20.2649
53 1 -11.529 -17.3505
52 1 -6.25075 -20.3507
56 1 -15.1136 -23.1776
55 1 -12.0699 -32.7306
58 1 -17.8949 -30.0795
57 1 -10.4167 -27.9674
54 1 -9.37287 -26.2787
36 1 -17.8276 -30.2431
37 1 -12.5251 -32.742
59 1 -21.7718 -36.9896
34 1 -19.1495 -43.3818
29 1 -22.2401 -49.9442
51 1 -23.0169 -28.3562
23 1 -35.0905 -23.3203
21 1 -26.0773 -19.6766
24 1 -31.5164 -16.5773
19 1 -28.4425 -26.185
25 1 -31.8197 -16.8365
26 1 -38.1092 -14.4457
22 1 -35.3299 -22.7209
5 1 -43.7291 -18.5852
6 1 -43.0369 -10.4166
8 1 -52.3425 -14.3133
10 1 -49.074 -7.4616
11 1 -49.5384 -7.65008
13 1 -58.2831 -11.4373
12 1 -55.0182 -4.67924
4 1 -59.764 -13.4136
16 1 -60.9518 -27.1946
3 1 -56.1882 -30.4823
1 1 -38.1903 -34.6824
30 1 -37.1473 -42.4948
32 1 -24.7623 -40.1599
15 1 -57.3977 -19.6681
27 1 -48.3567 -28.6003
2 1 -45.3404 -37.6316
