45.748 -12.3775
45.9715 -12.4025
46.1508 -12.4167
46.298 -12.4243
46.4686 -12.4281
46.7203 -12.425
46.9599 -12.4129
47.1792 -12.393
47.4178 -12.3622
47.6814 -12.3165
47.9421 -12.2592
48.2324 -12.1809
48.5208 -12.0872
48.8273 -11.9706
49.1273 -11.838
49.4379 -11.6831
49.7379 -11.5167
50.0422 -11.3316
50.3277 -11.1423
50.5937 -10.9522
50.8659 -10.7438
51.1295 -10.5294
51.3798 -10.3157
51.6389 -10.0863
51.8801 -9.8666
52.1109 -9.65254
52.3313 -9.44567
52.5618 -9.22664
52.7742 -9.02266
52.963 -8.83889
53.1524 -8.65191
53.3277 -8.4759
53.4895 -8.31069
53.6576 -8.13553
53.8047 -7.97912
53.9627 -7.80797
54.1114 -7.64346
54.2527 -7.48386
54.3944 -7.32079
54.5188 -7.17495
54.6423 -7.02742
54.7468 -6.90047
54.845 -6.77926
54.9224 -6.68233
54.9977 -6.58716
55.0584 -6.50944
55.1298 -6.41708
55.1916 -6.33621
55.2478 -6.26207
55.2966 -6.19696
55.3435 -6.13364
55.3902 -6.06982
55.4334 -6.01004
55.4738 -5.95328
55.5116 -5.89951
55.5477 -5.84734
55.5832 -5.7951
55.6171 -5.74452
55.6507 -5.69322
55.6804 -5.64711
55.7216 -5.58169
55.7539 -5.52955
55.7859 -5.47664
55.8206 -5.4178
55.8552 -5.3576
55.8942 -5.28793
55.9333 -5.21564
55.9728 -5.14043
56.0087 -5.06959
56.0429 -4.99989
56.0799 -4.92155
56.1174 -4.83888
56.1503 -4.76285
56.1865 -4.67558
56.2185 -4.59489
56.2453 -4.52459
56.2708 -4.45477
56.2933 -4.39064
56.3146 -4.32785
56.3354 -4.26371
56.3564 -4.19591
56.3763 -4.12832
56.396 -4.05821
56.4135 -3.99225
56.43 -3.92598
56.4453 -3.86103
56.4579 -3.80327
56.4691 -3.7488
56.4788 -3.69748
56.4887 -3.64119
56.4978 -3.58529
56.5056 -3.53391
56.5117 -3.49107
56.5174 -3.44733
56.523 -3.4005
56.5277 -3.35793
56.5322 -3.31301
56.5358 -3.27238
56.5394 -3.22562
56.5422 -3.18436
56.5449 -3.13825
56.5474 -3.08669
56.5491 -3.03958
56.5503 -2.99021
56.551 -2.93277
56.551 -2.87959
56.5502 -2.82037
56.5485 -2.75907
56.5458 -2.69429
56.5419 -2.62626
56.5369 -2.55795
56.5313 -2.49434
56.5253 -2.43578
56.519 -2.38109
56.5117 -2.32346
56.5025 -2.25933
56.4915 -2.18969
56.4755 -2.1004
56.4544 -1.99729
56.425 -1.87132
56.3976 -1.76695
56.3662 -1.65884
56.3315 -1.55143
56.295 -1.44911
56.2517 -1.3364
56.2065 -1.22688
56.1596 -1.12207
56.1123 -1.02291
56.0676 -0.934438
56.0244 -0.853193
55.9767 -0.767596
55.9333 -0.692581
55.8961 -0.630436
55.8579 -0.568466
55.8215 -0.511074
55.7895 -0.461792
55.7575 -0.413566
55.7179 -0.355002
55.6827 -0.303973
55.652 -0.26042
55.6251 -0.223026
55.6018 -0.191141
55.5826 -0.165305
55.565 -0.141705
55.5467 -0.117526
55.526 -0.0904582
55.4982 -0.0546358
55.464 -0.011208
55.4285 0.0331328
55.391 0.0790536
55.3536 0.124112
55.3087 0.176924
55.2623 0.229825
55.1974 0.301766
55.1287 0.375638
55.0696 0.437529
55.0168 0.491458
54.967 0.541247
54.9112 0.595845
54.86 0.645187
54.8151 0.68778
54.7706 0.729453
54.7243 0.772308
54.682 0.811076
54.6451 0.844578
54.6077 0.878342
54.5744 0.908106
54.5276 0.949677
54.494 0.97943
54.4575 1.01158
54.4185 1.04565
54.3761 1.08262
54.3317 1.12111
54.2794 1.16612
54.2233 1.21419
54.1674 1.26182
54.1018 1.31753
54.0323 1.37619
53.953 1.44283
53.8704 1.51191
53.7882 1.58028
53.7011 1.65249
53.605 1.73171
53.504 1.8145
53.4097 1.89155
53.3089 1.97378
53.2079 2.0558
53.1082 2.13663
53.0074 2.21819
52.9085 2.29803
52.8177 2.37128
52.7261 2.44509
52.6382 2.51594
52.5419 2.59346
52.4585 2.66069
52.3699 2.73214
52.2907 2.79605
52.2058 2.86454
52.1186 2.93504
52.0339 3.00358
51.9579 3.06512
51.8697 3.13649
51.7928 3.19883
51.7069 3.26839
51.6233 3.33612
51.5465 3.39836
51.4654 3.46413
51.3867 3.52786
51.3006 3.59769
51.219 3.66374
51.138 3.72919
51.0546 3.79657
50.9726 3.86275
50.8965 3.92411
50.8086 3.99483
50.7312 4.05709
50.649 4.12311
50.5698 4.18659
50.4899 4.25043
50.4074 4.31601
50.3317 4.37587
50.2541 4.43671
50.1729 4.49985
50.0977 4.55801
50.0203 4.61747
49.9397 4.67908
49.867 4.73411
49.7832 4.79721
49.7036 4.85676
49.6186 4.91995
49.5362 4.98103
49.4503 5.04423
49.3633 5.10791
49.2735 5.17338
49.1923 5.23241
49.1079 5.29354
49.0216 5.35594
48.9336 5.41945
48.8444 5.48356
48.7558 5.54697
48.6589 5.61573
48.5572 5.68758
48.4672 5.75076
48.361 5.82489
48.2611 5.89418
48.1606 5.96342
48.0585 6.03339
47.9541 6.10459
47.8509 6.17456
47.7439 6.24671
47.6377 6.31798
47.52 6.39667
47.4118 6.46876
47.3002 6.54269
47.1953 6.61202
47.0926 6.67957
46.9822 6.75209
46.8788 6.81997
46.7785 6.88577
46.6759 6.95297
46.5772 7.01768
46.4853 7.07782
46.3898 7.14031
46.2982 7.20023
46.2063 7.2604
46.1204 7.31664
46.0265 7.378
45.9377 7.43613
45.846 7.49603
45.7525 7.55713
45.6604 7.61731
45.5683 7.67738
45.4768 7.73713
45.398 7.78848
45.3155 7.84227
45.2206 7.90414
45.1209 7.96906
45.0235 8.03247
44.9188 8.10062
44.8159 8.16751
44.7151 8.23305
44.6016 8.30677
44.499 8.37342
44.3905 8.44372
44.2804 8.51507
44.1667 8.58863
44.0616 8.65661
43.9412 8.73448
43.8293 8.80678
43.7117 8.8827
43.6015 8.95383
43.4917 9.0247
43.3789 9.09742
43.2689 9.16831
43.1569 9.24045
43.0485 9.31027
42.9374 9.38177
42.8175 9.45898
42.7015 9.53366
42.5819 9.61065
42.4655 9.68555
42.3472 9.76162
42.2133 9.84767
42.0838 9.93076
41.9512 10.0158
41.819 10.1004
41.6947 10.1798
41.5651 10.2624
41.4522 10.3342
41.3164 10.4203
41.1903 10.5001
41.0765 10.572
40.9578 10.6467
40.8341 10.7244
40.7264 10.7918
40.6099 10.8647
40.4978 10.9345
40.3904 11.0014
40.2784 11.0709
40.1625 11.1427
40.0475 11.2138
39.9251 11.2892
39.8036 11.3639
39.6884 11.4345
39.5684 11.5079
39.4398 11.5863
39.3156 11.6618
39.1866 11.74
39.0605 11.8163
38.9292 11.8955
38.7958 11.9758
38.6666 12.0533
38.5246 12.1383
38.3769 12.2264
38.2316 12.3128
38.0868 12.3987
37.937 12.4873
37.7929 12.5722
37.6538 12.654
37.5093 12.7386
37.3643 12.8232
37.223 12.9054
37.0803 12.9881
36.942 13.068
36.7993 13.1501
36.6571 13.2315
36.5174 13.311
36.3693 13.395
36.2278 13.4749
36.0908 13.5522
35.9487 13.6322
35.802 13.7148
35.6508 13.7997
35.5079 13.88
35.3803 13.9515
35.2385 14.031
35.1027 14.1069
34.9725 14.1798
34.8563 14.2448
34.7341 14.3133
34.6027 14.3872
34.4866 14.4526
34.375 14.5158
34.2595 14.5816
34.1505 14.6441
34.0411 14.7071
33.9311 14.7708
33.8079 14.8428
33.6867 14.9139
33.5634 14.9869
33.443 15.0586
33.3136 15.1362
33.1896 15.211
33.0566 15.2919
32.921 15.3749
32.7921 15.4545
32.6686 15.5311
32.5415 15.6107
32.409 15.6942
32.2839 15.7735
32.1609 15.8519
32.0387 15.9301
31.9223 16.0048
31.8102 16.077
31.6891 16.1552
31.5735 16.2302
31.4589 16.3047
31.3501 16.3757
31.2394 16.4482
31.1341 16.5173
31.0289 16.5865
30.9298 16.6517
30.8196 16.7242
30.7133 16.794
30.6117 16.8607
30.5093 16.9278
30.4089 16.9935
30.3035 17.0623
30.2087 17.1241
30.1068 17.1904
30.0054 17.2563
29.9076 17.3197
29.8072 17.3847
29.7044 17.4511
29.6059 17.5145
29.5067 17.5784
29.4088 17.6412
29.311 17.704
29.2095 17.7689
29.1148 17.8293
29.0178 17.8912
28.9174 17.9551
28.8117 18.0223
28.7084 18.0878
28.5991 18.157
28.4944 18.2232
28.3825 18.2937
28.2613 18.3699
28.1495 18.4401
28.0426 18.507
27.9325 18.5758
27.8243 18.6432
27.7132 18.7123
27.6104 18.7761
27.49 18.8506
27.3812 18.9178
27.2675 18.9877
27.1589 19.0543
27.049 19.1216
26.9382 19.1893
26.8346 19.2523
26.7237 19.3197
26.6208 19.3819
26.5101 19.4483
26.4077 19.5091
26.3066 19.5686
26.2045 19.6279
26.0976 19.6893
25.9844 19.7534
25.8708 19.8169
25.7506 19.883
25.6422 19.9417
25.5352 19.9987
25.4115 20.0633
25.302 20.1194
25.1998 20.1706
25.0837 20.2275
24.9733 20.2803
24.8724 20.3274
24.768 20.3747
24.6642 20.4203
24.5568 20.4659
24.4454 20.5116
24.3267 20.5584
24.2104 20.6024
24.0836 20.6482
23.9533 20.6927
23.8244 20.7341
23.6898 20.7742
23.5459 20.814
23.4201 20.8459
23.2889 20.8761
23.161 20.9025
23.036 20.9253
22.9061 20.9459
22.8155 20.9585
22.7226 20.9697
22.6205 20.98
22.522 20.9878
22.4207 20.9938
22.3115 20.9978
22.2047 20.9995
22.0926 20.9988
21.9792 20.9953
21.8686 20.9894
21.7562 20.9807
21.6602 20.9713
21.5506 20.9581
21.4559 20.9447
21.3585 20.929
21.271 20.9131
21.1814 20.8951
21.0992 20.877
21.0185 20.8578
20.9432 20.8386
20.862 20.8165
20.7793 20.7924
20.6949 20.7662
20.6127 20.7391
20.5343 20.7118
20.4487 20.6802
20.363 20.6468
20.2782 20.6119
20.1905 20.574
20.0934 20.5299
20.0006 20.4852
19.9074 20.438
19.8117 20.3869
19.7221 20.3366
19.6226 20.2781
19.5242 20.2171
19.4249 20.1524
19.3327 20.0895
19.2394 20.0229
19.1505 19.9566
19.0653 19.8904
18.982 19.8231
18.904 19.7577
18.8173 19.6822
18.737 19.6095
18.6497 19.5275
18.5619 19.4415
18.4789 19.3569
18.4018 19.2751
18.3287 19.1943
18.2561 19.1112
18.1877 19.0303
18.1247 18.9534
18.0649 18.8786
18.007 18.8045
17.9514 18.7321
17.896 18.6586
17.8416 18.5852
17.7897 18.5139
17.7366 18.44
17.685 18.3671
17.6322 18.2916
17.5794 18.2152
17.5241 18.1346
17.4705 18.0559
17.4216 17.9837
17.3696 17.9064
17.3177 17.8289
17.2657 17.7508
17.2121 17.67
17.1573 17.5868
17.1118 17.5175
17.0636 17.4438
17.0146 17.3685
16.9639 17.2901
16.9208 17.2232
16.8758 17.1533
16.8189 17.0642
16.7701 16.9877
16.7247 16.9162
16.6766 16.8401
16.628 16.7631
16.5839 16.6928
16.5373 16.6182
16.4887 16.5403
16.4392 16.4604
16.3943 16.3877
16.3464 16.3097
16.3018 16.237
16.2539 16.1584
16.2096 16.0854
16.1644 16.0106
16.1163 15.9306
16.0713 15.8554
16.0208 15.7708
15.9724 15.6891
15.9202 15.6005
15.8687 15.5125
15.8199 15.4287
15.7673 15.3377
15.718 15.2519
15.6646 15.1582
15.6082 15.0586
15.5513 14.9573
15.4966 14.8592
15.4451 14.7659
15.392 14.6688
15.3386 14.5704
15.2881 14.4765
15.2388 14.3839
15.1902 14.2917
15.143 14.2011
15.0992 14.1162
15.0526 14.0245
15.0097 13.939
14.9641 13.8467
14.9186 13.7533
14.8747 13.6613
14.8325 13.571
14.7884 13.4749
14.747 13.3823
14.707 13.2905
14.6639 13.1887
14.6256 13.0954
14.5886 13.002
14.5542 12.9123
14.5256 12.8351
14.4913 12.7387
14.46 12.647
14.4322 12.5622
14.4078 12.4852
14.3863 12.4142
14.3634 12.3356
14.3427 12.2612
14.3236 12.1892
14.3038 12.1101
14.2814 12.0149
14.2646 11.9384
14.2511 11.8731
14.2407 11.8202
14.2322 11.7744
14.2232 11.7235
14.2141 11.6688
14.2058 11.615
14.1974 11.5566
14.1904 11.5032
14.1838 11.449
14.1781 11.3985
14.1723 11.3412
14.1676 11.2893
14.1631 11.2334
14.1592 11.1771
14.1558 11.1183
14.1531 11.0599
14.1513 11.0064
14.15 10.9484
14.1494 10.8838
14.1496 10.8291
14.1507 10.7648
14.1526 10.7045
14.1551 10.6463
14.1585 10.5834
14.163 10.5183
14.1686 10.4522
14.1753 10.3844
14.1844 10.305
14.1938 10.2344
14.2053 10.1572
14.2181 10.0804
14.2345 9.99196
14.251 9.91183
14.2723 9.81664
14.2914 9.7382
14.3094 9.66846
14.3296 9.59463
14.3489 9.52748
14.3686 9.46167
14.3903 9.39196
14.4137 9.31961
14.4385 9.24592
14.4655 9.16855
14.4918 9.09637
14.5211 9.0186
14.5508 8.94278
14.5835 8.8623
14.6198 8.77639
14.6557 8.69476
14.6924 8.61438
14.7338 8.52686
14.773 8.4472
14.8196 8.35602
14.8614 8.27735
14.9075 8.19348
14.9578 8.10521
15.0063 8.02308
15.059 7.93691
15.1101 7.856
15.1618 7.77678
15.2175 7.69422
15.2697 7.61903
15.3242 7.54277
15.3839 7.46187
15.4443 7.3826
15.5032 7.30749
15.562 7.23463
15.6275 7.15563
15.6956 7.07583
15.7599 7.0027
15.8311 6.92412
15.9046 6.84524
15.9805 6.76633
15.9805 6.76633
16.0596 6.6866
16.1229 6.62449
16.1932 6.5571
16.2743 6.48145
16.3487 6.41399
16.427 6.3447
16.5081 6.27483
16.5905 6.20557
16.6721 6.13867
16.7564 6.07127
16.8429 6.00371
16.9307 5.93666
17.0222 5.86825
17.1128 5.80177
17.2074 5.73342
17.3025 5.66534
17.3972 5.59809
17.4914 5.53163
17.5833 5.46711
17.6783 5.40086
17.7741 5.33433
17.8688 5.26891
17.9667 5.20159
18.0673 5.13263
18.1717 5.06138
18.2816 4.98665
18.3926 4.91158
18.5146 4.82938
18.6395 4.74564
18.7634 4.66301
18.8967 4.5745
19.0215 4.49204
19.1578 4.4025
19.2754 4.32561
19.4137 4.23564
19.5469 4.14942
19.6785 4.06459
19.8017 3.98555
19.9311 3.9029
20.0579 3.82232
20.1834 3.74293
20.3105 3.66273
20.436 3.58394
20.5629 3.50457
20.6908 3.4248
20.8206 3.34412
20.9365 3.27222
21.0627 3.19415
21.1921 3.11413
21.3213 3.03438
21.4556 2.95164
21.5889 2.86963
21.7254 2.78572
21.8665 2.69896
21.9983 2.61788
22.147 2.52641
22.285 2.44127
22.4248 2.35463
22.5552 2.27332
22.6898 2.18901
22.8232 2.10504
22.9486 2.02582
23.0791 1.94298
23.2111 1.85893
23.3239 1.78693
23.4456 1.70904
23.5624 1.63406
23.6752 1.56136
23.7919 1.48588
23.9083 1.41035
24.0281 1.33237
24.1401 1.25916
24.2422 1.19222
24.3473 1.12314
24.4498 1.05567
24.5484 0.990559
24.662 0.91529
24.7556 0.853242
24.8445 0.794146
24.937 0.732565
25.0246 0.674105
25.1113 0.61615
25.1884 0.564572
25.2725 0.50819
25.3613 0.448696
25.4492 0.38971
25.5332 0.333409
25.6146 0.278774
25.7022 0.22001
25.7953 0.157465
25.8836 0.0981494
25.975 0.0367743
26.069 -0.0263257
26.1678 -0.0926317
26.2673 -0.159544
26.3675 -0.226903
26.4606 -0.289468
26.5558 -0.353449
26.6504 -0.417031
26.7541 -0.486741
26.8425 -0.546198
26.9344 -0.607998
27.0357 -0.676083
27.1294 -0.739098
27.2302 -0.806954
27.3535 -0.88996
27.46 -0.961642
27.5673 -1.034
27.6665 -1.1009
27.7849 -1.18087
27.8874 -1.25017
27.9918 -1.32075
28.0988 -1.39312
28.1999 -1.4616
28.3058 -1.53331
28.4034 -1.59949
28.503 -1.66704
28.6099 -1.73949
28.7127 -1.80917
28.8012 -1.86909
28.9023 -1.93741
29.0017 -2.00449
29.0972 -2.06881
29.1917 -2.13242
29.2784 -2.19062
29.3838 -2.26137
29.4784 -2.32483
29.5651 -2.38295
29.6666 -2.45097
29.7552 -2.51024
29.8535 -2.57599
29.9536 -2.64285
30.048 -2.70585
30.147 -2.77187
30.2449 -2.83698
30.336 -2.89756
30.441 -2.96734
30.5408 -3.03354
30.6354 -3.09627
30.7318 -3.16013
30.8277 -3.22361
30.9218 -3.28587
31.0088 -3.34331
31.0923 -3.39844
31.1837 -3.45872
31.2699 -3.51546
31.3562 -3.57223
31.4377 -3.62578
31.5209 -3.68042
31.6048 -3.73545
31.7034 -3.80007
31.7815 -3.85123
31.8625 -3.90427
31.9492 -3.96098
32.0372 -4.01844
32.1195 -4.07213
32.2095 -4.13075
32.2956 -4.18673
32.3835 -4.24383
32.4685 -4.29891
32.5626 -4.35978
32.6546 -4.4192
32.7418 -4.47539
32.8339 -4.53461
32.9244 -4.59269
33.0032 -4.64323
33.0933 -4.70081
33.189 -4.76187
33.2712 -4.81411
33.3488 -4.86337
33.4519 -4.92865
33.5361 -4.98177
33.6216 -5.03553
33.7048 -5.08771
33.7858 -5.13837
33.8775 -5.19549
33.9646 -5.24953
34.0448 -5.29918
34.1231 -5.34743
34.2154 -5.40417
34.31 -5.46208
34.4114 -5.52401
34.5168 -5.588
34.6171 -5.64871
34.7217 -5.71179
34.827 -5.77497
34.92 -5.83058
35.0172 -5.88846
35.1188 -5.94872
35.215 -6.00557
35.3096 -6.06122
35.4057 -6.11754
35.5158 -6.18185
35.608 -6.23549
35.7052 -6.2918
35.8033 -6.34843
35.9027 -6.4056
36.0002 -6.46145
36.1023 -6.51972
36.2031 -6.57698
36.3116 -6.63839
36.4198 -6.69939
36.5291 -6.76077
36.6403 -6.823
36.747 -6.88261
36.8582 -6.94454
36.9686 -7.00585
37.0726 -7.06353
37.1878 -7.1273
37.295 -7.18649
37.4015 -7.2452
37.5058 -7.30264
37.6108 -7.36037
37.7228 -7.42183
37.8244 -7.47755
37.9324 -7.53665
38.0334 -7.59182
38.1401 -7.65001
38.246 -7.7076
38.3607 -7.76986
38.4711 -7.82972
38.5879 -7.89288
38.703 -7.95508
38.8184 -8.01728
38.9477 -8.08684
39.0691 -8.15205
39.198 -8.22116
39.3248 -8.28899
39.4569 -8.35951
39.5854 -8.42787
39.7163 -8.49737
39.8468 -8.5665
39.9875 -8.64087
40.1225 -8.71211
40.2616 -8.78539
40.4035 -8.85997
40.5435 -8.93342
40.6871 -9.00857
40.8171 -9.0765
40.9592 -9.15053
41.0885 -9.21778
41.229 -9.29058
41.36 -9.35832
41.4938 -9.42744
41.6179 -9.4914
41.7628 -9.5659
41.8899 -9.63113
42.0148 -9.69504
42.1454 -9.76172
42.2792 -9.82982
42.4062 -9.89434
42.5414 -9.9628
42.6691 -10.0274
42.7943 -10.0905
42.9119 -10.1497
43.0393 -10.2137
43.1642 -10.2763
43.2908 -10.3396
43.4137 -10.4009
43.5263 -10.457
43.6381 -10.5126
43.7619 -10.5741
43.8789 -10.6324
43.9852 -10.6855
44.0993 -10.7428
44.1999 -10.7939
44.3017 -10.8461
44.4076 -10.9012
44.5107 -10.9553
44.6041 -11.005
44.6978 -11.0555
44.7945 -11.108
44.8898 -11.1604
44.9816 -11.2113
45.0728 -11.2623
45.1511 -11.3064
45.245 -11.3597
45.335 -11.4111
45.4193 -11.4593
45.4993 -11.5051
45.5805 -11.5515
45.659 -11.5963
45.7362 -11.6402
45.822 -11.6888
45.8961 -11.7307
45.9695 -11.7719
46.0383 -11.8104
46.1146 -11.8528
46.1869 -11.8927
46.2575 -11.9314
46.3312 -11.9715
46.391 -12.0038
46.4246 -12.0217
46.439 -12.0294
46.4397 -12.0298
46.4363 -12.028
46.4368 -12.0282
46.4493 -12.0349
46.4688 -12.0453
46.5033 -12.0635
46.5457 -12.0857
46.5985 -12.1131
46.6758 -12.1526
46.7646 -12.1969
46.8735 -12.2495
46.9977 -12.3069
47.0997 -12.3523
47.2104 -12.3995
47.3266 -12.4468
47.4342 -12.4886
47.5443 -12.5292
47.6532 -12.5671
47.7595 -12.6021
47.8619 -12.6338
47.9601 -12.6624
48.05 -12.687
48.1309 -12.7076
48.2024 -12.7248
48.2692 -12.7398
48.3391 -12.7544
48.4003 -12.7666
48.4541 -12.7767
48.4894 -12.7831
48.5158 -12.7876
48.5402 -12.7918
48.5782 -12.7979
48.6423 -12.8076
48.7287 -12.8192
48.8421 -12.8314
48.9787 -12.8423
49.1063 -12.8488
49.2009 -12.8511
49.268 -12.8514
49.324 -12.851
49.3739 -12.85
49.4195 -12.8487
49.4705 -12.8467
49.5362 -12.8434
49.6179 -12.8381
49.7192 -12.8294
49.8266 -12.8176
49.9227 -12.8047
50.0218 -12.789
50.1162 -12.772
50.2118 -12.7525
50.3111 -12.7298
50.4127 -12.704
50.5097 -12.677
50.6139 -12.6453
50.722 -12.6095
50.8342 -12.5691
50.9439 -12.5262
51.0534 -12.4798
51.1446 -12.4385
51.2286 -12.3982
51.318 -12.3532
51.3775 -12.3221
51.434 -12.2917
51.4745 -12.2693
51.5191 -12.2441
51.5633 -12.2185
51.6088 -12.1915
51.6519 -12.1654
51.6973 -12.1372
51.747 -12.1055
51.8036 -12.0685
51.861 -12.03
51.9189 -11.9905
51.9779 -11.9496
52.0404 -11.9056
52.1006 -11.8627
52.1633 -11.8176
52.2262 -11.7719
52.2909 -11.7242
52.3541 -11.6769
52.4172 -11.629
52.4692 -11.5891
52.5349 -11.5382
52.5842 -11.4997
52.6497 -11.4482
52.698 -11.4099
52.7495 -11.3689
52.8056 -11.3238
52.8637 -11.2768
52.922 -11.2291
52.987 -11.1755
53.0502 -11.1226
53.119 -11.0643
53.1838 -11.0086
53.2528 -10.9486
53.3124 -10.8961
53.3614 -10.8526
53.424 -10.7964
53.4729 -10.7524
53.5179 -10.7119
53.5608 -10.6732
53.5995 -10.6385
53.6586 -10.5856
53.6998 -10.5487
53.7431 -10.5102
53.7889 -10.4694
53.8427 -10.4218
53.8989 -10.3721
53.9615 -10.3171
54.0231 -10.2632
54.0893 -10.2054
54.1651 -10.1397
54.2427 -10.0726
54.3287 -9.99862
54.4163 -9.92355
54.5086 -9.84471
54.5979 -9.76868
54.6877 -9.69236
54.786 -9.60936
54.8728 -9.53633
54.9646 -9.4594
55.0569 -9.38228
55.1356 -9.31677
55.2213 -9.24566
55.3056 -9.17582
55.3934 -9.10323
55.4746 -9.03633
55.5583 -8.96743
55.6485 -8.89332
55.7249 -8.83067
55.8016 -8.76784
55.8825 -8.70155
55.9618 -8.63672
56.0393 -8.57337
56.1144 -8.51208
56.186 -8.45377
56.2601 -8.39341
56.3342 -8.33312
56.4051 -8.27564
56.4719 -8.2215
56.5417 -8.16499
56.612 -8.10823
56.6865 -8.04823
56.7547 -7.99338
56.8205 -7.9406
56.8825 -7.89096
56.9518 -7.83555
57.0135 -7.78628
57.0764 -7.73596
57.1406 -7.68463
57.2026 -7.635
57.2624 -7.58701
57.32 -7.54073
57.3762 -7.49534
57.4307 -7.45122
57.4827 -7.40894
57.5354 -7.36582
57.5958 -7.31633
57.6481 -7.27318
57.6964 -7.23322
57.7458 -7.19211
57.7951 -7.15091
57.8426 -7.11088
57.8891 -7.07156
57.9411 -7.02722
57.9928 -6.98274
58.0425 -6.93951
58.0942 -6.89402
58.137 -6.85595
58.1914 -6.80691
58.2436 -6.75921
58.2879 -6.71812
58.3355 -6.67351
58.3895 -6.62222
58.437 -6.57651
58.4837 -6.53098
58.5348 -6.48035
58.5857 -6.4293
58.6418 -6.37195
58.696 -6.31559
58.7562 -6.25193
58.8179 -6.18512
58.8739 -6.12333
58.9316 -6.05799
58.9945 -5.98532
59.047 -5.92306
59.0987 -5.86022
59.1515 -5.79441
59.196 -5.73754
59.242 -5.67719
59.2811 -5.62478
59.3155 -5.57753
59.3464 -5.53417
59.3741 -5.49461
59.4077 -5.44575
59.4315 -5.41057
59.4532 -5.37789
59.4751 -5.34427
59.4957 -5.31215
59.5151 -5.28147
59.5342 -5.25061
59.5522 -5.22116
59.5704 -5.19078
59.5858 -5.16486
59.602 -5.13714
59.6183 -5.10874
59.6371 -5.07554
59.656 -5.04149
59.6773 -5.00227
59.7 -4.95934
59.7222 -4.91625
59.7457 -4.86949
59.7686 -4.82232
59.7895 -4.77808
59.8089 -4.73572
59.8257 -4.69813
59.8396 -4.66605
59.8547 -4.63067
59.8681 -4.59839
59.8801 -4.56913
59.8923 -4.53858
59.9036 -4.50947
59.9152 -4.47914
59.9264 -4.44923
59.9368 -4.4206
59.9477 -4.3902
59.9582 -4.35995
59.9692 -4.3277
59.9796 -4.29623
59.9903 -4.26329
60.0004 -4.23104
60.0101 -4.19967
60.0203 -4.16525
60.03 -4.13151
60.0392 -4.09887
60.0476 -4.06787
60.0559 -4.03606
60.0638 -4.00525
60.071 -3.97642
60.0778 -3.94795
60.0841 -3.92097
60.0909 -3.89125
60.0974 -3.86149
60.1039 -3.83109
60.1099 -3.80218
60.1161 -3.77057
60.1231 -3.73419
60.1302 -3.69486
60.1372 -3.65371
60.144 -3.61195
60.1507 -3.56727
60.1572 -3.5209
60.1635 -3.47267
60.1694 -3.42221
60.1744 -3.37479
60.1786 -3.33066
60.1819 -3.2927
60.1848 -3.25615
60.1874 -3.21906
60.1901 -3.17592
60.1925 -3.13074
60.1946 -3.08136
60.1963 -3.01963
60.1971 -2.95157
60.1965 -2.86872
60.194 -2.78143
60.1901 -2.70235
60.185 -2.62713
60.1789 -2.55685
60.1722 -2.49097
60.1689 -2.46163
60.1663 -2.43975
60.1654 -2.43209
60.1646 -2.42518
60.1631 -2.41357
60.1608 -2.39467
60.1558 -2.35692
60.1483 -2.30537
60.1375 -2.238
60.1214 -2.14969
60.1049 -2.06783
60.0838 -1.97332
60.0624 -1.88644
60.0445 -1.81919
60.0253 -1.75197
60.0053 -1.68599
59.9886 -1.63378
59.9745 -1.59113
59.9594 -1.54744
59.9409 -1.4954
59.9277 -1.45917
59.915 -1.42516
59.9012 -1.38925
59.8846 -1.34735
59.8668 -1.30361
59.8472 -1.25687
59.8237 -1.20257
59.7966 -1.14275
59.7665 -1.07888
59.7347 -1.01434
59.7001 -0.946906
59.6674 -0.885886
59.6421 -0.840349
59.6212 -0.803659
59.6032 -0.772696
59.5888 -0.748134
59.5744 -0.723973
59.5599 -0.699787
59.5425 -0.67126
59.5235 -0.640563
59.5063 -0.613086
59.4919 -0.590269
59.4796 -0.570967
59.4644 -0.547224
59.4475 -0.521026
59.4227 -0.483175
59.3908 -0.435329
59.3585 -0.387992
59.3121 -0.322108
59.2616 -0.252332
59.2145 -0.18889
59.1684 -0.128345
59.1265 -0.0743813
59.0834 -0.0200014
59.045 0.0278722
59.0074 0.0740642
58.9722 0.116872
58.9386 0.157316
58.9062 0.195904
58.8771 0.230353
58.8534 0.258293
58.8293 0.286685
58.8083 0.311234
58.789 0.333861
58.7717 0.354076
58.7541 0.374731
58.7304 0.402418
58.7152 0.420286
58.6988 0.439462
58.6821 0.459031
58.6647 0.479452
58.6451 0.502438
58.6236 0.527629
58.6012 0.55388
58.5776 0.581728
58.5522 0.611615
58.5251 0.643521
58.4961 0.677707
58.4667 0.712344
58.4387 0.74543
58.4142 0.774443
58.3907 0.802288
58.3613 0.837254
58.3354 0.867986
58.3059 0.903008
58.2804 0.933348
58.2559 0.962632
58.2328 0.990179
58.208 1.0197
58.1838 1.04869
58.1606 1.07644
58.1364 1.10535
58.1116 1.13517
58.0874 1.16415
58.0613 1.19554
58.035 1.22712
58.007 1.26079
57.9816 1.29149
57.9519 1.32731
57.9257 1.35886
57.9 1.38992
57.8811 1.41278
57.8574 1.44147
57.8356 1.46782
57.8097 1.49916
57.7927 1.51979
57.7727 1.54398
57.7543 1.56628
57.7367 1.58763
57.7171 1.61144
57.6983 1.6342
57.6788 1.65786
57.6594 1.6813
57.6395 1.70549
57.619 1.7302
57.5973 1.75652
57.5748 1.78364
57.551 1.81237
57.5275 1.84063
57.5028 1.87037
57.4701 1.90958
57.4432 1.94183
57.4167 1.97355
57.3836 2.01301
57.3588 2.04249
57.3331 2.07302
57.3077 2.10318
57.2815 2.13418
57.2545 2.16603
57.2274 2.19805
57.2005 2.22979
57.1707 2.2648
57.1382 2.30306
57.106 2.34085
57.0733 2.37913
57.04 2.41806
57.0124 2.45031
56.9885 2.47818
56.9597 2.51169
56.9331 2.54264
56.9029 2.57759
56.8789 2.60546
56.8581 2.62946
56.8351 2.6561
56.8121 2.68258
56.7885 2.70981
56.7632 2.73888
56.7353 2.77094
56.7069 2.80339
56.6778 2.83674
56.646 2.87303
56.6135 2.91005
56.5798 2.94837
56.5457 2.98716
56.513 3.02427
56.4788 3.06298
56.4471 3.09886
56.4212 3.12816
56.3942 3.15869
56.3634 3.1934
56.3377 3.2223
56.3021 3.26241
56.2762 3.29155
56.2507 3.32022
56.221 3.3537
56.1922 3.38599
56.16 3.42214
56.1366 3.4484
56.109 3.47947
56.0764 3.51603
56.0448 3.55147
56.0139 3.58611
55.9864 3.6169
55.9585 3.64814
55.9258 3.68472
55.8951 3.71905
55.8674 3.75005
55.8395 3.78121
55.8075 3.81683
55.7825 3.84466
55.753 3.87745
55.7257 3.90769
55.6992 3.93687
55.6685 3.97072
55.6383 4.00378
55.607 4.03798
55.5761 4.07169
55.5422 4.10851
55.5082 4.14523
55.4677 4.18887
55.433 4.22612
55.392 4.26975
55.3512 4.31264
55.3086 4.35714
55.266 4.40131
55.2207 4.44786
55.1714 4.49816
55.1243 4.54579
55.0687 4.60156
55.0139 4.65613
54.959 4.71041
54.896 4.77203
54.8375 4.82891
54.7794 4.885
54.7267 4.93537
54.6649 4.99403
54.6137 5.04227
54.5607 5.09195
54.5115 5.13774
54.459 5.1864
54.411 5.23055
54.3642 5.27334
54.3212 5.31236
54.2778 5.35157
54.2358 5.38921
54.1983 5.42264
54.1514 5.46429
54.1121 5.49901
54.0759 5.53073
54.0415 5.56069
54.0051 5.59221
53.9715 5.62116
53.9404 5.64775
53.9065 5.67648
53.8742 5.70366
53.8459 5.72731
53.8134 5.75437
53.7846 5.77817
53.7546 5.80268
53.7236 5.82797
53.6913 5.85412
53.6595 5.87964
53.6217 5.90978
53.5874 5.93692
53.5456 5.9698
53.5028 6.00323
53.4608 6.03584
53.4164 6.07005
53.3697 6.10583
53.3253 6.13962
53.2881 6.16772
53.2434 6.20135
53.1952 6.23739
53.1475 6.27286
53.0958 6.31106
53.0434 6.34954
52.9856 6.39167
52.9295 6.4324
52.8681 6.4767
52.8063 6.52108
52.7362 6.57112
52.667 6.62027
52.583 6.67969
52.5079 6.73262
52.4202 6.79422
52.3428 6.84844
52.2657 6.90236
52.1911 6.95436
52.1194 7.0043
52.0405 7.05899
51.9642 7.11185
51.8848 7.16675
51.8067 7.22065
51.7236 7.27799
51.6455 7.33181
51.5617 7.38949
51.4746 7.44944
51.3868 7.50982
51.2964 7.5719
51.204 7.63541
51.1113 7.69912
51.0168 7.76397
50.9159 7.83324
50.8128 7.904
50.7206 7.96723
50.6322 8.02784
50.5448 8.08773
50.4432 8.15736
50.3587 8.21521
50.2594 8.2832
50.1693 8.34483
50.0812 8.4051
49.9815 8.47333
49.8864 8.53831
49.7853 8.60735
49.6863 8.67491
49.575 8.7508
49.4592 8.82967
49.3733 8.8882
49.2772 8.95359
49.1906 9.01251
49.1021 9.07268
49.02 9.12849
48.9378 9.18438
48.8551 9.24052
48.7689 9.29902
48.6945 9.34952
48.6143 9.40385
48.5319 9.45964
48.4509 9.51455
48.3686 9.57025
48.2848 9.62697
48.1969 9.68639
48.1059 9.74792
48.0219 9.80475
47.9296 9.86704
47.8418 9.92634
47.7639 9.97893
47.6807 10.035
47.6036 10.087
47.5085 10.151
47.4343 10.201
47.3486 10.2586
47.263 10.316
47.1792 10.3723
47.0887 10.4329
46.9987 10.4933
46.9046 10.5563
46.8155 10.6159
46.7194 10.6801
46.6382 10.7343
46.5437 10.7974
46.4583 10.8544
46.3725 10.9116
46.2917 10.9654
46.2043 11.0235
46.125 11.0763
46.0552 11.1226
45.9695 11.1796
45.8842 11.2361
45.7849 11.3019
45.6819 11.3701
45.5823 11.436
45.4823 11.5021
45.3775 11.5712
45.2591 11.6494
45.1414 11.7269
45.0388 11.7945
44.9233 11.8705
44.8068 11.9471
44.6855 12.0267
44.5571 12.1108
44.4295 12.1944
44.2928 12.2838
44.1795 12.3578
44.0506 12.442
43.926 12.5232
43.8044 12.6023
43.6851 12.68
43.5621 12.7599
43.4483 12.8338
43.332 12.9092
43.2216 12.9807
43.1065 13.0552
42.9915 13.1295
42.8755 13.2044
42.7682 13.2736
42.6588 13.344
42.557 13.4094
42.4543 13.4753
42.3593 13.5362
42.2604 13.5993
42.1666 13.659
42.0549 13.7297
41.9571 13.7914
41.862 13.8511
41.7623 13.9134
41.6512 13.9826
41.5475 14.0469
41.4418 14.1121
41.3407 14.1741
41.2417 14.2347
41.1293 14.3031
41.0272 14.365
40.9276 14.4251
40.8237 14.4876
40.7239 14.5474
40.6133 14.6134
40.5073 14.6764
40.4016 14.7392
40.3009 14.7989
40.2015 14.8578
40.1277 14.9014
40.0295 14.9596
39.9333 15.0165
39.8432 15.0699
39.7515 15.1242
39.6566 15.1804
39.5636 15.2356
39.4739 15.2888
39.3782 15.3457
39.2885 15.399
39.192 15.4565
39.0923 15.516
38.995 15.574
38.8922 15.6356
38.8073 15.6865
38.7214 15.7381
38.6398 15.7872
38.5617 15.8342
38.4891 15.878
38.4194 15.9201
38.3525 15.9605
38.2795 16.0047
38.2187 16.0416
38.1585 16.0781
38.0904 16.1195
38.0311 16.1556
37.9668 16.1947
37.9014 16.2346
37.8364 16.2743
37.7733 16.3129
37.7091 16.3522
37.6418 16.3935
37.5755 16.4343
37.5078 16.4759
37.4391 16.5183
37.3843 16.5522
37.3285 16.5867
37.2644 16.6264
37.2072 16.6619
37.1501 16.6974
37.0922 16.7334
37.0302 16.772
36.9672 16.8112
36.9012 16.8525
36.8361 16.8932
36.7707 16.9341
36.7065 16.9744
36.6458 17.0125
36.5886 17.0485
36.527 17.0874
36.4559 17.1322
36.3869 17.1757
36.3188 17.2188
36.2453 17.2654
36.1687 17.314
36.0734 17.3746
35.9866 17.43
35.8949 17.4886
35.8149 17.5398
35.7243 17.5979
35.6501 17.6456
35.5708 17.6968
35.4953 17.7455
35.4284 17.7888
35.3534 17.8374
35.2817 17.884
35.2047 17.9341
35.1223 17.9878
35.038 18.0428
34.9481 18.1016
34.8498 18.1661
34.7508 18.2312
34.6558 18.2939
34.5529 18.3619
34.4562 18.426
34.36 18.4899
34.2576 18.5582
34.1532 18.628
34.0425 18.7022
33.9276 18.7794
33.8114 18.8576
33.6924 18.9379
33.5697 19.0209
33.4492 19.1025
33.3402 19.1765
33.2233 19.2559
33.1089 19.3336
33.0091 19.4012
32.8904 19.4808
32.7862 19.5499
32.6871 19.6147
32.5885 19.6785
32.4902 19.7414
32.3854 19.8079
32.2855 19.8707
32.1813 19.9358
32.0819 19.9975
31.9761 20.0627
31.8761 20.1239
31.7756 20.1852
31.6733 20.2473
31.5727 20.3081
31.4671 20.3717
31.3574 20.4375
31.2446 20.505
31.125 20.5762
31.0103 20.6443
30.8949 20.7126
30.768 20.7874
30.6415 20.8618
30.5361 20.9235
30.4244 20.9888
30.3199 21.0497
30.22 21.1077
30.1261 21.1621
30.0365 21.214
29.9506 21.2636
29.8769 21.306
29.8108 21.344
29.7501 21.3788
29.701 21.4069
29.6659 21.427
29.6402 21.4417
29.6254 21.4501
29.6219 21.4521
29.6224 21.4518
29.6224 21.4518
29.6224 21.4518
29.6224 21.4518
29.6224 21.4518
29.6224 21.4518
29.6232 21.4513
29.6296 21.4477
29.6402 21.4417
29.6579 21.4316
29.6927 21.4119
29.7348 21.388
29.7945 21.3539
29.8571 21.3183
29.9306 21.2764
30.014 21.2288
30.1073 21.1755
30.215 21.1139
30.3296 21.0481
30.4469 20.9808
30.5891 20.8989
30.6917 20.8398
30.8253 20.7625
30.9685 20.6795
31.1041 20.6007
31.2419 20.5205
31.3808 20.4394
31.5112 20.363
31.6418 20.2863
31.7665 20.2127
31.8944 20.1369
32.0126 20.0665
32.1238 19.9999
32.2403 19.9298
32.3482 19.8646
32.4581 19.7978
32.567 19.7314
32.6657 19.6709
32.7654 19.6095
32.8653 19.5478
32.9523 19.4938
33.047 19.4347
33.1325 19.381
33.2058 19.3348
33.2889 19.2822
33.3521 19.242
33.4299 19.1924
33.5054 19.144
33.578 19.0972
33.6768 19.0333
33.7625 18.9775
33.8477 18.9218
33.9444 18.8583
34.0479 18.7901
34.1489 18.7232
34.2456 18.6591
34.3356 18.5993
34.434 18.5339
34.5289 18.4709
34.6438 18.3946
34.7439 18.3282
34.8586 18.2523
34.9708 18.1783
35.0871 18.1017
35.2201 18.0146
35.3303 17.9426
35.4394 17.8716
35.547 17.8019
35.6563 17.7314
35.7688 17.6591
35.8746 17.5913
35.9829 17.5222
36.0919 17.4529
36.1912 17.3899
36.2924 17.326
36.3938 17.2622
36.4964 17.1977
36.6098 17.1268
36.7277 17.0535
36.8412 16.9834
36.9556 16.9133
37.0746 16.8409
37.1969 16.7671
37.3161 16.6958
37.4407 16.6218
37.5534 16.5554
37.6812 16.4807
37.8008 16.4113
37.9216 16.3416
38.0421 16.2724
38.1486 16.2116
38.2591 16.1487
38.3748 16.0828
38.4712 16.0279
38.5716 15.9705
38.6829 15.9068
38.7905 15.8451
38.901 15.7816
39.0173 15.7146
39.1351 15.6466
39.2737 15.5664
39.3976 15.4944
39.518 15.4244
39.6367 15.3551
39.7585 15.2838
39.8808 15.212
40.0028 15.1403
40.1125 15.0756
40.2268 15.0081
40.3444 14.9383
40.4696 14.864
40.5793 14.7986
40.6947 14.7296
40.8149 14.6577
40.9443 14.5804
41.0676 14.5069
41.1997 14.4285
41.3323 14.3503
41.4754 14.2666
41.6067 14.1903
41.7462 14.1098
41.883 14.0315
42.0238 13.9515
42.1543 13.8779
42.2967 13.7981
42.4347 13.7212
42.5701 13.6462
42.7092 13.5695
42.8377 13.4988
42.975 13.4235
43.1072 13.3509
43.2327 13.2822
43.3662 13.209
43.4975 13.1371
43.6154 13.0725
43.7335 13.0078
43.8455 12.9465
43.9504 12.889
44.077 12.8196
44.1769 12.7649
44.2871 12.7045
44.3939 12.646
44.5086 12.5831
44.6188 12.5226
44.7402 12.456
44.8499 12.3959
44.9543 12.3386
45.0672 12.2767
45.1835 12.2129
45.2869 12.1561
45.3819 12.1041
45.4757 12.0527
45.5716 12.0003
45.6594 11.9525
45.7503 11.9031
45.8298 11.86
45.917 11.8129
45.9988 11.7688
46.0814 11.7243
46.1639 11.6801
46.2448 11.6368
46.3397 11.5861
46.4313 11.5373
46.529 11.4854
46.6259 11.4341
46.7229 11.3828
46.8267 11.3281
46.9322 11.2726
47.0501 11.2109
47.1612 11.1528
47.2797 11.0912
47.3974 11.0301
47.5181 10.9677
47.6266 10.9117
47.7461 10.8503
47.8543 10.7948
47.9637 10.7388
48.0572 10.691
48.1679 10.6346
48.2691 10.5833
48.3633 10.5355
48.4578 10.4878
48.5467 10.443
48.626 10.4032
48.7091 10.3616
48.7872 10.3225
48.8612 10.2857
48.9411 10.2459
49.0028 10.2153
49.0625 10.1857
49.1226 10.156
49.1833 10.126
49.2409 10.0976
49.3032 10.0669
49.3651 10.0365
49.4278 10.0058
49.4977 9.97159
49.5653 9.9386
49.6407 9.90186
49.7167 9.86498
49.7954 9.82684
49.8595 9.79585
49.9434 9.75543
50.036 9.71094
50.1356 9.66328
50.2301 9.61816
50.3402 9.5658
50.441 9.51798
50.5498 9.46652
50.6755 9.40728
50.7837 9.35643
50.887 9.30808
50.9855 9.26208
51.0866 9.21502
51.1831 9.17028
51.2798 9.12556
51.3827 9.07815
51.4796 9.03363
51.5746 8.99014
51.6716 8.94586
51.7642 8.90368
51.8772 8.85242
51.9652 8.81259
52.0517 8.77356
52.1369 8.73509
52.2202 8.69756
52.3005 8.66134
52.3831 8.62412
52.4706 8.58465
52.5498 8.54899
52.6333 8.51137
52.7174 8.47353
52.8001 8.43629
52.8933 8.39436
52.9699 8.35994
53.0557 8.32148
53.1342 8.28638
53.2143 8.25064
53.3002 8.21243
53.383 8.17569
53.4676 8.13823
53.5561 8.09911
53.6484 8.05833
53.7424 8.01698
53.8435 7.97287
53.9433 7.92972
54.0499 7.88414
54.1571 7.83882
54.2755 7.78951
54.3943 7.7408
54.5092 7.69434
54.6292 7.64651
54.7495 7.59933
54.8649 7.55482
54.9933 7.50597
55.0987 7.46642
55.2299 7.41783
55.3087 7.38902
55.4157 7.3503
55.5227 7.31196
55.6169 7.27862
55.7141 7.24455
55.8052 7.21291
55.8879 7.18448
55.9697 7.15661
56.0497 7.12953
56.1247 7.10436
56.1903 7.08245
56.255 7.06099
56.3265 7.03737
56.3938 7.01524
56.4514 6.9964
56.5047 6.97901
56.5512 6.9639
56.5827 6.95369
56.601 6.94778
56.614 6.94357
56.6154 6.94311
56.6152 6.94319
56.6152 6.94319
56.6152 6.94319
56.6152 6.94319
56.6152 6.94319
56.6152 6.94319
56.602 6.94734
56.5966 6.94906
56.5815 6.95382
56.5545 6.96228
56.5184 6.97356
56.4671 6.98952
56.4219 7.00358
56.3585 7.02322
56.2869 7.04532
56.2102 7.06892
56.1265 7.09462
56.0376 7.12189
55.951 7.1484
55.8828 7.16927
55.7951 7.19607
55.7144 7.22073
55.6452 7.24189
55.5691 7.26511
55.4988 7.28655
55.4233 7.30955
55.3449 7.33341
55.2752 7.35458
55.2053 7.37579
55.1318 7.39808
55.0582 7.42035
54.9853 7.44239
54.9085 7.46556
54.83 7.48913
54.7527 7.51231
54.6705 7.5369
54.5844 7.56261
54.4993 7.58789
54.4096 7.61451
54.3222 7.64041
54.2358 7.66594
54.1434 7.6932
54.0483 7.72118
53.9478 7.75075
53.8492 7.7797
53.7442 7.81053
53.6372 7.84188
53.5339 7.87213
53.4299 7.90255
53.3274 7.93251
53.2359 7.95923
53.1314 7.9897
53.0321 8.01863
52.9449 8.04399
52.8599 8.06872
52.7762 8.09307
52.6981 8.11579
52.6234 8.13751
52.5483 8.15935
52.4749 8.18066
52.4086 8.19993
52.3338 8.22164
52.2624 8.24236
52.1925 8.26264
52.1245 8.2824
52.0567 8.30207
51.9913 8.32105
51.9207 8.34155
51.8534 8.36107
51.7837 8.38131
51.7082 8.4032
51.6348 8.42449
51.5594 8.44637
51.4858 8.46771
51.4117 8.48916
51.3297 8.51295
51.2549 8.53463
51.1784 8.55678
51.1045 8.5782
51.0327 8.59901
50.9552 8.62148
50.8824 8.64258
50.8065 8.66455
50.7264 8.68775
50.652 8.70929
50.572 8.73244
50.4829 8.7582
50.3993 8.78237
50.3124 8.80751
50.2209 8.83396
50.1304 8.86014
50.0387 8.88662
49.938 8.91568
49.8512 8.94071
49.7566 8.968
49.6618 8.99534
49.5681 9.02237
49.4729 9.04989
49.3788 9.07704
49.2868 9.10362
49.1902 9.13148
49.1021 9.15694
49.0162 9.18178
48.9271 9.20751
48.8441 9.23148
48.7596 9.25589
48.6783 9.27938
48.607 9.29998
48.5329 9.32139
48.4546 9.34402
48.3551 9.37277
48.27 9.39737
48.1888 9.42082
48.1132 9.44267
48.0538 9.45982
47.9826 9.48038
47.9129 9.50051
47.8492 9.51894
47.7814 9.53852
47.7162 9.55737
47.6561 9.57474
47.5999 9.59098
47.5392 9.60853
47.473 9.62764
47.4062 9.64695
47.3419 9.66553
47.2732 9.68541
47.2012 9.70623
47.125 9.72829
47.0505 9.74984
46.9786 9.77068
46.9086 9.79092
46.8507 9.80768
46.7813 9.82777
46.7225 9.84479
46.6483 9.86627
46.5825 9.88532
46.5212 9.90305
46.4587 9.9211
46.3985 9.93852
46.3351 9.9568
46.2694 9.97576
46.2035 9.99477
46.1355 10.0144
46.0646 10.0348
45.9896 10.0564
45.9226 10.0756
45.8528 10.0957
45.7795 10.1168
45.7124 10.1361
45.644 10.1557
45.5605 10.1797
45.497 10.1979
45.446 10.2126
45.3775 10.2323
45.3099 10.2517
45.2415 10.2714
45.1704 10.2919
45.0967 10.3132
45.0301 10.3324
44.9642 10.3515
44.8944 10.3717
44.8295 10.3905
44.7717 10.4073
44.7073 10.426
44.648 10.4432
44.5964 10.4582
44.5482 10.4722
44.4982 10.4868
44.4465 10.5018
44.3934 10.5173
44.3348 10.5343
44.2793 10.5505
44.2194 10.5679
44.1602 10.5852
44.0998 10.6028
44.0417 10.6198
43.988 10.6355
43.9327 10.6517
43.8749 10.6686
43.8151 10.6861
43.7538 10.7041
43.6907 10.7226
43.6283 10.741
43.5683 10.7586
43.5067 10.7767
43.4484 10.7939
43.3934 10.8101
43.3361 10.8271
43.2758 10.8449
43.2121 10.8637
43.1422 10.8844
43.0659 10.907
42.986 10.9307
42.9049 10.9548
42.8226 10.9793
42.735 11.0055
42.6472 11.0317
42.5542 11.0596
42.4638 11.0867
42.3681 11.1155
42.2777 11.1427
42.1852 11.1706
42.0974 11.1972
42.0183 11.2212
41.9313 11.2477
41.8454 11.274
41.7727 11.2962
41.6948 11.3201
41.615 11.3446
41.5393 11.3679
41.4629 11.3915
41.3853 11.4155
41.3174 11.4365
41.2578 11.455
41.1823 11.4785
41.1144 11.4996
41.0492 11.5199
40.981 11.5413
40.907 11.5644
40.8374 11.5863
40.7621 11.6099
40.693 11.6317
40.6208 11.6545
40.5548 11.6753
40.4865 11.697
40.4094 11.7214
40.337 11.7445
40.2579 11.7697
40.1818 11.794
40.1035 11.8191
40.0271 11.8435
39.9534 11.8672
39.8777 11.8916
39.801 11.9164
39.725 11.9409
39.6478 11.966
39.5725 11.9904
39.4917 12.0167
39.4092 12.0437
39.3255 12.0711
39.2447 12.0976
39.1565 12.1267
39.0683 12.1558
38.9721 12.1878
38.8751 12.2201
38.7752 12.2535
38.668 12.2896
38.5684 12.3232
38.4662 12.3577
38.3717 12.3898
38.2707 12.4242
38.1588 12.4625
38.0524 12.4989
37.9414 12.5371
37.8413 12.5717
37.7457 12.6048
37.6564 12.6358
37.5625 12.6685
37.4769 12.6983
37.384 12.7308
37.303 12.7592
37.2257 12.7863
37.149 12.8133
37.0706 12.8409
36.9967 12.867
36.9133 12.8965
36.8376 12.9233
36.7539 12.953
36.67 12.9828
36.5826 13.014
36.4844 13.0491
36.3914 13.0824
36.2967 13.1164
36.2018 13.1507
36.1115 13.1832
36.0147 13.2183
35.9257 13.2506
35.833 13.2843
35.7366 13.3193
35.6437 13.3532
35.5485 13.3881
35.4541 13.4226
35.3612 13.4567
35.2671 13.4914
35.1823 13.5227
35.0971 13.5542
35.0149 13.5847
34.929 13.6166
34.8436 13.6484
34.7583 13.6802
34.6718 13.7124
34.5776 13.7477
34.4895 13.7807
34.3962 13.8158
34.3073 13.8493
34.222 13.8816
34.1293 13.9167
34.0406 13.9504
33.9546 13.9831
33.8632 14.018
33.7722 14.0528
33.6762 14.0896
33.576 14.1281
33.4781 14.1658
33.3808 14.2035
33.2899 14.2387
33.1918 14.2768
33.0985 14.3132
33.0127 14.3466
32.9232 14.3817
32.833 14.4171
32.7434 14.4524
32.6544 14.4875
32.5614 14.5243
32.4674 14.5617
32.3761 14.598
32.2896 14.6325
32.2021 14.6674
32.1148 14.7024
32.0343 14.7346
31.9518 14.7677
31.8773 14.7977
31.8028 14.8277
31.7261 14.8586
31.6529 14.8882
31.5842 14.916
31.514 14.9444
31.441 14.974
31.3705 15.0027
31.2984 15.032
31.23 15.0598
31.1603 15.0882
31.0905 15.1166
31.0212 15.1449
30.9537 15.1725
30.8877 15.1995
30.8178 15.2281
30.7511 15.2554
30.6794 15.2848
30.6075 15.3143
30.5369 15.3433
30.4704 15.3706
30.3978 15.4004
30.3305 15.4281
30.2627 15.4561
30.1942 15.4844
30.1389 15.5072
30.0755 15.5334
30.0081 15.5613
29.9419 15.5886
29.8764 15.6158
29.8078 15.6442
29.7358 15.6741
29.6666 15.7028
29.5835 15.7374
29.5013 15.7717
29.4153 15.8075
29.3288 15.8437
29.2449 15.8788
29.168 15.911
29.0829 15.9468
28.9971 15.9829
28.9123 16.0186
28.8343 16.0515
28.7505 16.0869
28.6751 16.1188
28.6014 16.15
28.5277 16.1813
28.4576 16.2111
28.3839 16.2422
28.3164 16.2703
28.2498 16.2977
28.1851 16.3238
28.1181 16.3505
28.0475 16.3782
27.9748 16.4062
27.9018 16.4338
27.8255 16.4622
27.75 16.4898
27.6699 16.5185
27.591 16.5462
27.5141 16.5727
27.4261 16.6024
27.3396 16.6309
27.2538 16.6586
27.1754 16.6833
27.0962 16.7078
27.0071 16.7348
26.9262 16.7589
26.8402 16.784
26.7669 16.8051
26.6933 16.826
26.6287 16.8441
26.5716 16.86
26.5173 16.875
26.4675 16.8888
26.424 16.9007
26.3885 16.9104
26.3579 16.9188
26.3365 16.9246
26.3205 16.929
26.3109 16.9316
26.308 16.9324
26.308 16.9324
26.308 16.9324
26.308 16.9324
26.308 16.9324
26.308 16.9324
26.308 16.9324
26.308 16.9324
26.308 16.9324
26.3198 16.9292
26.33 16.9264
26.3453 16.9223
26.371 16.9154
26.4063 16.9059
26.4495 16.8942
26.5064 16.8789
26.5707 16.8615
26.6434 16.8419
26.7034 16.8257
26.7814 16.8047
26.858 16.784
26.9365 16.7629
27.0164 16.7413
27.1008 16.7185
27.1787 16.6975
27.2576 16.6762
27.336 16.6551
27.4117 16.6347
27.4885 16.614
27.5622 16.5942
27.6366 16.5742
27.712 16.5538
27.7874 16.5336
27.8638 16.513
27.934 16.4941
27.9955 16.4775
28.0558 16.4613
28.1232 16.4432
28.1716 16.4302
28.222 16.4166
28.2704 16.4036
28.3132 16.3922
28.3559 16.3807
28.3965 16.3698
28.4366 16.3591
28.4736 16.3492
28.5106 16.3393
28.5455 16.33
28.5928 16.3174
28.6246 16.3089
28.6542 16.301
28.687 16.2923
28.7203 16.2834
28.7535 16.2746
28.7871 16.2656
28.8212 16.2565
28.8528 16.2481
28.8865 16.2392
28.9194 16.2304
28.9538 16.2213
28.9855 16.2129
29.0233 16.2028
29.0614 16.1928
29.0974 16.1832
29.139 16.1722
29.1795 16.1615
29.2253 16.1494
29.2728 16.1368
29.3205 16.1243
29.3704 16.1111
29.4223 16.0974
29.4721 16.0843
29.5245 16.0705
29.5771 16.0566
29.6312 16.0424
29.6887 16.0273
29.7465 16.0121
29.8042 15.9969
29.8629 15.9816
29.9219 15.9661
29.9774 15.9516
30.0242 15.9393
30.0783 15.9252
30.1294 15.9118
30.1766 15.8995
30.2191 15.8885
30.267 15.876
30.3184 15.8626
30.36 15.8517
30.4022 15.8408
30.4453 15.8295
30.489 15.8182
30.5331 15.8068
30.5794 15.7947
30.6285 15.782
30.6764 15.7696
30.7237 15.7574
30.7717 15.745
30.8201 15.7325
30.8665 15.7206
30.9104 15.7093
30.9567 15.6974
31.0007 15.6862
31.0427 15.6755
31.0858 15.6645
31.1275 15.6539
31.1725 15.6425
31.2155 15.6316
31.2607 15.6202
31.3074 15.6085
31.352 15.5973
31.3953 15.5864
31.4415 15.5749
31.4883 15.5632
31.5283 15.5532
31.5727 15.5422
31.613 15.5322
31.6535 15.5221
31.6917 15.5127
31.7259 15.5043
31.7594 15.496
31.795 15.4873
31.8264 15.4795
31.8602 15.4713
31.8931 15.4632
31.9267 15.455
31.9653 15.4456
32.0066 15.4355
32.0513 15.4247
32.1001 15.4129
32.1549 15.3996
32.2106 15.3862
32.261 15.3741
32.3096 15.3625
32.3698 15.3481
32.4148 15.3374
32.4568 15.3274
32.4987 15.3175
32.5378 15.3083
32.5728 15.3001
32.6079 15.2919
32.6419 15.284
32.6799 15.2752
32.7204 15.2658
32.764 15.2558
32.809 15.2456
32.8592 15.2342
32.9089 15.2231
32.9609 15.2114
33.0146 15.1995
33.07 15.1873
33.1262 15.175
33.1874 15.1617
33.2521 15.1477
33.3169 15.1337
33.3845 15.1192
33.4566 15.1038
33.5284 15.0885
33.6079 15.0717
33.6795 15.0566
33.7539 15.0409
33.8249 15.0261
33.9015 15.0101
33.9762 14.9945
34.0473 14.9797
34.1203 14.9646
34.1876 14.9506
34.254 14.9369
34.3174 14.9238
34.378 14.9112
34.4363 14.8992
34.4931 14.8874
34.5436 14.877
34.588 14.8678
34.6317 14.8588
34.6674 14.8515
34.7031 14.8441
34.7463 14.8352
34.7779 14.8287
34.8094 14.8221
34.8372 14.8164
34.869 14.8099
34.9008 14.8033
34.9337 14.7966
34.9684 14.7894
35.0094 14.781
35.0478 14.7731
35.0878 14.7649
35.133 14.7556
35.1808 14.7458
35.2326 14.7351
35.2853 14.7243
35.3454 14.7119
35.407 14.6993
35.4677 14.6868
35.5382 14.6723
35.6092 14.6577
35.6862 14.6419
35.7659 14.6255
35.8448 14.6093
35.927 14.5923
36.0082 14.5757
36.0844 14.56
36.1672 14.543
36.2437 14.5274
36.3164 14.5126
36.3952 14.4966
36.4702 14.4815
36.5429 14.467
36.6164 14.4523
36.6913 14.4375
36.7639 14.4231
36.8432 14.4075
36.9212 14.3921
37.0025 14.3761
37.0856 14.3598
37.1695 14.3433
37.2516 14.3272
37.3181 14.3141
37.4011 14.2978
37.4757 14.2832
37.5604 14.2666
37.6398 14.251
37.7166 14.236
37.7938 14.2209
37.8665 14.2066
37.9361 14.193
38.0018 14.1802
38.0633 14.1682
38.1225 14.1567
38.1787 14.1457
38.2467 14.1325
38.2951 14.1231
38.348 14.1128
38.3989 14.103
38.4486 14.0933
38.5018 14.083
38.5552 14.0726
38.6163 14.0607
38.678 14.0487
38.7425 14.0362
38.8104 14.0229
38.8726 14.0108
38.9363 13.9984
39.0002 13.986
39.0666 13.973
39.1333 13.9601
39.209 13.9455
39.292 13.9295
39.3716 13.9143
39.4532 13.8989
39.5394 13.8827
39.6295 13.8659
39.7276 13.8477
39.827 13.8295
39.9329 13.8101
40.0405 13.7906
40.1558 13.7697
40.2649 13.7499
40.3818 13.7287
40.4876 13.7094
40.6015 13.6887
40.7083 13.6693
40.8171 13.6494
40.924 13.6299
41.0334 13.6098
41.1338 13.5915
41.2269 13.5744
41.322 13.5569
41.4215 13.5386
41.5193 13.5206
41.612 13.5034
41.7073 13.4858
41.8004 13.4686
41.901 13.45
41.9879 13.4338
42.0829 13.4162
42.1876 13.3967
42.279 13.3795
42.3661 13.3632
42.454 13.3466
42.5396 13.3304
42.6291 13.3132
42.7112 13.2973
42.7887 13.282
42.8701 13.2655
42.9466 13.2497
43.0191 13.2344
43.0957 13.2179
43.1713 13.2013
43.2401 13.1858
43.3094 13.17
43.3784 13.154
43.4475 13.1378
43.5123 13.1226
43.5771 13.1073
43.6413 13.092
43.7016 13.0777
43.7617 13.0633
43.8256 13.0481
43.8833 13.0343
43.9365 13.0215
43.988 13.0092
44.0357 12.9978
44.0827 12.9866
44.1243 12.9767
44.1634 12.9674
44.1997 12.9588
44.2307 12.9515
44.2596 12.9447
44.2872 12.9382
44.3185 12.9308
44.3473 12.924
44.3805 12.9162
44.4158 12.908
44.4568 12.8984
44.4945 12.8896
44.5326 12.8808
44.5699 12.8722
44.6104 12.8629
44.6499 12.8538
44.6881 12.8451
44.7311 12.8354
44.7788 12.8246
44.8278 12.8137
44.8794 12.8022
44.9325 12.7905
44.9843 12.7792
45.0464 12.7657
45.1016 12.7538
45.158 12.7418
45.2163 12.7294
45.2731 12.7175
45.3288 12.706
45.3875 12.6939
45.4469 12.6817
45.504 12.6701
45.5603 12.6585
45.621 12.646
45.6791 12.6339
45.7354 12.6221
45.7927 12.6098
45.8428 12.5989
45.8932 12.5878
45.9425 12.5768
45.9905 12.566
46.0409 12.5544
46.0907 12.5429
46.1365 12.5321
46.1856 12.5204
46.2345 12.5085
46.2797 12.4974
46.3288 12.4851
46.3737 12.4738
46.4156 12.463
46.4436 12.4557
46.4839 12.4452
46.5076 12.4389
46.5518 12.4271
46.5777 12.4201
46.6065 12.4123
46.6389 12.4035
46.6792 12.3925
46.722 12.3807
46.7702 12.3674
46.8249 12.3523
46.8838 12.3359
46.9431 12.3193
47.0074 12.3015
47.0826 12.2806
47.1779 12.2543
47.2606 12.2316
47.3536 12.2062
47.4504 12.18
47.5576 12.1511
47.6665 12.122
47.7772 12.0928
47.881 12.0655
47.9908 12.0369
48.0993 12.0088
48.1917 11.9849
48.2827 11.9613
48.3743 11.9373
48.4573 11.9155
48.5436 11.8925
48.6234 11.8708
48.7009 11.8495
48.7847 11.8261
48.8586 11.805
48.9195 11.7874
48.9817 11.7692
49.038 11.7524
49.0867 11.7378
49.1374 11.7223
49.1886 11.7065
49.2363 11.6917
49.2764 11.679
49.3238 11.6639
49.3687 11.6495
49.4139 11.6348
49.4602 11.6195
49.5116 11.6024
49.5553 11.5877
49.6041 11.5711
49.6523 11.5545
49.7013 11.5374
49.7504 11.5201
49.8002 11.5024
49.8526 11.4835
49.905 11.4643
49.96 11.444
50.0151 11.4233
50.0762 11.4
50.1383 11.3761
50.1938 11.3544
50.2636 11.3266
50.3417 11.2951
50.4199 11.2629
50.5062 11.2268
50.5962 11.1883
50.6829 11.1504
50.7807 11.1069
50.8645 11.0687
50.9521 11.0281
51.0425 10.9852
51.13 10.9432
51.2104 10.904
51.2882 10.8658
51.3625 10.8291
51.4468 10.7873
51.5173 10.7523
51.5875 10.7174
51.6586 10.6821
51.7244 10.6493
51.795 10.6141
51.8646 10.5795
51.9357 10.544
52.0086 10.5077
52.0855 10.4693
52.1631 10.4306
52.2384 10.3929
52.3194 10.3525
52.3992 10.3126
52.48 10.2722
52.5661 10.2291
52.6492 10.1876
52.7316 10.1465
52.8116 10.1068
52.8801 10.0729
52.9618 10.0329
53.0319 9.99884
53.1047 9.96378
53.1731 9.93114
53.242 9.89866
53.3061 9.86878
53.3727 9.83805
53.4311 9.81147
53.4904 9.78473
53.546 9.75988
53.5982 9.7368
53.6456 9.71605
53.6911 9.69623
53.7349 9.6773
53.774 9.66049
53.8097 9.64526
53.8436 9.63085
53.8914 9.61062
53.9248 9.59655
53.9583 9.58254
53.9933 9.56795
54.0369 9.54987
54.082 9.53132
54.1297 9.51187
54.1781 9.49229
54.2191 9.47586
54.2558 9.46124
54.3008 9.44343
54.3351 9.42994
54.3696 9.41643
54.4114 9.4001
54.4462 9.38659
54.4783 9.37416
54.51 9.36196
54.5412 9.34999
54.5733 9.33777
54.6065 9.32519
54.6423 9.31169
54.6799 9.29763
54.72 9.28277
54.7685 9.26499
54.8193 9.24655
54.8702 9.22828
54.9264 9.20838
54.9843 9.18816
55.0427 9.16803
55.104 9.14723
55.1744 9.12372
55.2474 9.0998
55.3254 9.07472
55.4084 9.04864
55.4929 9.02261
55.5755 8.99779
55.6637 8.9719
55.7596 8.94443
55.8592 8.91671
55.9486 8.89253
56.0506 8.86571
56.1395 8.84293
56.218 8.82334
56.3018 8.80291
56.3828 8.78368
56.4569 8.76651
56.5291 8.75018
56.596 8.73538
56.658 8.72194
56.7147 8.7099
56.7669 8.69899
56.8118 8.68979
56.8533 8.68139
56.8923 8.67361
56.9251 8.66713
56.9526 8.66178
56.9774 8.65699
56.9987 8.65292
57.0162 8.64961
57.031 8.64682
57.0401 8.6451
57.0452 8.64416
57.0468 8.64384
57.0468 8.64386
57.0468 8.64386
57.0467 8.64388
57.0467 8.64388
57.0462 8.64396
57.0445 8.64429
57.0431 8.64456
57.0426 8.64464
57.0422 8.64472
57.0422 8.64472
57.0422 8.64472
57.0422 8.64472
57.0422 8.64472
57.0422 8.64472
57.0422 8.64472
57.0422 8.64472
57.0422 8.64472
57.0422 8.64472
57.0422 8.64472
57.0422 8.64472
57.0422 8.64472
57.0422 8.64472
57.0422 8.64472
57.0422 8.64472
57.0422 8.64472
57.0422 8.64472
57.0422 8.64472
57.0422 8.64472
57.0422 8.64472
57.0422 8.64472
57.0422 8.64472
57.0422 8.64472
57.0422 8.64472
57.0422 8.64472
57.0422 8.64472
57.0422 8.64472
57.0422 8.64472
57.0422 8.64472
57.0422 8.64472
57.0422 8.64472
57.0422 8.64472
57.0422 8.64472
57.0422 8.64472
57.0422 8.64472
57.0422 8.64472
57.0422 8.64472
57.0422 8.64472
57.0422 8.64472
57.0422 8.64472
57.0422 8.64472
57.0422 8.64472
57.0422 8.64472
57.0422 8.64472
57.0422 8.64472
57.0422 8.64472
57.0422 8.64472
57.0422 8.64472
57.0422 8.64472
57.0422 8.64472
57.0422 8.64472
57.0422 8.64472
57.0422 8.64472
57.0422 8.64472
57.0422 8.64472
57.0422 8.64472
57.0422 8.64472
57.0422 8.64472
57.0422 8.64472
57.0422 8.64472
57.0422 8.64472
57.0422 8.64472
57.0422 8.64472
57.0422 8.64472
57.0422 8.64472
57.0422 8.64472
57.0422 8.64472
57.0422 8.64472
57.0422 8.64472
57.0422 8.64472
57.0422 8.64472
57.0422 8.64472
57.0422 8.64472
57.0422 8.64472
57.0422 8.64472
57.0422 8.64472
57.0422 8.64472
57.0422 8.64472
57.0422 8.64472
57.0422 8.64472
57.0422 8.64472
57.0422 8.64472
57.0422 8.64472
57.0422 8.64472
57.0422 8.64472
57.0422 8.64472
57.0422 8.64472
57.0422 8.64472
57.0422 8.64472
57.0422 8.64472
57.0422 8.64472
57.0422 8.64472
57.0422 8.64472
57.0422 8.64472
57.0422 8.64472
57.0422 8.64472
57.0422 8.64472
57.0422 8.64472
57.0422 8.64472
57.0422 8.64472
57.0422 8.64472
57.0422 8.64472
57.0422 8.64472
57.0422 8.64472
57.0422 8.64472
57.0422 8.64472
57.0422 8.64472
57.0422 8.64472
57.0422 8.64472
57.0422 8.64472
57.0422 8.64472
57.0422 8.64472
57.0422 8.64472
57.0422 8.64472
57.0422 8.64472
57.0422 8.64472
57.0422 8.64472
57.0422 8.64472
57.0422 8.64472
57.0422 8.64472
57.0422 8.64472
57.0422 8.64472
57.0422 8.64472
57.0422 8.64472
57.0422 8.64472
57.0422 8.64472
57.0422 8.64472
57.0422 8.64472
57.0422 8.64472
57.0422 8.64472
57.0422 8.64472
57.0422 8.64472
57.0422 8.64472
57.0422 8.64472
57.0422 8.64472
57.0422 8.64472
57.0422 8.64472
57.0422 8.64472
57.0422 8.64472
57.0422 8.64472
57.0422 8.64472
57.0422 8.64472
57.0422 8.64472
57.0422 8.64472
57.0422 8.64472
57.0422 8.64472
57.0422 8.64472
57.0422 8.64472
57.0422 8.64472
57.0422 8.64472
57.0422 8.64472
57.0422 8.64472
57.0422 8.64472
57.0422 8.64472
57.0422 8.64472
57.0422 8.64472
57.0422 8.64472
57.0422 8.64472
57.0422 8.64472
57.0422 8.64472
57.0422 8.64472
57.0422 8.64472
57.0422 8.64472
57.0422 8.64472
57.0422 8.64472
57.0422 8.64472
57.0422 8.64472
57.0422 8.64472
57.0422 8.64472
57.0422 8.64472
57.0422 8.64472
57.0422 8.64472
57.0422 8.64472
57.0422 8.64472
57.0422 8.64472
57.0422 8.64472
57.0422 8.64472
57.0422 8.64472
57.0422 8.64472
57.0422 8.64472
57.0422 8.64472
57.0422 8.64472
57.0422 8.64472
57.0422 8.64472
57.0422 8.64472
57.0422 8.64472
57.0422 8.64472
57.0422 8.64472
57.0422 8.64472
57.0422 8.64472
57.0422 8.64472
57.0422 8.64472
57.0422 8.64472
57.0422 8.64472
57.0422 8.64472
57.0422 8.64472
57.0422 8.64472
57.0422 8.64472
57.0422 8.64472
57.0422 8.64472
57.0422 8.64472
57.0422 8.64472
57.0422 8.64472
57.0422 8.64472
57.0422 8.64472
57.0422 8.64472
57.0422 8.64472
57.0422 8.64472
57.0422 8.64472
57.0422 8.64472
57.0422 8.64472
57.0422 8.64472
57.0422 8.64472
57.0422 8.64472
57.0422 8.64472
57.0422 8.64472
57.0422 8.64472
57.0422 8.64472
57.0422 8.64472
57.0422 8.64472
57.0422 8.64472
57.0422 8.64472
57.0422 8.64472
57.0422 8.64472
57.0422 8.64472
57.0422 8.64472
57.0422 8.64472
57.0422 8.64472
57.0422 8.64472
57.0422 8.64472
57.0422 8.64472
57.0422 8.64472
57.0422 8.64472
57.0422 8.64472
57.0422 8.64472
57.0422 8.64472
57.0422 8.64472
57.0422 8.64472
57.0422 8.64472
57.0422 8.64472
57.0422 8.64472
57.0422 8.64472
57.0422 8.64472
57.0422 8.64472
57.0422 8.64472
57.0422 8.64472
57.0422 8.64472
57.0422 8.64472
57.0422 8.64472
57.0422 8.64472
57.0422 8.64472
57.0422 8.64472
57.0422 8.64472
57.0422 8.64472
57.0422 8.64472
57.0422 8.64472
57.0422 8.64472
57.0422 8.64472
57.0422 8.64472
57.0422 8.64472
57.0422 8.64472
57.0422 8.64472
57.0422 8.64472
57.0422 8.64472
57.0422 8.64472
57.0422 8.64472
57.0422 8.64472
57.0422 8.64472
57.0422 8.64472
57.0422 8.64472
57.0422 8.64472
57.0422 8.64472
57.0422 8.64472
57.0422 8.64472
57.0422 8.64472
57.0422 8.64472
57.0422 8.64472
57.0422 8.64472
57.0422 8.64472
57.0422 8.64472
57.0422 8.64472
