type_amount=2
type:tag=1
type:park=2
landmark_amount=33
28 1 -2.64046 1.57303
54 1 2.77776 -1.65755
38 1 2.87281 -2.11841
17 1 -7.35665 4.11133
20 1 -12.5977 7.98996
18 1 -7.81014 3.99593
23 1 -22.5049 4.92284
21 1 -12.9516 7.43186
24 1 -18.1803 11.1849
19 1 -16.6756 1.25323
25 1 -18.6556 11.1307
26 1 -24.3695 13.7222
22 1 -22.4518 5.33722
5 1 -30.1058 10.0444
6 1 -28.1624 17.7595
8 1 -36.9473 14.0126
10 1 -32.9589 20.4183
11 1 -33.449 20.3509
13 1 -42.4124 17.3988
12 1 -38.5377 23.9289
4 1 -44.0825 15.2093
16 1 -43.842 1.22782
3 1 -38.3058 -2.07978
27 1 -30.1168 -0.441053
1 1 -22.0765 -6.58132
2 1 -29.7239 -8.7159
30 1 -22.2418 -13.9045
32 1 -12.6955 -10.4539
34 1 -8.4549 -13.0589
29 1 -11.9686 -19.369
35 1 -6.98436 -4.14893
51 1 -12.2609 -2.97893
39 1 -13.2892 -1.45423
