type_amount=2
type:tag=1
type:park=2
landmark_amount=53
20 1 -0.21673 0.418872
39 1 1.21665 -8.39089
23 1 -9.52267 -2.72093
21 1 -0.027383 0.181488
24 1 -5.42392 3.75505
19 1 -3.55188 -6.01312
25 1 -5.94901 3.69732
26 1 -11.7533 6.08004
22 1 -9.47578 -2.25132
5 1 -17.5703 2.04784
6 1 -16.1297 10.0356
8 1 -24.8354 6.46264
10 1 -21.0195 13.026
13 1 -30.5197 9.25343
12 1 -26.8296 16.2192
11 1 -21.5122 12.9438
4 1 -32.1058 6.8239
16 1 -31.003 -7.72945
3 1 -25.9493 -10.9244
27 1 -17.6668 -8.75106
1 1 -8.82937 -14.8588
2 1 -16.2395 -17.453
30 1 -8.91347 -22.0326
32 1 2.65549 -19.3751
29 1 4.53953 -30.0882
34 1 7.96566 -23.7982
38 1 15.9618 -10.8945
35 1 6.14437 -12.6779
28 1 10.3843 -7.25653
54 1 15.8388 -10.473
17 1 5.54666 -3.50047
18 1 7.10547 -3.66333
51 1 0.985944 -10.4
36 1 6.83887 -13.5717
57 1 10.8288 -7.17615
52 1 19.7767 -5.47477
65 1 17.085 2.76561
7 1 23.4654 0.978093
33 1 29.9325 9.94827
61 1 27.7603 6.85127
62 1 22.5974 11.0812
37 1 12.0505 -16.6267
59 1 2.50949 -20.5878
58 1 6.65144 -13.1483
55 1 12.3535 -16.61
56 1 10.5426 -6.87346
9 1 20.6175 -4.98102
53 1 14.4712 -1.93564
68 1 27.3377 6.2995
60 1 28.6083 7.28569
67 1 32.1595 11.7942
66 1 25.1938 14.8195
69 1 23.7693 1.51333
