type_amount=2
type:tag=1
type:park=2
landmark_amount=48
28 1 -2.92492 3.02652
38 1 2.51341 -0.720882
54 1 2.45343 0.0216532
18 1 -6.73016 6.19686
17 1 -6.02095 5.91873
20 1 -11.5734 10.126
23 1 -20.679 7.86101
21 1 -11.5433 10.2937
24 1 -16.349 14.128
19 1 -14.8198 4.22093
25 1 -16.8282 14.0306
26 1 -22.5505 16.7871
22 1 -20.7882 8.38063
5 1 -28.6393 13.5383
6 1 -27.0283 21.4246
8 1 -36.5096 19.045
10 1 -32.3286 25.2979
11 1 -32.7487 25.2308
13 1 -41.7159 22.7693
12 1 -37.6236 29.0175
4 1 -42.86 20.8618
16 1 -45.5497 7.54559
27 1 -33.5262 5.35509
1 1 -24.1486 -1.35922
2 1 -31.5765 -3.54589
32 1 -11.4639 -7.91922
29 1 -9.92579 -17.8785
34 1 -6.19826 -11.5522
36 1 -6.51922 -2.17363
65 1 5.79056 14.9965
53 1 1.78408 9.45937
7 1 10.8859 11.7658
61 1 15.777 18.4093
33 1 20.8347 24.8149
62 1 11.3127 22.2186
37 1 -1.63116 -5.55691
59 1 -11.2903 -8.36038
55 1 -1.15398 -5.56901
58 1 -6.43331 -1.76696
57 1 -2.41122 3.66574
56 1 -2.42782 4.16634
52 1 6.68839 5.98777
9 1 7.59283 5.95276
69 1 11.2651 12.2867
51 1 -9.8346 1.20632
39 1 -11.8585 2.04536
30 1 -23.9902 -9.21384
35 1 -6.63146 -2.89448
