type_amount=2
type:tag=1
type:park=2
landmark_amount=44
28 1 -2.44435 1.72987
38 1 2.78533 -2.1334
54 1 2.42972 -1.6795
18 1 -6.6339 5.27285
17 1 -6.02854 5.25836
20 1 -11.2277 9.20128
23 1 -20.4785 7.81905
21 1 -11.4568 9.80461
24 1 -15.9834 13.9035
19 1 -14.7868 3.95606
25 1 -16.4723 13.913
26 1 -22.0314 16.755
22 1 -20.4664 8.39072
5 1 -28.224 13.8649
6 1 -26.372 21.8132
8 1 -35.9138 19.569
10 1 -31.4752 25.6176
11 1 -31.9699 25.623
13 1 -41.0837 23.431
12 1 -36.7913 29.5674
4 1 -42.5248 21.2895
16 1 -46.1146 7.98216
27 1 -34.1825 4.83279
1 1 -24.9152 -2.28609
2 1 -32.4835 -4.18468
32 1 -12.3417 -9.33862
29 1 -9.89492 -18.9559
34 1 -6.04079 -12.8544
36 1 -6.28157 -3.81904
65 1 6.12324 13.1214
53 1 1.84213 7.03078
7 1 10.9074 9.11487
61 1 16.2553 16.3801
33 1 21.3659 22.702
62 1 11.5052 19.7477
37 1 -1.59927 -7.12323
59 1 -11.5241 -9.8096
55 1 -1.36556 -7.37963
58 1 -6.68886 -3.45488
57 1 -2.15595 1.97491
56 1 -2.15361 2.40763
52 1 6.77659 3.55426
9 1 7.53437 3.28861
69 1 11.3034 9.59727
