type_amount=2
type:tag=1
type:park=2
landmark_amount=39
28 1 -3.12777 0.312384
54 1 2.22983 -2.87585
38 1 2.337 -3.44877
17 1 -7.83299 4.03667
20 1 -12.8048 7.87006
18 1 -8.34561 3.96541
23 1 -21.7939 4.87276
21 1 -12.878 7.4409
24 1 -17.3559 11.0408
19 1 -16.0443 1.00016
25 1 -17.8092 10.9949
26 1 -23.3215 13.6913
22 1 -21.5735 5.2445
5 1 -29.2031 10.248
6 1 -26.4901 17.3851
8 1 -36.0605 14.8326
10 1 -31.8263 21.073
11 1 -32.3388 21.0437
13 1 -41.3816 18.3222
12 1 -37.2983 24.7577
4 1 -43.114 16.1436
16 1 -42.8889 2.0317
3 1 -37.9009 -1.20696
27 1 -29.4581 0.211839
1 1 -20.4929 -6.25363
2 1 -28.1006 -8.25169
30 1 -21.0243 -13.6139
32 1 -9.26855 -11.5344
34 1 -4.00534 -15.0912
29 1 -7.50686 -21.3546
35 1 -7.32055 -5.5263
51 1 -12.2609 -2.97893
39 1 -13.2774 -0.87461
57 1 -2.68121 0.290813
37 1 -1.93251 -9.16474
53 1 -0.577093 4.14676
65 1 3.09691 9.58817
7 1 8.5251 6.56825
33 1 15.0253 15.5499
