type_amount=2
type:tag=1
type:park=2
landmark_amount=53
20 1 0.658665 0.714393
39 1 1.21665 -8.39089
23 1 -8.17378 -1.77263
21 1 0.876909 1.3916
24 1 -4.03355 4.67878
19 1 -2.49854 -5.24394
25 1 -4.45006 4.56997
26 1 -10.0546 7.21548
22 1 -8.01427 -1.31536
5 1 -15.4296 3.08034
6 1 -13.9687 11.1712
8 1 -22.7203 7.96822
10 1 -18.4739 14.25
13 1 -28.0733 11.5168
12 1 -23.7181 17.8517
11 1 -18.8446 14.0819
4 1 -29.9476 9.44661
16 1 -29.5819 -4.33035
3 1 -24.3883 -8.01769
27 1 -16.4465 -5.9473
1 1 -8.41517 -12.8651
2 1 -16.1572 -14.405
30 1 -9.86919 -19.8009
32 1 1.77858 -18.783
29 1 2.59386 -28.69
34 1 6.64668 -22.693
38 1 15.9615 -10.9885
35 1 5.63138 -13.1879
28 1 10.8952 -6.7783
54 1 15.9873 -10.5212
17 1 5.81853 -3.7995
18 1 4.51632 -4.44022
51 1 1.96527 -9.40007
36 1 6.15049 -12.6303
57 1 11.2274 -6.79246
52 1 19.7977 -6.27787
65 1 18.9597 3.77591
7 1 24.2486 0.60175
33 1 32.347 11.1627
61 1 26.8429 3.35622
62 1 22.7774 7.50332
37 1 10.7102 -17.2223
59 1 1.4091 -19.8769
58 1 6.32228 -13.0727
55 1 11.6854 -17.0641
56 1 10.7226 -7.37736
9 1 20.7253 -6.41953
53 1 15.2487 -1.72683
68 1 26.4174 2.63957
60 1 29.7067 5.7087
67 1 32.4133 10.3752
66 1 27.1386 13.6498
69 1 24.2905 -0.0334747
